[Material]
Name = "Grass1"
BlendSource = GL_ZERO
BlendDest = GL_ZERO
Ambient  = 0.000000, 0.000000, 0.130000, 1.000000
Diffuse  = 0.160003, 0.509022, 0.163000, 1.000000
Specular = 0.030610, 0.650000, 0.000000, 1.000000
Emissive = 0.000000, 0.000000, 0.000000, 1.000000
Shininess = 0.400

[PerlinNoise]
Seed = 455
Width = 512
Height = 512
Clamp = true
iA = 9.0
iB = 45.0
d = 20.0
ModulateColor = 0.2078, 0.1647, 0.00392
AddColor = 0.23529, 0.39411, 0.23137
