[Material]
Name = "landmass1"
BlendSource = GL_ZERO
BlendDest = GL_ZERO
Ambient = 0.200000, 0.200000, 0.200000, 1.000000
Diffuse = 0.900000, 0.900000, 0.900000, 1.000000
Specular = 0.000000, 0.000000, 0.000000, 1.000000
Emissive = 0.000000, 0.000000, 0.000000, 1.000000
Shininess = 0.000000


[PerlinNoise]
Seed = 197
Width = 512
Height = 512
Clamp = true
iA = 1.000000
iB = 1.400000
d = 4.000000
ModulateColor = 0.512749, 0.464683, 0.384848
AddColor = 0.290181, 0.295720, 0.509789