[Material]
Name = "Plasma1"
BlendSource = GL_ZERO
BlendDest = GL_ZERO
Ambient = 0.377646, 0.283635, 0.076814, 1.000000
Diffuse = 0.754177, 0.650538, 0.566430, 1.000000
Specular = 0.717739, 0.717739, 0.717739, 0.999847
Emissive = 0.000000, 0.000000, 0.000000, 1.000000
Shininess = 36.000000

[PerlinNoise]
Seed = 206
Width = 512
Height = 512
Clamp = true
iA = 2.0
iB = 4.0
d = 30.0
ModulateColor = 156.61176, 130.5098, 89.34901
AddColor = 130.5098, 130.5098, 74.29019
