[Material]
Name = ""
BlendSource = GL_ZERO
BlendDest = GL_ZERO
Ambient = 0.300000, 0.300000, 0.300000, 1.000000
Diffuse = 0.400000, 0.400000, 0.400000, 1.000000
Specular = 0.200000, 0.200000, 0.200000, 0.999847
Emissive = 0.000000, 0.000000, 0.000000, 1.000000
Shininess = 0.800000


[PerlinNoise]
Seed = 677
Width = 512
Height = 512
Clamp = true
iA = 81.000000
iB = 649.000000
d = 0.750000
ModulateColor = 0.450416, 0.450416, 0.450416
AddColor = 0.249989, 0.249989, 0.249989