[Material]
Name = "Stone 1"
BlendSource = GL_ZERO
BlendDest = GL_ZERO
Ambient  = 0.312657, 0.312657, 0.312657, 1.000000
Diffuse  = 0.532265, 0.532265, 0.532265, 1.000000
Specular = 0.122896, 0.106859, 0.083116, 1.000000
Emissive = 0.000000, 0.000000, 0.000000, 1.000000
Shininess = 0.000000

[PerlinNoise]
Seed = 225
Width = 512
Height = 512
Clamp = true
iA = 34.0
iB = 60.0
d = 10.0
ModulateColor = 0.51176, 0.5098, 0.54901
AddColor = 0.5098, 0.5098, 0.59019
