[Material]
Name = "wood3"
BlendSource = GL_ZERO
BlendDest = GL_ZERO
Ambient = 0.377646, 0.283635, 0.076814, 1.000000
Diffuse = 0.364177, 0.350538, 0.286000, 1.000000
Specular = 0.200000, 0.200000, 0.200000, 0.999847
Emissive = 0.000000, 0.000000, 0.000000, 1.000000
Shininess = 0.350000


[PerlinNoise]
Seed = 705
Width = 512
Height = 512
Clamp = true
iA = 81.000000
iB = 498.000000
d = 0.750000
ModulateColor = 0.512749, 0.464683, 0.384848
AddColor = 0.501595, 0.501595, 0.501595