sample_files/i/ionex/irtg0110.21i
     1.0            IONOSPHERE MAPS     GPS                 IONEX VERSION / TYPE
tecrms2ionex_4.awk  UPC-IonSAT          01/22/21 1001UT     PGM / RUN BY / DATE
Global ionosphere maps for day  11, 2021 (11- 1-2021)       DESCRIPTION
Contact address: Manuel Hernandez-Pajares                   DESCRIPTION
                 IonSAT research group                      DESCRIPTION
                 Technical Univ. of Catalonia (UPC-IonSAT)  DESCRIPTION
                 Mod. C3 Campus Nord UPC                    DESCRIPTION
                 E08034-Barcelona, SPAIN                    DESCRIPTION
                 e-mail:  manuel@ma4.upc.edu                DESCRIPTION
                                                            DESCRIPTION
  2021     1    11     0     0     0                        EPOCH OF FIRST MAP
  2021     1    11    23    40     0                        EPOCH OF LAST MAP
  1200                                                      INTERVAL
    72                                                      # OF MAPS IN FILE
  COSZ                                                      MAPPING FUNCTION
     0.0                                                    ELEVATION CUTOFF
    99                                                      # OF STATIONS
    33                                                      # OF SATELLITES
  6371.0                                                    BASE RADIUS
     2                                                      MAP DIMENSION
   450.0 450.0   0.0                                        HGT1 / HGT2 / DHGT
    87.5 -87.5  -2.5                                        LAT1 / LAT2 / DLAT
  -180.0 180.0   5.0                                        LON1 / LON2 / DLON
    -1                                                      EXPONENT
TEC values in  0.1 TECUs; 9999 if no value available        COMMENT
Validation with JASON: <TEC_JASON - TEC_GPS>  [TECU]        DESCRIPTION
         (reference day of year: 011)                       DESCRIPTION
                                                            DESCRIPTION
           Bias   Sigma     RMS    VTEC   %ERR    #OBS      DESCRIPTION
          -2.44    2.81    3.72    8.60   43.3   49780      DESCRIPTION
                                                            DESCRIPTION
UT(hours)  Bias   Sigma     RMS    VTEC   %ERR    #OBS      DESCRIPTION
   0.00   -2.28    2.74    3.56   11.67   30.5    2598      DESCRIPTION
   2.00   -3.03    2.04    3.66    6.53   56.0    5004      DESCRIPTION
   4.00   -2.94    1.92    3.51    7.54   46.6    3752      DESCRIPTION
   6.00   -2.75    2.09    3.46   10.91   31.7    3006      DESCRIPTION
   8.00   -2.79    2.12    3.50    7.38   47.5    4811      DESCRIPTION
  10.00   -2.90    1.95    3.50    4.62   75.7    3823      DESCRIPTION
  12.00   -2.20    2.38    3.24    7.63   42.4    4395      DESCRIPTION
  14.00   -1.38    2.70    3.03   10.31   29.4    4590      DESCRIPTION
  16.00   -1.79    3.63    4.04    7.50   53.9    3296      DESCRIPTION
  18.00   -2.25    3.16    3.87    8.20   47.2    4923      DESCRIPTION
  20.00   -3.38    3.86    5.13    8.48   60.5    3958      DESCRIPTION
  22.00   -2.43    2.85    3.75   10.20   36.7    3718      DESCRIPTION
  24.00   -0.66    3.89    3.94   17.41   22.6    1906      DESCRIPTION
                                                            DESCRIPTION
Lat(deg)   Bias   Sigma     RMS    VTEC   %ERR    #OBS      DESCRIPTION
 -60.00   -1.65    2.32    2.85    6.95   41.0   13089      DESCRIPTION
 -40.00   -2.37    2.33    3.33    7.42   44.8    9966      DESCRIPTION
 -20.00   -3.07    2.77    4.14   11.89   34.8    6795      DESCRIPTION
   0.00   -3.82    3.04    4.88   12.58   38.8    6548      DESCRIPTION
  20.00   -2.60    3.71    4.53   10.88   41.6    6162      DESCRIPTION
  40.00   -2.72    2.14    3.46    4.94   70.1    4765      DESCRIPTION
  60.00   -0.59    2.64    2.71    3.79   71.5    2455      DESCRIPTION
                                                            END OF HEADER
[from data line 9009]
    22                                                      START OF TEC MAP
  2021     1    11     7     0     0                        EPOCH OF CURRENT MAP
    87.5-180.0 180.0   5.0 450.0                            LAT/LON1/LON2/DLON/H
   20   20   20   21   20   20   20   20   20   20   20   19   19   19   19   19
   19   18   18   18   18   18   18   18   18   18   18   18   18   18   18   18
   18   19   19   19   19   19   19   19   19   19   19   19   19   20   19   19
   19   20   20   20   20   20   20   20   20   20   20   20   20   21   21   21
   21   21   20   20   21   21   21   21   20
    85.0-180.0 180.0   5.0 450.0                            LAT/LON1/LON2/DLON/H
   22   22   21   21   21   21   20   20   20   20   19   19   18   18   18   17
   17   16   16   16   16   16   16   16   16   15   16   16   16   17   17   17
   17   18   18   18   18   18   18   18   19   19   19   19   19   19   19   19
   20   20   20   20   20   20   20   20   20   20   20   20   21   21   21   21
   20   21   21   21   21   21   21   22   22
    82.5-180.0 180.0   5.0 450.0                            LAT/LON1/LON2/DLON/H
   22   22   22   22   22   21   21   20   20   20   19   18   17   16   16   15
   15   14   13   13   13   13   13   13   13   13   13   14   14   15   15   16
   16   16   17   17   18   18   18   18   18   18   18   19   19   19   19   19
   19   20   20   20   20   20   20   20   20   20   20   20   20   20   20   20
   21   21   21   21   21   22   21   22   22
    80.0-180.0 180.0   5.0 450.0                            LAT/LON1/LON2/DLON/H
   21   21   22   22   21   21   21   21   20   19   19   18   16   16   14   13
   13   12   11   11   11   10   10   10   11   11   12   12   13   14   15   15
   15   16   16   16   17   17   17   17   17   17   18   18   18   19   19   19
   19   20   20   20   21   21   21   21   21   21   21   21   21   21   21   20
   20   20   20   20   20   21   21   21   21
    77.5-180.0 180.0   5.0 450.0                            LAT/LON1/LON2/DLON/H
   20   20   21   21   21   21   21   20   19   19   18   17   16   14   13   12
   11   10   10    9    9    9    9    9   10   10   11   12   13   13   14   15
   15   15   16   16   16   16   16   16   16   17   17   17   18   18   18   20
   20   21   22   22   23   23   23   24   24   23   23   22   22   21   21   21
   20   20   19   19   19   19   19   20   20
    75.0-180.0 180.0   5.0 450.0                            LAT/LON1/LON2/DLON/H
   18   18   19   19   20   19   19   19   18   18   17   16   15   14   13   12
   11   10   10   10    9    9    9   10   10   11   12   12   13   14   15   15
   15   15   15   15   15   15   15   14   15   15   15   16   17   18   19   20
   22   23   24   26   26   27   27   27   27   27   26   25   25   24   23   22
   21   20   19   18   18   18   17   18   18
    72.5-180.0 180.0   5.0 450.0                            LAT/LON1/LON2/DLON/H
   16   16   17   17   18   18   18   17   17   17   16   15   15   14   13   12
   11   11   11   11   11   11   11   12   12   13   13   13   14   15   15   15
   15   15   14   14   14   13   13   13   13   13   14   16   17   19   21   23
   25   27   28   30   31   32   32   32   32   31   30   29   28   27   26   24
   22   20   19   18   17   16   16   16   16
    70.0-180.0 180.0   5.0 450.0                            LAT/LON1/LON2/DLON/H
   14   14   14   15   16   16   16   16   16   16   15   14   14   14   13   13
   12   13   13   13   13   13   13   14   14   14   14   14   15   15   15   15
   14   14   13   13   12   12   11   11   12   13   14   16   18   21   23   26
   29   31   33   36   37   38   38   38   38   36   35   34   32   31   28   26
   24   22   20   18   16   15   14   14   14
    67.5-180.0 180.0   5.0 450.0                            LAT/LON1/LON2/DLON/H
   13   13   13   14   14   14   15   15   15   15   14   14   14   14   14   14
   14   14   14   15   15   15   15   16   15   15   15   15   15   15   15   14
   14   13   13   12   11   10   10   11   12   13   15   18   21   24   27   30
   34   37   39   42   43   44   44   44   43   42   40   39   36   34   32   29
   27   24   21   19   17   15   14   13   13
    65.0-180.0 180.0   5.0 450.0                            LAT/LON1/LON2/DLON/H
   12   12   13   13   13   14   14   14   14   14   14   14   14   14   14   15
   14   15   15   16   16   16   16   16   16   16   15   16   16   15   15   14
   13   13   12   12   11   10   11   11   13   15   17   21   24   28   31   35
   39   42   45   47   49   50   50   50   49   47   45   42   41   38   35   32
   30   26   23   20   18   15   14   13   12
    62.5-180.0 180.0   5.0 450.0                            LAT/LON1/LON2/DLON/H
   13   13   13   14   14   14   14   14   14   14   14   14   14   15   14   15
   15   15   16   16   16   16   16   16   16   16   15   15   15   15   15   14
   13   13   12   12   11   11   12   13   16   18   21   25   29   33   37   41
   45   48   51   53   55   56   56   55   54   52   50   47   45   42   39   36
   32   29   26   22   20   17   15   14   13
    60.0-180.0 180.0   5.0 450.0                            LAT/LON1/LON2/DLON/H
   16   15   16   16   15   15   15   15   15   15   14   15   15   15   15   15
   15   15   15   15   15   15   15   15   15   15   15   15   16   15   15   15
   14   14   13   13   14   14   15   17   19   23   27   31   35   39   43   47
   50   53   57   59   61   62   62   61   59   57   55   52   49   46   43   40
   36   32   29   25   22   19   17   16   16
    57.5-180.0 180.0   5.0 450.0                            LAT/LON1/LON2/DLON/H
   19   19   18   18   18   18   17   16   16   16   16   16   16   15   15   15
   15   15   14   14   14   14   14   14   15   15   16   17   17   17   17   17
   17   17   16   16   16   18   19   22   25   29   33   37   41   45   49   53
   56   59   62   64   66   67   68   67   65   63   60   57   54   51   48   44
   40   37   32   29   26   23   21   19   19
    55.0-180.0 180.0   5.0 450.0                            LAT/LON1/LON2/DLON/H
   23   23   23   22   22   21   20   19   18   18   17   17   17   17   16   16
   16   15   15   15   15   15   15   15   16   17   18   19   19   20   20   20
   20   20   20   20   21   22   24   27   31   35   39   44   48   52   56   59
   62   65   68   70   72   73   74   73   72   70   67   64   60   57   53   49
   45   41   37   33   29   27   25   23   23
    52.5-180.0 180.0   5.0 450.0                            LAT/LON1/LON2/DLON/H
   27   27   26   26   25   24   23   22   21   20   20   19   19   19   18   18
   17   17   17   17   17   17   18   18   20   20   21   23   23   24   24   24
   24   24   24   25   26   27   30   33   37   42   46   51   55   59   62   65
   68   71   73   75   77   79   79   79   78   76   73   70   66   63   59   55
   50   46   41   37   34   31   29   28   27
    50.0-180.0 180.0   5.0 450.0                            LAT/LON1/LON2/DLON/H
   32   31   30   30   29   28   27   26   25   24   23   22   22   22   21   21
   21   21   21   22   23   23   24   24   25   26   27   28   29   29   29   29
   29   28   29   29   30   33   36   40   43   49   53   58   62   66   69   72
   75   76   79   81   83   84   84   84   83   81   79   76   72   69   64   60
   55   51   46   42   39   36   34   33   32
    47.5-180.0 180.0   5.0 450.0                            LAT/LON1/LON2/DLON/H
   36   35   35   34   32   31   31   29   29   28   27   27   26   26   26   26
   26   27   27   29   30   31   31   32   32   33   34   35   35   34   34   33
   33   33   34   35   36   38   41   45   50   55   60   65   69   73   76   79
   81   83   84   85   86   88   88   88   87   85   82   80   76   72   69   64
   60   55   50   46   43   41   39   38   36
    45.0-180.0 180.0   5.0 450.0                            LAT/LON1/LON2/DLON/H
   40   38   37   36   35   35   34   34   33   33   32   32   31   32   32   33
   33   34   36   38   40   41   41   41   41   41   41   41   40   39   38   37
   38   37   38   39   41   43   46   51   56   61   67   72   76   80   83   85
   87   88   89   90   90   90   90   90   89   87   84   82   79   75   71   67
   62   58   54   50   47   45   43   42   40
    42.5-180.0 180.0   5.0 450.0                            LAT/LON1/LON2/DLON/H
   43   41   40   38   38   38   38   38   38   38   38   37   38   38   39   40
   42   43   46   48   49   51   51   50   49   47   46   46   44   43   42   41
   41   41   42   43   45   48   52   57   62   68   74   79   84   87   90   92
   94   94   94   94   93   93   92   90   89   87   85   82   79   76   72   68
   64   60   56   53   51   49   47   45   43
    40.0-180.0 180.0   5.0 450.0                            LAT/LON1/LON2/DLON/H
   45   43   42   41   40   40   41   42   43   43   44   44   45   45   47   49
   50   52   54   57   59   60   59   57   55   53   51   49   47   45   44   43
   43   43   44   46   49   52   57   63   68   74   80   85   90   94   96   98
   99  100   99   98   97   95   94   92   90   89   86   83   81   77   74   70
   66   62   58   56   54   52   50   48   45
    37.5-180.0 180.0   5.0 450.0                            LAT/LON1/LON2/DLON/H
   47   45   42   42   41   42   43   45   46   48   49   50   52   53   54   56
   58   60   63   65   67   67   65   62   59   56   53   50   48   46   44   44
   44   45   47   49   52   56   62   68   74   79   85   91   95  100  102  105
  106  105  104  103  101   99   98   96   94   92   90   87   84   80   77   73
   68   65   61   59   57   55   52   49   47
    35.0-180.0 180.0   5.0 450.0                            LAT/LON1/LON2/DLON/H
   48   46   44   43   42   43   44   47   49   52   54   56   57   59   61   63
   65   67   69   71   73   71   69   65   60   57   53   50   48   46   44   44
   44   45   48   50   54   60   66   72   78   84   90   95  100  105  108  110
  111  112  111  110  108  107  106  105  104  102   99   96   92   89   84   79
   75   70   67   64   61   57   54   51   48
    32.5-180.0 180.0   5.0 450.0                            LAT/LON1/LON2/DLON/H
   49   47   45   44   43   43   45   48   51   54   56   59   61   64   66   67
   69   71   73   75   76   74   70   65   59   56   52   49   47   45   44   44
   44   45   47   51   56   63   69   76   82   88   93   99  105  110  114  117
  119  120  120  120  120  120  120  120  120  118  116  112  108  102   96   91
   86   80   75   71   66   61   56   52   49
    30.0-180.0 180.0   5.0 450.0                            LAT/LON1/LON2/DLON/H
   51   49   47   45   44   44   46   48   52   54   58   60   63   65   68   69
   71   73   75   76   76   74   69   63   58   53   50   48   46   44   43   42
   43   44   46   51   57   64   72   78   85   91   97  103  109  115  121  125
  127  130  132  133  135  137  139  141  142  141  139  135  130  123  116  108
  102   95   89   82   74   67   60   55   51
    27.5-180.0 180.0   5.0 450.0                            LAT/LON1/LON2/DLON/H
   55   52   50   48   47   46   46   48   51   54   57   60   63   66   68   70
   71   73   74   76   75   72   67   61   55   51   48   46   44   42   42   41
   41   43   45   50   57   65   73   81   87   94  100  107  114  122  129  133
  138  142  147  150  154  158  162  166  169  169  168  163  157  149  140  131
  123  115  106   96   86   75   66   59   55
    25.0-180.0 180.0   5.0 450.0                            LAT/LON1/LON2/DLON/H
   60   57   55   53   51   49   48   48   50   52   55   58   61   63   66   68
   70   71   73   74   73   70   65   58   53   49   46   44   42   41   41   40
   40   41   44   50   57   66   75   83   90   97  103  112  120  130  138  144
  150  156  162  168  174  180  187  193  197  198  198  193  186  177  167  157
  147  138  127  114  100   86   74   66   60
    22.5-180.0 180.0   5.0 450.0                            LAT/LON1/LON2/DLON/H
   68   64   62   59   56   53   51   49   50   51   53   55   58   60   62   65
   67   68   70   72   71   68   62   57   52   47   45   42   41   40   39   38
   38   39   43   49   58   67   77   86   94  101  109  118  129  139  148  156
  163  171  178  186  193  201  210  217  222  225  224  221  214  204  193  183
  172  161  149  134  117  100   85   74   68
    20.0-180.0 180.0   5.0 450.0                            LAT/LON1/LON2/DLON/H
   78   73   70   66   63   59   55   53   51   50   52   53   55   57   59   61
   64   66   68   69   68   66   61   55   51   47   43   41   39   39   38   37
   36   37   42   50   59   70   80   90   98  107  116  127  138  149  160  168
  177  185  193  201  210  219  227  235  241  244  244  241  235  226  215  204
  194  183  170  154  134  115   98   86   78
    17.5-180.0 180.0   5.0 450.0                            LAT/LON1/LON2/DLON/H
   89   83   79   74   70   65   60   57   53   52   52   52   53   54   56   59
   61   64   65   66   66   64   59   55   51   46   43   40   38   38   36   34
   34   36   42   51   62   73   84   94  105  115  125  136  148  160  171  179
  188  196  205  213  221  230  239  246  251  254  255  253  247  240  230  220
  210  200  188  171  151  131  113   98   89
    15.0-180.0 180.0   5.0 450.0                            LAT/LON1/LON2/DLON/H
  101   93   87   82   77   72   66   61   58   55   54   53   53   54   55   58
   60   62   64   65   64   62   59   55   51   47   43   39   37   35   34   33
   32   35   42   53   65   77   89  101  112  123  135  146  158  169  180  189
  196  204  212  220  228  236  243  249  254  256  256  255  252  245  238  229
  221  212  201  186  167  146  127  112  101
    12.5-180.0 180.0   5.0 450.0                            LAT/LON1/LON2/DLON/H
  113  103   95   89   83   77   72   67   63   59   57   55   55   54   56   58
   60   61   63   64   63   61   58   55   51   47   43   39   36   34   33   31
   31   34   43   56   69   82   94  107  120  133  144  156  167  178  187  195
  202  209  216  223  230  237  243  248  250  251  251  251  249  245  239  233
  226  219  210  197  179  160  141  125  113
    10.0-180.0 180.0   5.0 450.0                            LAT/LON1/LON2/DLON/H
  123  112  102   94   87   81   75   71   67   64   61   59   57   57   58   60
   61   62   63   63   62   60   58   55   52   48   42   38   35   33   32   30
   29   34   45   59   73   87   99  113  127  140  152  163  173  183  191  198
  204  210  217  224  230  236  241  244  245  244  245  246  245  243  238  233
  228  223  215  204  188  171  153  136  123
     7.5-180.0 180.0   5.0 450.0                            LAT/LON1/LON2/DLON/H
  131  118  107   97   89   83   78   74   70   67   65   63   61   60   61   62
   63   64   63   62   61   59   56   55   52   47   42   38   35   33   31   29
   29   35   47   62   77   90  103  117  132  146  157  168  177  186  193  199
  205  210  217  223  229  236  240  242  242  241  241  242  244  242  239  234
  230  225  219  209  196  180  163  147  131
     5.0-180.0 180.0   5.0 450.0                            LAT/LON1/LON2/DLON/H
  139  124  111   99   91   84   79   75   72   70   68   66   64   63   63   64
   65   64   63   61   60   58   56   53   51   47   42   38   35   33   30   28
   29   36   48   64   80   93  106  119  134  148  159  169  178  186  193  199
  204  210  216  223  231  237  243  245  245  244  244  245  247  247  243  238
  233  228  222  213  201  187  171  154  139
     2.5-180.0 180.0   5.0 450.0                            LAT/LON1/LON2/DLON/H
  144  128  113  101   91   84   79   75   73   71   70   68   66   65   65   66
   66   65   63   61   58   56   54   52   49   47   43   39   36   33   31   29
   30   37   50   66   81   94  106  120  134  147  159  168  177  185  192  198
  203  210  217  225  234  243  250  253  254  254  255  257  258  257  253  247
  241  234  227  217  206  192  177  160  144
