sample_files/i/ionex/irtg0070.21i
     1.0            IONOSPHERE MAPS     GPS                 IONEX VERSION / TYPE
tecrms2ionex_4.awk  UPC-IonSAT          01/22/21 1001UT     PGM / RUN BY / DATE
Global ionosphere maps for day   7, 2021 ( 7- 1-2021)       DESCRIPTION
Contact address: Manuel Hernandez-Pajares                   DESCRIPTION
                 IonSAT research group                      DESCRIPTION
                 Technical Univ. of Catalonia (UPC-IonSAT)  DESCRIPTION
                 Mod. C3 Campus Nord UPC                    DESCRIPTION
                 E08034-Barcelona, SPAIN                    DESCRIPTION
                 e-mail:  manuel@ma4.upc.edu                DESCRIPTION
                                                            DESCRIPTION
  2021     1     7     0     0     0                        EPOCH OF FIRST MAP
  2021     1     7    23    40     0                        EPOCH OF LAST MAP
  1200                                                      INTERVAL
    72                                                      # OF MAPS IN FILE
  COSZ                                                      MAPPING FUNCTION
     0.0                                                    ELEVATION CUTOFF
    99                                                      # OF STATIONS
    33                                                      # OF SATELLITES
  6371.0                                                    BASE RADIUS
     2                                                      MAP DIMENSION
   450.0 450.0   0.0                                        HGT1 / HGT2 / DHGT
    87.5 -87.5  -2.5                                        LAT1 / LAT2 / DLAT
  -180.0 180.0   5.0                                        LON1 / LON2 / DLON
    -1                                                      EXPONENT
TEC values in  0.1 TECUs; 9999 if no value available        COMMENT
Validation with JASON: <TEC_JASON - TEC_GPS>  [TECU]        DESCRIPTION
         (reference day of year: 007)                       DESCRIPTION
                                                            DESCRIPTION
           Bias   Sigma     RMS    VTEC   %ERR    #OBS      DESCRIPTION
          -3.67    2.87    4.66    7.92   58.8   47431      DESCRIPTION
                                                            DESCRIPTION
UT(hours)  Bias   Sigma     RMS    VTEC   %ERR    #OBS      DESCRIPTION
   0.00   -2.86    1.67    3.31    5.21   63.6    1521      DESCRIPTION
   2.00   -4.16    3.29    5.31    7.36   72.1    5126      DESCRIPTION
   4.00   -3.60    2.53    4.40    8.91   49.4    4500      DESCRIPTION
   6.00   -2.86    3.58    4.59   12.52   36.6    3224      DESCRIPTION
   8.00   -4.14    2.42    4.79    8.81   54.4    3746      DESCRIPTION
  10.00   -3.76    2.08    4.30    4.22  102.0    3386      DESCRIPTION
  12.00   -4.81    2.32    5.34    5.81   91.9    4033      DESCRIPTION
  14.00   -3.88    2.27    4.50    8.26   54.4    4223      DESCRIPTION
  16.00   -3.19    2.29    3.93    6.27   62.6    3656      DESCRIPTION
  18.00   -3.23    2.43    4.04    7.66   52.8    3862      DESCRIPTION
  20.00   -4.40    2.89    5.26    7.85   67.1    4412      DESCRIPTION
  22.00   -3.04    3.54    4.67    9.52   49.1    3872      DESCRIPTION
  24.00   -1.90    4.02    4.45   10.67   41.7    1870      DESCRIPTION
                                                            DESCRIPTION
Lat(deg)   Bias   Sigma     RMS    VTEC   %ERR    #OBS      DESCRIPTION
 -60.00   -2.77    1.87    3.34    6.74   49.6   12612      DESCRIPTION
 -40.00   -4.22    2.36    4.83    6.66   72.6    9760      DESCRIPTION
 -20.00   -4.56    3.79    5.94   12.01   49.4    6887      DESCRIPTION
   0.00   -4.78    2.89    5.58   11.48   48.6    6062      DESCRIPTION
  20.00   -3.79    3.78    5.35    8.93   59.9    5636      DESCRIPTION
  40.00   -2.84    2.05    3.50    4.59   76.2    3915      DESCRIPTION
  60.00   -1.97    1.80    2.67    1.96  136.6    2559      DESCRIPTION
                                                            END OF HEADER
[from data line 26169]
    62                                                      START OF TEC MAP
  2021     1     7    20    20     0                        EPOCH OF CURRENT MAP
    87.5-180.0 180.0   5.0 450.0                            LAT/LON1/LON2/DLON/H
   24   25   25   25   25   25   25   25   26   25   25   25   25   25   25   25
   24   24   24   24   23   23   23   22   22   22   21   21   21   21   21   20
   20   20   19   19   19   19   19   19   19   19   19   19   19   19   19   20
   20   20   20   20   20   20   21   21   22   22   22   22   22   22   23   23
   23   23   24   24   24   24   24   24   24
    85.0-180.0 180.0   5.0 450.0                            LAT/LON1/LON2/DLON/H
   26   26   27   27   27   27   28   28   28   28   28   28   28   28   28   27
   27   27   26   26   25   24   24   23   22   21   21   20   20   19   19   18
   18   17   17   17   17   16   16   16   16   17   17   17   17   17   18   18
   18   18   19   19   20   20   20   20   21   21   22   22   22   23   23   23
   24   24   24   24   25   25   25   26   26
    82.5-180.0 180.0   5.0 450.0                            LAT/LON1/LON2/DLON/H
   26   27   27   28   28   29   29   30   30   30   31   31   31   31   30   30
   30   29   29   28   27   26   25   24   23   21   20   20   19   18   17   17
   16   16   16   15   15   15   15   15   15   15   16   16   16   16   17   17
   18   18   19   19   20   20   20   20   21   21   21   22   22   22   23   23
   23   24   24   24   25   25   25   26   26
    80.0-180.0 180.0   5.0 450.0                            LAT/LON1/LON2/DLON/H
   25   25   26   27   27   28   29   30   31   31   32   32   33   33   33   33
   32   32   31   30   29   27   26   24   23   22   20   19   18   17   16   16
   15   15   15   15   15   14   15   15   15   15   15   16   16   16   17   17
   18   18   18   19   20   20   20   21   21   21   21   22   22   22   23   22
   23   23   23   23   24   23   24   24   25
    77.5-180.0 180.0   5.0 450.0                            LAT/LON1/LON2/DLON/H
   23   23   24   25   26   27   28   30   31   32   33   34   35   35   36   36
   35   35   34   32   31   30   28   26   24   22   21   19   18   17   16   15
   15   15   15   15   15   15   15   15   15   15   16   16   17   17   17   18
   18   19   19   19   20   20   20   21   21   21   21   21   21   21   21   22
   22   21   21   22   21   22   22   22   23
    75.0-180.0 180.0   5.0 450.0                            LAT/LON1/LON2/DLON/H
   20   21   22   23   25   26   28   30   32   33   35   36   38   38   39   38
   39   38   37   36   34   32   30   28   25   23   21   19   18   17   16   16
   16   15   15   15   15   15   15   15   15   15   15   16   16   17   17   18
   18   19   19   19   19   20   20   20   20   20   20   20   20   20   20   20
   20   19   19   19   19   19   19   19   20
    72.5-180.0 180.0   5.0 450.0                            LAT/LON1/LON2/DLON/H
   18   19   20   22   24   26   28   31   33   35   37   39   41   42   42   43
   42   42   41   39   38   35   32   30   27   24   22   20   18   17   16   16
   15   15   15   15   15   15   15   15   14   14   14   15   16   16   16   17
   18   18   18   19   19   19   19   19   19   19   19   19   19   19   19   19
   18   18   17   17   17   17   17   18   18
    70.0-180.0 180.0   5.0 450.0                            LAT/LON1/LON2/DLON/H
   18   19   21   23   25   27   31   33   36   39   42   43   46   47   47   47
   47   46   45   44   41   39   36   33   29   26   23   21   19   17   16   16
   16   15   15   15   14   14   13   13   12   13   13   13   13   14   15   16
   16   17   17   17   17   17   18   17   17   18   18   18   18   18   17   17
   16   16   15   15   15   15   16   17   18
    67.5-180.0 180.0   5.0 450.0                            LAT/LON1/LON2/DLON/H
   18   21   22   25   28   31   34   37   41   44   47   50   52   53   53   54
   53   52   51   49   47   44   40   36   32   28   25   22   19   18   16   16
   15   15   15   14   13   13   12   11   11   11   11   11   12   12   13   14
   15   15   15   15   16   16   15   16   16   16   16   17   17   17   16   16
   15   15   14   14   14   15   16   17   18
    65.0-180.0 180.0   5.0 450.0                            LAT/LON1/LON2/DLON/H
   21   23   26   29   32   35   39   43   46   50   54   57   59   60   61   61
   60   59   58   55   53   49   46   41   36   31   27   24   20   19   17   16
   15   14   13   13   12   11   11   10   10   10   10   10   11   11   12   13
   14   14   14   14   14   15   15   15   15   16   16   16   16   16   16   15
   15   14   14   14   14   15   17   18   21
    62.5-180.0 180.0   5.0 450.0                            LAT/LON1/LON2/DLON/H
   24   27   30   33   37   40   44   48   53   57   61   64   67   69   69   69
   68   67   65   63   60   56   51   46   41   35   30   26   22   20   18   16
   16   14   13   12   12   11   11   11   11   11   11   11   11   11   12   13
   13   14   14   14   14   15   15   15   15   16   17   17   17   17   16   16
   16   15   15   15   15   17   19   21   24
    60.0-180.0 180.0   5.0 450.0                            LAT/LON1/LON2/DLON/H
   28   32   35   38   42   46   50   54   59   63   68   72   74   76   77   77
   75   74   72   69   66   62   57   52   46   40   34   29   25   22   20   18
   17   16   15   14   14   13   14   14   14   14   14   14   14   14   14   14
   15   15   15   15   16   16   16   17   18   18   18   19   19   19   18   18
   17   17   16   17   17   19   22   25   28
    57.5-180.0 180.0   5.0 450.0                            LAT/LON1/LON2/DLON/H
   33   37   40   44   48   52   56   60   64   69   74   77   81   83   84   84
   83   81   78   75   72   68   63   58   52   46   40   35   30   27   24   22
   20   19   18   18   17   18   19   19   20   20   20   19   19   19   18   18
   19   19   19   19   19   19   20   20   21   21   22   22   22   22   21   20
   19   19   19   19   20   22   25   29   33
    55.0-180.0 180.0   5.0 450.0                            LAT/LON1/LON2/DLON/H
   37   42   46   51   55   58   62   66   70   74   78   83   86   89   90   90
   89   87   84   81   77   73   69   64   58   52   46   41   36   33   30   27
   26   24   23   23   24   24   26   27   28   27   27   26   25   25   24   24
   24   25   24   24   24   25   25   25   26   26   26   26   26   26   25   24
   23   22   21   22   23   26   29   33   37
    52.5-180.0 180.0   5.0 450.0                            LAT/LON1/LON2/DLON/H
   42   48   53   58   62   66   70   73   76   79   83   87   90   93   95   96
   95   92   89   86   82   78   74   69   64   60   54   48   44   39   37   34
   32   31   30   30   31   32   34   35   36   36   36   34   33   32   31   31
   31   32   32   31   31   31   31   31   32   32   32   31   31   30   29   28
   27   26   25   25   26   29   33   37   42
    50.0-180.0 180.0   5.0 450.0                            LAT/LON1/LON2/DLON/H
   47   54   60   66   71   75   79   81   84   86   88   91   94   97   99  100
   99   97   93   90   86   83   80   76   72   67   62   56   51   47   44   41
   40   38   38   38   39   40   42   43   44   44   43   42   40   39   39   39
   39   39   40   39   38   38   38   38   38   38   38   37   36   35   33   32
   30   29   28   28   29   32   37   42   47
    47.5-180.0 180.0   5.0 450.0                            LAT/LON1/LON2/DLON/H
   53   59   66   74   80   85   89   92   93   93   95   96   98  101  103  104
  103  101   98   94   91   88   85   83   80   75   70   64   59   55   50   48
   46   45   45   46   46   48   49   50   51   51   50   48   47   46   46   46
   47   47   47   47   46   45   45   45   45   44   44   42   41   39   38   36
   34   32   31   30   32   36   40   46   53
    45.0-180.0 180.0   5.0 450.0                            LAT/LON1/LON2/DLON/H
   57   65   73   81   89   95  100  102  103  103  102  103  104  105  107  108
  108  106  103   99   96   94   92   90   87   83   77   72   66   60   56   53
   52   51   51   52   53   53   55   55   55   56   55   53   53   52   52   52
   54   54   54   54   52   51   51   51   51   50   49   47   46   43   41   39
   37   34   33   32   34   38   43   50   57
    42.5-180.0 180.0   5.0 450.0                            LAT/LON1/LON2/DLON/H
   61   69   78   87   96  103  109  112  113  112  111  110  110  111  112  113
  113  111  108  105  103  101   99   97   94   90   84   77   71   65   60   57
   56   55   56   56   57   58   58   58   58   59   58   58   57   56   56   57
   58   59   59   59   57   56   55   55   55   55   53   51   49   47   44   42
   39   36   34   34   36   40   46   53   61
    40.0-180.0 180.0   5.0 450.0                            LAT/LON1/LON2/DLON/H
   64   72   82   91  100  108  115  119  122  121  120  118  117  117  117  118
  118  117  114  112  110  107  106  104  101   96   89   82   75   68   63   60
   59   58   59   60   60   61   61   61   61   61   61   61   60   59   60   60
   62   62   62   61   60   59   59   58   58   57   56   54   52   49   47   44
   40   37   35   35   38   43   49   56   64
    37.5-180.0 180.0   5.0 450.0                            LAT/LON1/LON2/DLON/H
   66   74   83   92  101  110  117  123  127  128  128  126  124  123  122  123
  123  123  121  119  117  115  113  110  106  100   93   85   77   70   65   62
   61   61   62   63   63   63   63   63   63   63   64   63   63   62   62   62
   63   63   63   63   61   60   60   60   60   59   58   56   53   51   48   45
   41   38   35   35   39   45   52   59   66
    35.0-180.0 180.0   5.0 450.0                            LAT/LON1/LON2/DLON/H
   69   75   83   91   99  108  116  123  129  132  133  132  130  129  128  128
  128  128  128  126  124  122  118  115  110  103   95   87   80   73   68   65
   64   64   65   65   66   66   66   66   66   66   66   66   65   64   63   63
   63   63   62   62   61   61   60   60   60   59   58   57   54   51   48   45
   41   37   36   37   41   47   55   62   69
    32.5-180.0 180.0   5.0 450.0                            LAT/LON1/LON2/DLON/H
   71   77   83   90   97  104  113  122  129  134  137  137  135  134  133  133
  133  134  134  133  131  128  123  118  111  104   97   90   83   77   73   70
   69   69   69   69   69   69   70   69   69   69   69   69   67   66   64   63
   62   61   61   60   60   60   59   59   59   59   58   56   54   51   48   45
   41   38   37   38   43   50   58   65   71
    30.0-180.0 180.0   5.0 450.0                            LAT/LON1/LON2/DLON/H
   74   80   86   90   96  102  111  120  129  135  139  141  140  138  137  137
  138  139  140  139  137  132  127  120  113  106   99   93   88   84   80   78
   77   76   74   74   73   73   74   73   73   72   72   71   69   66   64   62
   61   59   58   58   58   58   58   57   57   57   56   55   53   50   48   45
   42   39   38   41   46   54   62   69   74
    27.5-180.0 180.0   5.0 450.0                            LAT/LON1/LON2/DLON/H
   80   86   90   95  100  105  113  122  131  138  143  145  145  143  142  142
  143  144  145  144  142  136  130  122  114  107  103   99   96   93   91   89
   87   84   82   79   78   78   77   77   76   74   73   71   68   66   63   60
   59   57   56   55   55   56   56   55   55   55   54   52   51   48   46   44
   41   40   40   44   51   59   67   74   80
    25.0-180.0 180.0   5.0 450.0                            LAT/LON1/LON2/DLON/H
   88   94  100  105  110  115  123  131  139  146  150  152  152  151  150  149
  149  150  151  150  146  141  134  125  117  111  108  107  107  106  104  102
   99   95   90   86   83   81   80   79   77   75   73   70   67   63   61   59
   57   55   54   53   53   53   53   53   52   51   51   50   48   46   45   43
   42   41   42   48   56   65   73   80   88
    22.5-180.0 180.0   5.0 450.0                            LAT/LON1/LON2/DLON/H
   96  105  113  121  127  133  141  149  155  160  162  163  164  163  161  159
  158  159  158  156  152  146  139  130  123  118  117  118  120  120  119  116
  112  106   99   91   87   84   82   80   77   74   70   67   64   60   58   56
   55   53   52   51   51   51   50   50   49   48   48   47   45   44   42   42
   41   42   46   52   61   72   80   89   96
    20.0-180.0 180.0   5.0 450.0                            LAT/LON1/LON2/DLON/H
  107  118  130  140  149  158  166  174  178  180  181  181  180  179  177  173
  172  170  168  165  161  154  147  139  132  129  129  131  134  135  133  130
  124  116  106   97   90   86   83   80   75   71   67   64   60   57   54   53
   52   51   49   48   48   48   48   47   46   46   45   44   42   41   40   39
   40   42   48   56   67   78   87   97  107
    17.5-180.0 180.0   5.0 450.0                            LAT/LON1/LON2/DLON/H
  118  132  147  161  174  186  196  203  206  206  204  203  202  201  197  193
  189  186  182  177  172  165  159  152  146  143  144  147  149  149  146  141
  134  124  112  102   93   88   84   79   74   68   64   59   56   53   51   50
   50   49   48   46   46   45   45   44   44   43   43   41   40   38   37   37
   39   42   50   60   72   84   95  106  118
    15.0-180.0 180.0   5.0 450.0                            LAT/LON1/LON2/DLON/H
  128  144  162  180  197  212  225  232  234  232  229  228  227  225  221  215
  210  205  199  193  186  180  174  167  162  160  160  163  164  162  157  150
  141  131  118  106   97   90   86   79   73   66   61   57   53   50   48   48
   48   47   46   45   43   43   42   42   42   42   41   39   37   36   35   35
   37   42   51   63   77   89  102  113  128
    12.5-180.0 180.0   5.0 450.0                            LAT/LON1/LON2/DLON/H
  137  156  175  195  215  233  248  256  258  256  253  253  253  251  246  240
  233  226  218  210  203  196  191  186  181  178  178  179  177  173  165  157
  147  136  123  112  102   95   89   81   74   66   60   56   51   48   47   46
   46   46   45   43   41   41   41   41   41   41   40   38   36   34   33   33
   35   42   52   65   80   94  107  121  137
    10.0-180.0 180.0   5.0 450.0                            LAT/LON1/LON2/DLON/H
  144  163  184  204  226  245  261  271  274  273  272  273  276  275  271  263
  255  247  238  229  220  214  209  205  201  197  195  193  189  182  172  161
  151  140  128  118  109  102   95   87   78   70   63   58   53   49   47   46
   46   46   44   42   41   40   40   41   41   41   40   38   35   33   32   32
   35   41   53   68   84   98  113  128  144
     7.5-180.0 180.0   5.0 450.0                            LAT/LON1/LON2/DLON/H
  151  169  188  208  229  248  264  274  278  280  283  288  293  294  290  283
  275  266  256  246  238  232  227  223  219  214  211  207  200  190  178  166
  155  145  134  125  117  111  103   94   84   75   68   62   57   53   50   48
   47   47   46   43   41   41   41   42   43   42   40   38   36   34   32   32
   34   42   54   69   86  102  117  133  151
     5.0-180.0 180.0   5.0 450.0                            LAT/LON1/LON2/DLON/H
  156  173  190  207  226  243  258  268  274  278  285  293  302  306  303  297
  290  281  272  262  253  247  242  239  234  229  224  218  210  198  185  171
  160  150  141  133  127  121  114  103   92   83   75   69   64   59   55   53
   51   50   48   46   44   43   44   45   45   44   41   39   37   35   33   32
   35   43   56   71   88  105  121  138  156
     2.5-180.0 180.0   5.0 450.0                            LAT/LON1/LON2/DLON/H
  160  176  191  205  220  235  246  255  262  268  279  291  303  310  310  305
  299  291  283  274  265  259  254  250  246  241  235  229  219  207  192  179
  167  157  149  142  137  131  123  113  102   91   83   77   72   66   62   59
   57   55   52   50   48   47   47   47   47   46   43   40   38   36   35   34
   37   45   57   73   90  107  125  143  160
