sample_files/i/ionex/irtg0110.21i
     1.0            IONOSPHERE MAPS     GPS                 IONEX VERSION / TYPE
tecrms2ionex_4.awk  UPC-IonSAT          01/22/21 1001UT     PGM / RUN BY / DATE
Global ionosphere maps for day  11, 2021 (11- 1-2021)       DESCRIPTION
Contact address: Manuel Hernandez-Pajares                   DESCRIPTION
                 IonSAT research group                      DESCRIPTION
                 Technical Univ. of Catalonia (UPC-IonSAT)  DESCRIPTION
                 Mod. C3 Campus Nord UPC                    DESCRIPTION
                 E08034-Barcelona, SPAIN                    DESCRIPTION
                 e-mail:  manuel@ma4.upc.edu                DESCRIPTION
                                                            DESCRIPTION
  2021     1    11     0     0     0                        EPOCH OF FIRST MAP
  2021     1    11    23    40     0                        EPOCH OF LAST MAP
  1200                                                      INTERVAL
    72                                                      # OF MAPS IN FILE
  COSZ                                                      MAPPING FUNCTION
     0.0                                                    ELEVATION CUTOFF
    99                                                      # OF STATIONS
    33                                                      # OF SATELLITES
  6371.0                                                    BASE RADIUS
     2                                                      MAP DIMENSION
   450.0 450.0   0.0                                        HGT1 / HGT2 / DHGT
    87.5 -87.5  -2.5                                        LAT1 / LAT2 / DLAT
  -180.0 180.0   5.0                                        LON1 / LON2 / DLON
    -1                                                      EXPONENT
TEC values in  0.1 TECUs; 9999 if no value available        COMMENT
Validation with JASON: <TEC_JASON - TEC_GPS>  [TECU]        DESCRIPTION
         (reference day of year: 011)                       DESCRIPTION
                                                            DESCRIPTION
           Bias   Sigma     RMS    VTEC   %ERR    #OBS      DESCRIPTION
          -2.44    2.81    3.72    8.60   43.3   49780      DESCRIPTION
                                                            DESCRIPTION
UT(hours)  Bias   Sigma     RMS    VTEC   %ERR    #OBS      DESCRIPTION
   0.00   -2.28    2.74    3.56   11.67   30.5    2598      DESCRIPTION
   2.00   -3.03    2.04    3.66    6.53   56.0    5004      DESCRIPTION
   4.00   -2.94    1.92    3.51    7.54   46.6    3752      DESCRIPTION
   6.00   -2.75    2.09    3.46   10.91   31.7    3006      DESCRIPTION
   8.00   -2.79    2.12    3.50    7.38   47.5    4811      DESCRIPTION
  10.00   -2.90    1.95    3.50    4.62   75.7    3823      DESCRIPTION
  12.00   -2.20    2.38    3.24    7.63   42.4    4395      DESCRIPTION
  14.00   -1.38    2.70    3.03   10.31   29.4    4590      DESCRIPTION
  16.00   -1.79    3.63    4.04    7.50   53.9    3296      DESCRIPTION
  18.00   -2.25    3.16    3.87    8.20   47.2    4923      DESCRIPTION
  20.00   -3.38    3.86    5.13    8.48   60.5    3958      DESCRIPTION
  22.00   -2.43    2.85    3.75   10.20   36.7    3718      DESCRIPTION
  24.00   -0.66    3.89    3.94   17.41   22.6    1906      DESCRIPTION
                                                            DESCRIPTION
Lat(deg)   Bias   Sigma     RMS    VTEC   %ERR    #OBS      DESCRIPTION
 -60.00   -1.65    2.32    2.85    6.95   41.0   13089      DESCRIPTION
 -40.00   -2.37    2.33    3.33    7.42   44.8    9966      DESCRIPTION
 -20.00   -3.07    2.77    4.14   11.89   34.8    6795      DESCRIPTION
   0.00   -3.82    3.04    4.88   12.58   38.8    6548      DESCRIPTION
  20.00   -2.60    3.71    4.53   10.88   41.6    6162      DESCRIPTION
  40.00   -2.72    2.14    3.46    4.94   70.1    4765      DESCRIPTION
  60.00   -0.59    2.64    2.71    3.79   71.5    2455      DESCRIPTION
                                                            END OF HEADER
[from data line 9438]
    23                                                      START OF TEC MAP
  2021     1    11     7    20     0                        EPOCH OF CURRENT MAP
    87.5-180.0 180.0   5.0 450.0                            LAT/LON1/LON2/DLON/H
   21   21   21   21   21   21   21   20   20   20   20   20   20   19   19   19
   19   19   19   19   19   19   19   19   19   19   19   19   19   19   19   19
   19   20   20   20   20   20   20   20   20   21   21   20   20   21   21   21
   21   21   21   21   21   21   21   22   22   22   22   22   22   22   22   21
   21   21   21   21   22   22   21   21   21
    85.0-180.0 180.0   5.0 450.0                            LAT/LON1/LON2/DLON/H
   22   22   22   22   22   21   21   21   20   20   19   19   18   18   18   17
   17   17   17   16   16   16   16   16   17   17   17   17   17   18   18   18
   18   18   19   19   19   19   19   19   20   20   20   20   20   21   21   21
   21   21   21   22   22   22   22   22   22   22   22   22   22   22   22   22
   22   22   22   23   23   22   22   22   22
    82.5-180.0 180.0   5.0 450.0                            LAT/LON1/LON2/DLON/H
   22   22   22   22   21   21   21   20   20   19   19   18   17   16   16   16
   15   15   14   14   14   14   14   14   14   15   15   16   16   16   17   17
   17   18   18   18   19   19   19   19   20   20   20   20   20   20   20   21
   21   21   21   21   21   22   22   22   22   22   22   22   22   22   23   22
   22   22   22   22   22   22   22   22   22
    80.0-180.0 180.0   5.0 450.0                            LAT/LON1/LON2/DLON/H
   22   22   22   22   22   21   21   20   19   19   18   17   16   15   14   13
   13   12   12   12   12   12   12   12   13   13   14   15   15   16   17   17
   17   18   18   18   18   18   18   19   19   19   19   19   19   20   20   21
   21   21   22   22   22   23   23   23   23   23   23   23   23   22   22   22
   22   22   22   22   22   22   22   22   22
    77.5-180.0 180.0   5.0 450.0                            LAT/LON1/LON2/DLON/H
   21   21   21   21   21   21   20   20   19   18   17   16   15   14   13   12
   12   11   11   11   11   11   12   12   13   13   14   15   15   16   17   17
   17   17   17   17   18   17   17   17   17   18   18   18   19   20   20   21
   22   23   23   24   24   25   25   25   25   25   24   24   23   23   23   22
   21   21   21   21   20   21   21   21   21
    75.0-180.0 180.0   5.0 450.0                            LAT/LON1/LON2/DLON/H
   19   19   20   20   20   20   19   19   19   18   17   16   15   14   13   12
   12   11   11   11   11   12   12   13   14   14   15   15   16   16   16   17
   17   17   16   16   16   16   16   16   16   16   17   18   19   20   21   23
   24   25   26   27   27   28   28   28   27   27   26   26   25   24   24   23
   22   21   20   20   19   19   19   19   19
    72.5-180.0 180.0   5.0 450.0                            LAT/LON1/LON2/DLON/H
   17   17   18   18   18   19   19   19   18   18   17   16   15   14   13   13
   12   12   12   12   13   13   14   14   15   15   16   16   16   16   16   16
   16   16   16   15   15   14   14   14   14   15   16   17   19   21   23   25
   26   28   30   31   32   32   32   32   31   31   30   29   28   26   25   24
   22   21   20   19   18   17   17   17   17
    70.0-180.0 180.0   5.0 450.0                            LAT/LON1/LON2/DLON/H
   15   15   16   16   17   17   17   17   17   17   17   16   15   15   14   14
   13   14   14   14   14   15   16   16   16   16   17   16   16   16   16   16
   15   15   14   13   13   13   13   13   13   15   16   18   20   23   25   28
   30   33   34   36   37   37   37   37   36   35   34   32   31   29   27   25
   23   22   20   18   17   16   15   15   15
    67.5-180.0 180.0   5.0 450.0                            LAT/LON1/LON2/DLON/H
   14   14   14   15   16   16   17   17   17   17   17   16   16   16   15   15
   15   15   15   16   16   16   16   17   17   17   17   17   16   16   15   15
   14   14   13   12   12   11   12   13   13   15   17   20   23   26   29   32
   35   38   40   41   42   43   43   42   41   40   38   36   34   32   30   27
   25   23   21   18   17   16   15   14   14
    65.0-180.0 180.0   5.0 450.0                            LAT/LON1/LON2/DLON/H
   14   14   14   14   15   15   16   16   17   17   17   17   16   16   16   16
   16   16   16   17   17   17   17   17   17   17   16   16   15   15   15   14
   13   13   12   12   11   12   12   14   15   17   20   23   27   30   34   37
   40   43   45   47   48   48   48   47   46   44   42   40   37   35   33   30
   27   25   22   20   18   16   15   14   14
    62.5-180.0 180.0   5.0 450.0                            LAT/LON1/LON2/DLON/H
   14   14   15   15   15   16   16   16   17   17   17   17   17   17   17   16
   16   16   16   16   17   17   17   17   17   16   16   16   15   15   14   13
   13   13   12   12   12   13   14   16   18   21   24   28   31   35   39   42
   46   48   51   53   54   54   54   53   52   49   47   45   42   39   36   33
   30   27   24   21   19   17   16   15   14
    60.0-180.0 180.0   5.0 450.0                            LAT/LON1/LON2/DLON/H
   17   16   17   17   17   17   16   17   17   17   17   17   17   17   17   16
   16   16   16   16   16   16   16   16   16   16   16   16   15   15   15   14
   14   14   14   14   15   16   17   20   22   26   29   33   37   41   44   48
   51   54   56   58   59   60   60   59   57   55   52   49   46   43   40   36
   33   29   26   24   21   20   18   17   17
    57.5-180.0 180.0   5.0 450.0                            LAT/LON1/LON2/DLON/H
   20   20   20   19   19   18   18   18   18   18   18   18   18   18   17   17
   16   16   16   16   16   16   16   16   16   16   17   17   16   17   16   16
   16   16   16   17   18   20   22   24   28   32   36   40   43   47   50   53
   56   59   61   63   65   66   66   65   63   61   58   55   52   48   44   41
   37   33   30   27   25   23   21   21   20
    55.0-180.0 180.0   5.0 450.0                            LAT/LON1/LON2/DLON/H
   24   23   23   23   22   21   21   20   20   20   20   20   19   19   19   18
   17   17   17   17   17   17   17   17   18   18   19   19   20   19   19   19
   19   20   20   21   23   25   27   30   35   38   43   47   50   54   57   59
   62   64   67   69   71   72   72   71   70   67   64   61   58   53   49   45
   41   37   34   31   28   26   25   24   24
    52.5-180.0 180.0   5.0 450.0                            LAT/LON1/LON2/DLON/H
   28   28   27   27   26   25   24   23   22   22   22   22   21   21   21   20
   20   19   19   20   20   20   20   21   21   22   23   24   24   24   24   24
   23   23   25   26   28   30   33   37   41   46   50   54   57   60   63   66
   68   70   72   75   76   78   78   77   75   73   71   67   64   60   55   50
   46   42   38   35   32   31   30   29   28
    50.0-180.0 180.0   5.0 450.0                            LAT/LON1/LON2/DLON/H
   33   32   31   31   30   29   27   27   26   25   25   24   24   24   24   24
   24   24   24   25   25   26   26   26   27   28   29   30   29   29   29   28
   28   28   29   31   33   36   40   44   48   53   57   61   64   68   70   72
   74   76   78   80   82   83   83   82   80   78   76   73   69   65   60   56
   51   46   42   39   37   35   34   33   33
    47.5-180.0 180.0   5.0 450.0                            LAT/LON1/LON2/DLON/H
   37   37   36   35   34   34   32   31   30   29   29   28   29   28   28   29
   29   30   31   32   33   34   34   33   34   35   35   36   35   34   34   33
   32   33   34   36   39   42   46   50   55   60   65   69   72   75   77   78
   80   82   83   85   86   87   86   85   84   82   80   77   74   69   65   60
   55   50   47   43   41   39   38   38   37
    45.0-180.0 180.0   5.0 450.0                            LAT/LON1/LON2/DLON/H
   40   40   39   39   38   38   37   36   35   35   34   34   33   34   34   35
   36   37   39   41   42   43   43   42   41   42   42   41   41   40   38   37
   36   37   38   40   44   48   52   57   62   67   72   76   79   82   84   85
   86   87   89   89   89   90   89   87   86   85   82   80   76   73   69   64
   59   54   50   47   45   43   42   41   40
    42.5-180.0 180.0   5.0 450.0                            LAT/LON1/LON2/DLON/H
   44   43   42   42   42   42   41   41   41   40   40   40   40   40   41   42
   44   45   48   50   52   52   51   50   49   48   47   46   46   44   41   40
   39   40   42   45   49   53   58   63   68   73   79   83   86   89   91   91
   92   93   94   93   93   92   91   89   87   86   84   81   79   75   71   67
   62   57   53   50   48   47   46   45   44
    40.0-180.0 180.0   5.0 450.0                            LAT/LON1/LON2/DLON/H
   47   46   45   45   45   45   45   46   46   46   46   46   46   47   48   50
   51   53   56   59   61   61   60   57   55   53   52   50   48   46   44   43
   42   43   45   48   53   58   63   69   74   80   85   90   93   95   97   98
   98   98   98   98   96   95   93   91   90   88   86   83   80   77   74   69
   64   60   56   53   51   50   49   48   47
    37.5-180.0 180.0   5.0 450.0                            LAT/LON1/LON2/DLON/H
   49   47   47   46   47   47   48   49   50   51   51   51   52   54   55   57
   58   61   63   67   68   67   65   62   59   56   54   52   50   48   46   44
   43   44   48   52   57   63   69   74   79   85   90   95   99  102  103  105
  105  105  104  102  101   99   97   95   94   92   90   87   84   81   77   73
   68   63   59   56   54   53   52   50   49
    35.0-180.0 180.0   5.0 450.0                            LAT/LON1/LON2/DLON/H
   50   49   48   47   48   49   50   52   53   54   55   56   57   59   61   63
   64   66   69   72   73   72   69   65   61   57   54   53   50   48   46   45
   44   46   49   55   61   67   73   79   84   89   95  100  104  107  109  111
  112  112  112  111  109  108  106  105  103  101   98   95   91   88   84   79
   74   68   63   60   58   56   54   52   50
    32.5-180.0 180.0   5.0 450.0                            LAT/LON1/LON2/DLON/H
   52   50   49   48   49   50   51   53   55   56   58   59   61   63   65   67
   68   70   73   75   76   75   70   65   60   56   54   52   49   48   46   44
   45   46   51   57   64   71   77   82   88   93   99  104  109  113  116  119
  121  122  122  122  121  120  120  119  118  116  113  108  104   99   94   89
   83   77   71   66   63   60   58   55   52
    30.0-180.0 180.0   5.0 450.0                            LAT/LON1/LON2/DLON/H
   54   51   50   50   49   50   51   52   54   56   58   60   62   65   67   68
   70   72   74   76   77   74   70   64   59   55   52   50   48   47   45   44
   45   47   52   59   66   74   79   85   91   96  103  109  115  120  124  128
  131  134  135  136  137  137  138  139  138  136  132  127  121  115  109  103
   96   89   82   76   70   66   62   57   54
    27.5-180.0 180.0   5.0 450.0                            LAT/LON1/LON2/DLON/H
   57   55   53   52   51   50   50   51   53   55   57   59   62   64   66   68
   69   72   74   75   75   73   68   62   56   52   49   47   46   45   44   43
   44   46   52   60   68   75   82   88   93  100  107  114  121  127  133  138
  143  148  151  153  155  158  161  162  163  161  156  150  143  136  129  122
  114  105   96   88   80   74   67   62   57
    25.0-180.0 180.0   5.0 450.0                            LAT/LON1/LON2/DLON/H
   62   59   57   55   54   52   51   51   51   53   55   57   59   62   64   67
   68   70   72   73   73   70   65   59   54   49   47   44   43   43   41   41
   42   45   52   61   69   77   84   90   96  103  111  119  128  136  143  151
  157  163  168  172  175  179  184  187  188  187  182  175  167  159  151  143
  135  125  114  103   93   83   75   67   62
    22.5-180.0 180.0   5.0 450.0                            LAT/LON1/LON2/DLON/H
   68   64   62   60   58   55   52   51   50   51   52   54   56   59   61   63
   65   67   69   70   70   67   63   57   52   47   44   42   41   40   39   39
   40   44   52   61   71   79   86   93  100  108  117  127  136  146  155  164
  172  179  185  190  194  200  205  210  212  211  207  199  191  182  174  165
  156  146  133  120  108   95   84   75   68
    20.0-180.0 180.0   5.0 450.0                            LAT/LON1/LON2/DLON/H
   77   72   69   66   63   59   55   52   51   50   51   51   53   56   58   60
   62   64   67   67   67   64   60   55   50   45   42   39   38   37   37   36
   38   43   51   62   73   82   89   96  105  114  124  135  146  157  167  177
  186  194  200  205  210  216  222  227  230  229  226  220  211  203  194  186
  177  166  153  138  123  108   95   85   77
    17.5-180.0 180.0   5.0 450.0                            LAT/LON1/LON2/DLON/H
   86   80   77   73   68   64   59   55   53   52   51   51   52   53   55   57
   59   61   64   64   64   61   58   53   49   44   40   37   36   35   34   34
   36   42   52   63   75   85   93  102  111  122  133  145  156  167  178  189
  198  206  211  217  222  227  234  238  241  241  239  233  227  218  210  202
  194  184  171  156  139  122  107   95   86
    15.0-180.0 180.0   5.0 450.0                            LAT/LON1/LON2/DLON/H
   97   89   85   80   74   69   63   59   56   54   52   51   52   52   53   55
   57   60   62   62   61   59   56   52   48   43   39   36   34   32   32   32
   34   41   52   66   78   88   98  108  119  131  143  154  165  177  188  198
  207  214  219  224  229  234  239  243  246  246  245  241  236  229  222  215
  208  198  186  171  153  135  119  106   97
    12.5-180.0 180.0   5.0 450.0                            LAT/LON1/LON2/DLON/H
  106   98   92   85   79   73   68   63   60   58   56   54   53   52   52   54
   56   59   60   60   59   57   55   52   48   43   38   35   32   31   30   30
   33   41   54   68   81   93  104  115  127  140  152  163  174  185  195  204
  212  219  224  228  232  236  241  244  246  247  246  244  240  235  229  224
  217  209  198  184  166  148  132  117  106
    10.0-180.0 180.0   5.0 450.0                            LAT/LON1/LON2/DLON/H
  116  106   98   90   83   77   72   68   64   61   59   57   55   54   54   54
   56   58   59   59   58   56   54   51   47   43   39   35   32   30   29   30
   34   42   55   70   84   97  109  121  135  148  160  170  180  190  199  208
  215  221  226  230  234  237  241  244  245  245  245  245  243  239  235  229
  223  216  207  193  176  159  143  128  116
     7.5-180.0 180.0   5.0 450.0                            LAT/LON1/LON2/DLON/H
  125  113  103   94   86   79   75   70   67   65   62   60   58   56   55   56
   57   59   59   58   56   55   53   51   47   43   39   35   32   30   29   29
   34   44   57   73   87  101  113  127  141  154  165  175  184  193  201  209
  216  221  226  231  235  239  243  245  246  246  246  247  246  244  239  234
  229  223  213  201  185  169  152  137  125
     5.0-180.0 180.0   5.0 450.0                            LAT/LON1/LON2/DLON/H
  132  119  107   96   87   81   76   73   70   67   65   63   61   59   58   57
   59   59   59   58   55   54   52   50   47   43   39   36   33   31   29   30
   35   46   60   75   90  103  116  130  144  157  168  177  185  193  201  208
  215  221  227  233  239  244  248  250  251  250  251  252  252  251  246  240
  234  228  219  207  193  177  161  146  132
     2.5-180.0 180.0   5.0 450.0                            LAT/LON1/LON2/DLON/H
  138  124  111   98   89   82   78   74   71   68   66   65   63   61   60   59
   60   60   59   57   55   52   51   49   46   43   40   36   34   32   30   31
   37   48   62   77   91  104  117  131  145  158  168  177  185  193  200  208
  215  222  229  237  245  251  257  260  261  261  261  262  263  261  256  249
  241  234  225  213  199  183  168  153  138
