sample_files/i/ionex/irtg0120.21i
     1.0            IONOSPHERE MAPS     GPS                 IONEX VERSION / TYPE
tecrms2ionex_4.awk  UPC-IonSAT          01/22/21 1001UT     PGM / RUN BY / DATE
Global ionosphere maps for day  12, 2021 (12- 1-2021)       DESCRIPTION
Contact address: Manuel Hernandez-Pajares                   DESCRIPTION
                 IonSAT research group                      DESCRIPTION
                 Technical Univ. of Catalonia (UPC-IonSAT)  DESCRIPTION
                 Mod. C3 Campus Nord UPC                    DESCRIPTION
                 E08034-Barcelona, SPAIN                    DESCRIPTION
                 e-mail:  manuel@ma4.upc.edu                DESCRIPTION
                                                            DESCRIPTION
  2021     1    12     0     0     0                        EPOCH OF FIRST MAP
  2021     1    12    23    40     0                        EPOCH OF LAST MAP
  1200                                                      INTERVAL
    72                                                      # OF MAPS IN FILE
  COSZ                                                      MAPPING FUNCTION
     0.0                                                    ELEVATION CUTOFF
    99                                                      # OF STATIONS
    33                                                      # OF SATELLITES
  6371.0                                                    BASE RADIUS
     2                                                      MAP DIMENSION
   450.0 450.0   0.0                                        HGT1 / HGT2 / DHGT
    87.5 -87.5  -2.5                                        LAT1 / LAT2 / DLAT
  -180.0 180.0   5.0                                        LON1 / LON2 / DLON
    -1                                                      EXPONENT
TEC values in  0.1 TECUs; 9999 if no value available        COMMENT
Validation with JASON: <TEC_JASON - TEC_GPS>  [TECU]        DESCRIPTION
         (reference day of year: 012)                       DESCRIPTION
                                                            DESCRIPTION
           Bias   Sigma     RMS    VTEC   %ERR    #OBS      DESCRIPTION
          -3.19    2.65    4.15    7.44   55.8   48331      DESCRIPTION
                                                            DESCRIPTION
UT(hours)  Bias   Sigma     RMS    VTEC   %ERR    #OBS      DESCRIPTION
   0.00   -3.95    1.81    4.35    3.36  129.5    2346      DESCRIPTION
   2.00   -1.75    3.51    3.92    9.74   40.2    4606      DESCRIPTION
   4.00   -3.60    2.33    4.29    9.21   46.5    4297      DESCRIPTION
   6.00   -2.89    2.42    3.77    9.94   37.9    3500      DESCRIPTION
   8.00   -2.75    2.07    3.44    7.60   45.3    4244      DESCRIPTION
  10.00   -2.56    1.73    3.09    5.43   57.0    3642      DESCRIPTION
  12.00   -2.90    2.41    3.78    6.88   54.9    4212      DESCRIPTION
  14.00   -3.22    1.96    3.76    7.17   52.5    4141      DESCRIPTION
  16.00   -4.17    2.43    4.82    5.26   91.7    3351      DESCRIPTION
  18.00   -4.06    3.26    5.21    6.05   86.0    4211      DESCRIPTION
  20.00   -4.56    2.96    5.43    6.75   80.5    3829      DESCRIPTION
  22.00   -2.88    2.39    3.74    8.46   44.2    3935      DESCRIPTION
  24.00   -2.52    2.47    3.53    9.82   36.0    2017      DESCRIPTION
                                                            DESCRIPTION
Lat(deg)   Bias   Sigma     RMS    VTEC   %ERR    #OBS      DESCRIPTION
 -60.00   -2.57    2.09    3.31    5.46   60.7   13033      DESCRIPTION
 -40.00   -3.29    2.13    3.92    6.44   61.0    9770      DESCRIPTION
 -20.00   -4.05    2.84    4.95   10.22   48.4    7290      DESCRIPTION
   0.00   -4.21    2.56    4.93   11.37   43.3    6608      DESCRIPTION
  20.00   -3.15    3.71    4.87    9.59   50.8    5356      DESCRIPTION
  40.00   -2.54    2.80    3.78    4.77   79.2    4242      DESCRIPTION
  60.00   -1.80    1.77    2.53    2.23  113.5    2032      DESCRIPTION
                                                            END OF HEADER
[from data line 1716]
     5                                                      START OF TEC MAP
  2021     1    12     1    20     0                        EPOCH OF CURRENT MAP
    87.5-180.0 180.0   5.0 450.0                            LAT/LON1/LON2/DLON/H
   20   20   21   21   21   21   21   21   21   21   20   20   20   20   20   20
   20   20   20   19   19   19   18   18   18   17   17   17   16   16   16   15
   15   15   14   14   14   14   14   14   14   14   14   14   14   14   14   14
   14   14   14   14   15   15   15   15   15   15   16   16   17   17   17   18
   18   18   19   19   19   19   19   20   20
    85.0-180.0 180.0   5.0 450.0                            LAT/LON1/LON2/DLON/H
   22   23   23   24   24   24   24   24   24   24   24   24   24   24   23   23
   22   22   22   21   21   20   20   19   18   18   17   17   16   15   15   14
   14   14   13   13   13   13   12   12   12   12   12   12   12   12   12   12
   12   12   12   13   13   13   14   14   15   15   16   16   17   17   18   18
   19   20   20   21   21   22   22   22   22
    82.5-180.0 180.0   5.0 450.0                            LAT/LON1/LON2/DLON/H
   25   25   25   26   26   26   26   26   26   26   26   26   26   26   26   25
   25   24   24   24   23   22   21   20   19   19   18   17   16   15   15   14
   13   13   13   12   13   12   12   12   12   11   12   11   11   11   11   11
   11   12   12   12   12   12   13   14   14   15   15   16   17   18   19   20
   21   22   22   23   24   24   24   25   25
    80.0-180.0 180.0   5.0 450.0                            LAT/LON1/LON2/DLON/H
   27   27   27   27   28   27   27   27   28   28   27   27   27   27   27   27
   27   26   26   25   25   23   22   21   20   19   18   18   17   16   15   15
   14   14   14   13   13   13   13   12   13   13   13   13   13   12   12   12
   13   13   12   12   12   13   13   14   15   15   16   17   18   19   20   22
   23   23   24   25   26   26   27   27   27
    77.5-180.0 180.0   5.0 450.0                            LAT/LON1/LON2/DLON/H
   29   29   29   29   28   29   28   28   28   28   28   27   27   27   27   27
   27   27   26   26   25   25   24   22   21   20   19   18   17   17   16   16
   15   15   15   15   15   15   15   14   15   15   15   15   15   14   14   14
   14   14   14   14   14   13   14   14   15   16   17   18   20   21   22   24
   25   26   27   28   28   29   29   29   29
    75.0-180.0 180.0   5.0 450.0                            LAT/LON1/LON2/DLON/H
   33   32   31   31   30   30   29   29   28   28   28   27   27   27   27   27
   27   27   27   26   26   25   24   23   22   21   20   19   18   18   17   17
   17   17   17   17   17   17   17   16   16   16   17   16   16   16   16   16
   16   15   15   15   15   14   15   15   16   17   18   20   21   23   25   26
   27   29   30   31   32   32   33   33   33
    72.5-180.0 180.0   5.0 450.0                            LAT/LON1/LON2/DLON/H
   36   36   35   34   33   32   31   31   30   29   28   27   26   26   26   26
   26   26   26   26   26   25   25   23   22   21   20   19   19   18   18   18
   18   18   18   18   18   17   17   17   17   17   18   17   18   18   18   17
   17   17   16   16   15   15   16   16   17   18   20   21   23   25   27   30
   31   33   34   35   36   37   37   37   36
    70.0-180.0 180.0   5.0 450.0                            LAT/LON1/LON2/DLON/H
   41   41   40   39   37   36   35   33   32   30   28   27   26   25   24   24
   24   25   25   25   25   25   24   23   22   21   20   20   19   18   19   18
   19   18   18   18   18   17   17   17   17   17   17   17   17   18   18   18
   17   17   17   16   16   16   16   17   18   19   21   24   26   28   30   33
   35   37   38   40   41   42   42   42   41
    67.5-180.0 180.0   5.0 450.0                            LAT/LON1/LON2/DLON/H
   47   46   45   44   42   41   39   37   36   33   30   28   26   24   23   23
   23   23   24   24   25   24   24   22   21   20   19   19   18   19   19   18
   18   18   17   17   17   16   15   15   15   15   15   16   16   16   16   17
   16   16   16   15   16   15   16   17   19   21   23   26   28   31   33   36
   38   41   43   44   46   47   47   47   47
    65.0-180.0 180.0   5.0 450.0                            LAT/LON1/LON2/DLON/H
   53   52   51   50   48   46   44   42   40   36   33   30   27   24   22   21
   21   22   22   23   23   23   22   21   20   19   19   19   18   18   18   18
   18   17   17   16   15   14   14   13   13   14   13   14   14   15   15   15
   15   15   15   14   14   15   16   17   19   22   25   28   30   34   37   39
   42   45   47   49   51   52   53   53   53
    62.5-180.0 180.0   5.0 450.0                            LAT/LON1/LON2/DLON/H
   59   58   57   55   53   52   49   47   44   40   36   33   28   25   22   21
   21   21   21   22   22   22   21   20   19   18   18   18   18   18   18   18
   17   16   16   15   15   14   14   13   13   13   13   13   13   13   13   13
   13   13   13   13   13   14   15   17   20   23   27   30   34   37   40   43
   46   48   51   54   56   57   58   59   59
    60.0-180.0 180.0   5.0 450.0                            LAT/LON1/LON2/DLON/H
   64   63   62   60   58   56   54   51   48   44   40   35   31   26   24   22
   20   20   21   21   21   21   20   19   19   18   18   19   19   19   19   18
   18   17   17   17   16   16   16   15   15   14   14   14   14   13   13   13
   13   13   13   13   13   14   15   18   21   25   30   34   37   41   44   47
   50   53   56   58   60   62   64   64   64
    57.5-180.0 180.0   5.0 450.0                            LAT/LON1/LON2/DLON/H
   69   69   67   65   63   60   58   55   52   48   43   39   34   29   26   23
   22   21   21   21   21   20   20   19   19   19   20   21   21   21   21   21
   21   21   20   20   21   21   20   20   19   19   18   17   16   15   15   14
   14   13   13   13   13   15   16   20   24   28   33   38   42   46   49   52
   55   58   61   63   66   68   69   70   69
    55.0-180.0 180.0   5.0 450.0                            LAT/LON1/LON2/DLON/H
   75   75   73   71   68   65   62   59   56   52   48   43   38   34   29   27
   24   23   23   22   22   22   21   21   21   22   23   24   25   25   25   26
   25   25   26   27   27   28   28   27   26   25   23   22   20   19   18   18
   17   16   15   15   15   16   19   23   27   32   38   43   47   51   55   58
   61   64   67   69   71   73   74   75   75
    52.5-180.0 180.0   5.0 450.0                            LAT/LON1/LON2/DLON/H
   81   81   80   77   74   71   68   64   60   57   53   48   44   39   35   31
   29   28   26   25   25   24   24   24   25   27   28   30   31   31   31   31
   31   32   33   34   35   36   36   35   34   32   30   29   26   25   23   22
   21   20   19   18   18   20   23   27   32   37   44   49   53   58   61   65
   68   71   74   76   77   79   80   81   81
    50.0-180.0 180.0   5.0 450.0                            LAT/LON1/LON2/DLON/H
   88   88   87   85   82   79   74   70   66   62   58   55   50   46   41   38
   35   32   31   30   29   29   29   30   31   33   35   37   38   38   38   38
   38   39   40   42   43   44   44   43   41   40   37   35   33   31   30   28
   27   26   24   23   23   25   28   32   38   44   50   55   60   65   69   73
   76   79   82   83   84   86   87   88   88
    47.5-180.0 180.0   5.0 450.0                            LAT/LON1/LON2/DLON/H
   94   94   94   92   89   86   82   77   74   69   65   61   57   53   48   44
   41   39   37   36   35   35   35   37   38   40   42   43   44   44   44   44
   45   46   47   48   50   50   50   49   48   46   44   41   39   37   36   34
   33   32   30   29   29   31   34   40   45   51   57   63   68   72   77   81
   84   87   89   90   91   92   92   93   94
    45.0-180.0 180.0   5.0 450.0                            LAT/LON1/LON2/DLON/H
   99   99   99   98   96   93   89   85   81   77   73   70   65   61   56   52
   48   46   44   44   43   43   44   45   47   49   49   50   50   50   49   50
   50   51   52   53   54   54   54   52   51   50   48   47   45   43   42   40
   39   38   36   35   35   37   41   47   53   59   65   70   75   80   84   89
   93   95   97   97   97   97   98   99   99
    42.5-180.0 180.0   5.0 450.0                            LAT/LON1/LON2/DLON/H
  103  103  103  102  100   98   95   92   88   83   80   77   73   69   64   60
   56   54   52   52   52   52   52   53   54   56   56   56   55   54   53   53
   53   54   55   56   55   56   55   54   53   52   51   50   49   48   46   45
   44   43   41   40   41   44   48   55   61   67   72   77   81   86   91   96
   99  102  103  103  103  103  102  103  103
    40.0-180.0 180.0   5.0 450.0                            LAT/LON1/LON2/DLON/H
  106  105  104  104  102  101   99   96   92   90   87   84   80   76   71   67
   63   61   60   60   60   60   60   61   61   61   61   59   57   56   55   55
   55   56   56   56   55   55   54   54   54   54   54   53   52   51   50   49
   48   46   45   44   46   49   55   62   69   74   79   83   87   92   97  102
  106  109  109  109  108  107  106  106  106
    37.5-180.0 180.0   5.0 450.0                            LAT/LON1/LON2/DLON/H
  109  107  105  103  102  101  100   98   96   94   92   89   87   82   77   73
   69   68   67   68   68   67   67   67   67   65   64   61   59   57   56   56
   55   56   55   55   54   54   54   54   55   56   56   55   55   54   52   51
   50   48   47   47   49   54   61   68   75   80   85   88   93   97  103  108
  112  114  115  114  113  112  111  110  109
    35.0-180.0 180.0   5.0 450.0                            LAT/LON1/LON2/DLON/H
  114  111  107  104  102  100   99   99   98   97   96   94   92   87   82   78
   75   74   74   74   73   73   72   70   69   67   65   62   60   57   56   56
   56   55   54   54   53   53   53   55   55   56   57   57   56   55   53   52
   50   49   48   48   51   58   65   74   80   85   90   94   98  103  109  114
  118  121  121  120  119  119  118  117  114
    32.5-180.0 180.0   5.0 450.0                            LAT/LON1/LON2/DLON/H
  124  119  113  109  105  102  101  100  100  100   99   98   96   92   87   83
   80   79   79   79   78   76   74   72   70   68   66   63   61   58   58   57
   57   56   55   54   53   53   54   55   57   58   59   58   57   55   53   51
   50   48   47   48   53   60   69   78   85   89   94   99  104  110  117  122
  126  129  129  129  128  129  128  127  124
    30.0-180.0 180.0   5.0 450.0                            LAT/LON1/LON2/DLON/H
  140  135  128  121  115  110  107  105  105  105  104  103  101   97   92   88
   85   83   82   81   79   77   74   72   70   68   66   64   62   61   60   60
   59   58   57   56   55   55   55   57   58   60   60   59   56   54   51   49
   47   46   45   48   53   62   72   81   88   93   99  104  111  118  126  132
  137  140  141  141  142  143  144  143  140
    27.5-180.0 180.0   5.0 450.0                            LAT/LON1/LON2/DLON/H
  164  159  152  143  134  127  121  117  115  113  112  110  107  102   97   93
   89   87   85   83   80   77   74   72   70   69   68   67   66   65   65   65
   63   62   60   58   57   57   57   58   59   60   59   57   54   51   49   46
   44   43   43   46   53   63   74   84   91   97  104  111  120  129  137  145
  150  154  156  156  159  161  164  165  164
    25.0-180.0 180.0   5.0 450.0                            LAT/LON1/LON2/DLON/H
  194  191  185  175  164  153  144  136  131  127  124  120  115  109  104   99
   94   90   87   83   80   77   74   72   71   71   71   71   71   71   71   70
   69   67   64   62   60   58   58   58   58   58   56   54   51   48   45   43
   41   40   41   45   53   64   76   86   94  102  110  119  130  140  151  160
  166  170  173  175  179  183  188  193  194
    22.5-180.0 180.0   5.0 450.0                            LAT/LON1/LON2/DLON/H
  226  227  222  213  201  187  174  164  154  147  140  133  126  118  112  105
  100   94   89   85   81   78   76   76   76   76   76   78   78   79   78   77
   75   72   68   65   62   59   58   56   55   54   52   50   47   44   41   38
   37   36   38   44   53   66   78   89   98  107  117  129  141  154  165  176
  183  188  191  195  199  206  214  221  226
    20.0-180.0 180.0   5.0 450.0                            LAT/LON1/LON2/DLON/H
  256  262  261  254  241  225  209  195  182  171  160  149  139  129  121  113
  106  100   94   89   85   83   82   82   82   83   84   85   86   86   86   84
   81   77   72   68   63   59   56   53   51   49   46   44   41   39   36   34
   33   33   36   43   54   67   81   92  103  113  125  139  153  167  180  191
  200  206  210  214  220  228  238  248  256
    17.5-180.0 180.0   5.0 450.0                            LAT/LON1/LON2/DLON/H
  281  290  293  289  277  261  243  227  211  196  181  167  153  141  131  122
  114  107   99   94   92   90   91   91   92   93   93   93   94   94   93   90
   86   80   75   69   64   59   54   50   46   43   41   38   36   34   32   30
   30   30   34   42   54   69   83   96  108  120  134  149  164  179  193  204
  214  220  226  230  237  245  256  269  281
    15.0-180.0 180.0   5.0 450.0                            LAT/LON1/LON2/DLON/H
  296  308  315  314  304  289  272  254  237  219  201  184  167  154  143  133
  123  115  108  103  101  102  103  103  104  103  102  101  101  100   98   95
   89   83   76   70   64   58   52   47   43   39   37   34   32   31   29   28
   27   28   33   42   56   71   86   99  112  127  141  158  174  189  202  214
  224  231  237  242  249  257  268  282  296
    12.5-180.0 180.0   5.0 450.0                            LAT/LON1/LON2/DLON/H
  301  314  324  325  318  305  290  274  257  238  218  198  181  166  154  144
  135  126  119  115  114  114  116  117  115  113  111  109  107  105  102   98
   92   84   77   70   64   58   52   46   41   37   34   32   31   29   28   26
   25   27   32   43   56   73   88  103  117  132  148  165  180  195  208  220
  230  237  243  249  256  263  274  286  301
    10.0-180.0 180.0   5.0 450.0                            LAT/LON1/LON2/DLON/H
  297  310  320  322  318  309  297  283  268  251  231  211  192  178  166  156
  147  139  132  129  128  129  130  129  127  122  118  114  111  108  105   99
   92   85   77   71   65   59   53   47   42   38   35   32   30   29   28   26
   25   27   33   44   58   74   90  105  120  136  153  169  184  198  211  222
  232  239  245  251  258  265  273  284  297
     7.5-180.0 180.0   5.0 450.0                            LAT/LON1/LON2/DLON/H
  289  299  307  310  307  301  294  284  273  258  239  220  203  189  178  169
  160  152  147  143  142  143  142  140  135  130  124  118  114  110  106  101
   93   85   78   72   68   62   56   50   45   40   37   35   32   31   29   27
   26   28   34   45   60   76   92  107  122  138  154  170  185  198  211  222
  231  238  245  251  258  264  271  279  289
     5.0-180.0 180.0   5.0 450.0                            LAT/LON1/LON2/DLON/H
  281  288  293  295  292  289  285  280  272  260  244  228  212  200  190  182
  174  166  161  157  155  154  151  147  141  134  128  121  116  111  107  101
   93   86   79   75   70   65   60   54   49   45   41   38   35   33   31   29
   28   29   36   47   61   77   92  107  122  138  154  170  183  197  209  219
  228  236  243  251  258  264  269  274  281
     2.5-180.0 180.0   5.0 450.0                            LAT/LON1/LON2/DLON/H
  279  282  284  283  280  278  277  276  271  262  248  234  221  210  202  194
  186  179  173  169  166  162  157  150  143  136  130  123  118  113  108  101
   94   86   81   76   73   69   64   58   53   49   46   42   39   36   33   31
   30   32   38   49   63   78   92  106  121  137  152  167  181  194  206  217
  226  233  242  251  260  266  271  275  279
