sample_files/i/ionex/irtg0020.21i
     1.0            IONOSPHERE MAPS     GPS                 IONEX VERSION / TYPE
tecrms2ionex_4.awk  UPC-IonSAT          06/17/21  206UT     PGM / RUN BY / DATE
Global ionosphere maps for day   2, 2021 ( 2- 1-2021)       DESCRIPTION
Contact address: Manuel Hernandez-Pajares                   DESCRIPTION
                 IonSAT research group                      DESCRIPTION
                 Technical Univ. of Catalonia (UPC-IonSAT)  DESCRIPTION
                 Mod. C3 Campus Nord UPC                    DESCRIPTION
                 E08034-Barcelona, SPAIN                    DESCRIPTION
                 e-mail:  manuel@ma4.upc.edu                DESCRIPTION
                                                            DESCRIPTION
  2021     1     2     1    15     0                        EPOCH OF FIRST MAP
  2021     1     2    23    35     0                        EPOCH OF LAST MAP
  1200                                                      INTERVAL
    68                                                      # OF MAPS IN FILE
  COSZ                                                      MAPPING FUNCTION
     0.0                                                    ELEVATION CUTOFF
    99                                                      # OF STATIONS
    33                                                      # OF SATELLITES
  6371.0                                                    BASE RADIUS
     2                                                      MAP DIMENSION
   450.0 450.0   0.0                                        HGT1 / HGT2 / DHGT
    87.5 -87.5  -2.5                                        LAT1 / LAT2 / DLAT
  -180.0 180.0   5.0                                        LON1 / LON2 / DLON
    -1                                                      EXPONENT
TEC values in  0.1 TECUs; 9999 if no value available        COMMENT
Validation with JASON: <TEC_JASON - TEC_GPS>  [TECU]        DESCRIPTION
         (reference day of year: 002)                       DESCRIPTION
                                                            DESCRIPTION
           Bias   Sigma     RMS    VTEC   %ERR    #OBS      DESCRIPTION
          -3.07    2.93    4.24    9.47   44.8   45369      DESCRIPTION
                                                            DESCRIPTION
UT(hours)  Bias   Sigma     RMS    VTEC   %ERR    #OBS      DESCRIPTION
   2.00   -2.82    3.07    4.17    9.30   44.8    4307      DESCRIPTION
   4.00   -2.99    2.49    3.89    9.45   41.2    4602      DESCRIPTION
   6.00   -3.28    3.44    4.75   11.64   40.8    4080      DESCRIPTION
   8.00   -1.98    3.86    4.33   13.85   31.3    3412      DESCRIPTION
  10.00   -3.38    3.27    4.70    9.11   51.6    4161      DESCRIPTION
  12.00   -3.13    2.45    3.97    6.16   64.5    3539      DESCRIPTION
  14.00   -3.06    1.94    3.62    9.13   39.7    4256      DESCRIPTION
  16.00   -3.67    2.73    4.58    8.29   55.2    4060      DESCRIPTION
  18.00   -2.50    3.70    4.46    8.61   51.8    3326      DESCRIPTION
  20.00   -3.11    2.52    4.00    9.94   40.3    4070      DESCRIPTION
  22.00   -3.72    2.44    4.45   10.14   43.9    3862      DESCRIPTION
  24.00   -2.84    1.81    3.37    6.44   52.2    1694      DESCRIPTION
                                                            DESCRIPTION
Lat(deg)   Bias   Sigma     RMS    VTEC   %ERR    #OBS      DESCRIPTION
 -60.00   -1.75    2.63    3.16    9.14   34.6   11405      DESCRIPTION
 -40.00   -2.23    2.72    3.52    9.42   37.3    8887      DESCRIPTION
 -20.00   -3.79    3.04    4.86   13.62   35.7    6951      DESCRIPTION
   0.00   -4.98    2.80    5.71   12.62   45.2    6388      DESCRIPTION
  20.00   -4.08    2.69    4.89    9.41   51.9    5314      DESCRIPTION
  40.00   -3.54    2.25    4.20    3.56  117.9    4266      DESCRIPTION
  60.00   -2.08    2.05    2.92    0.59  497.6    2158      DESCRIPTION
                                                            END OF HEADER
[from data line 12012]
    29                                                      START OF TEC MAP
  2021     1     2    10    35     0                        EPOCH OF CURRENT MAP
    87.5-180.0 180.0   5.0 450.0                            LAT/LON1/LON2/DLON/H
   24   24   24   24   24   24   24   24   24   24   24   24   24   24   24   24
   24   24   24   24   24   24   24   24   24   25   24   24   24   24   24   24
   24   25   25   25   25   24   24   25   25   25   25   25   25   25   25   25
   25   25   25   25   25   24   24   24   24   24   25   24   24   24   24   24
   25   25   25   25   24   24   25   25   24
    85.0-180.0 180.0   5.0 450.0                            LAT/LON1/LON2/DLON/H
   23   22   23   23   23   23   23   23   23   23   22   22   22   22   21   21
   21   21   21   21   22   22   22   22   21   22   22   22   22   23   23   23
   23   23   24   24   23   23   23   23   23   23   23   23   23   23   23   23
   23   22   22   23   23   23   23   22   22   22   23   23   23   23   23   23
   23   23   22   23   23   23   23   23   23
    82.5-180.0 180.0   5.0 450.0                            LAT/LON1/LON2/DLON/H
   20   20   20   20   20   20   20   20   20   20   19   19   18   18   18   18
   18   18   18   17   18   18   18   18   19   19   19   20   20   20   20   21
   21   21   21   22   22   22   22   21   21   22   21   21   21   20   20   20
   20   20   20   20   20   20   20   20   20   20   20   20   20   20   20   20
   21   20   21   20   20   20   20   20   20
    80.0-180.0 180.0   5.0 450.0                            LAT/LON1/LON2/DLON/H
   18   18   18   18   18   17   17   17   17   16   16   16   15   15   15   14
   14   14   14   15   15   15   15   16   16   16   16   17   18   18   18   19
   19   19   20   20   20   20   21   20   20   20   20   20   19   19   19   19
   19   19   18   18   18   18   18   18   18   18   18   18   18   18   18   18
   18   18   18   18   18   18   18   17   18
    77.5-180.0 180.0   5.0 450.0                            LAT/LON1/LON2/DLON/H
   15   15   16   16   16   16   16   15   15   14   14   14   13   12   12   12
   12   12   12   12   13   13   13   13   14   14   15   15   15   16   17   17
   18   18   19   19   20   20   20   20   20   19   19   19   18   18   18   18
   18   18   17   17   17   17   17   17   17   17   17   17   17   17   16   16
   16   16   16   15   15   16   15   15   15
    75.0-180.0 180.0   5.0 450.0                            LAT/LON1/LON2/DLON/H
   14   14   14   14   14   14   15   14   14   13   13   12   12   11   11   11
   11   11   11   12   12   12   13   13   13   13   13   14   14   15   16   16
   17   18   19   19   21   21   21   21   21   21   20   20   20   20   19   19
   19   18   18   18   18   18   18   18   18   17   17   17   16   16   16   16
   16   15   15   14   14   14   14   14   14
    72.5-180.0 180.0   5.0 450.0                            LAT/LON1/LON2/DLON/H
   13   13   14   13   14   14   13   13   13   13   12   11   11   11   11   11
   11   12   12   12   13   13   13   13   13   13   13   14   14   14   15   16
   17   18   20   21   22   23   24   25   25   25   25   25   24   23   23   22
   22   22   21   21   20   20   20   19   19   18   18   18   17   17   17   16
   15   15   14   14   13   13   13   13   13
    70.0-180.0 180.0   5.0 450.0                            LAT/LON1/LON2/DLON/H
   14   14   13   14   14   14   14   14   13   13   12   12   12   12   12   12
   12   13   13   13   14   14   14   14   14   13   14   13   14   14   15   16
   17   19   21   23   25   27   29   30   31   31   31   31   30   29   29   28
   27   27   26   25   24   23   22   21   20   20   19   19   18   18   17   17
   16   15   15   14   14   14   14   14   14
    67.5-180.0 180.0   5.0 450.0                            LAT/LON1/LON2/DLON/H
   14   14   14   15   14   15   15   14   14   14   13   13   12   12   13   13
   14   15   15   16   16   16   16   15   15   15   14   14   14   14   15   17
   19   21   24   27   30   33   35   37   38   39   39   38   37   37   36   35
   34   32   31   30   28   27   24   23   21   20   20   19   18   18   17   17
   16   16   15   15   14   14   14   14   14
    65.0-180.0 180.0   5.0 450.0                            LAT/LON1/LON2/DLON/H
   15   15   15   15   15   15   15   15   15   14   14   13   13   13   14   15
   15   16   17   17   17   17   16   16   15   15   14   13   14   14   16   18
   21   25   28   32   36   39   42   44   46   47   48   48   47   46   45   43
   41   39   37   35   32   29   27   24   22   20   19   18   18   18   17   17
   16   16   15   15   15   15   15   15   15
    62.5-180.0 180.0   5.0 450.0                            LAT/LON1/LON2/DLON/H
   17   16   16   16   16   16   15   15   16   15   15   14   14   14   14   15
   16   16   17   17   17   17   16   15   15   14   14   14   14   16   18   21
   25   29   33   38   43   46   50   53   56   57   58   58   57   55   54   51
   49   46   43   40   36   33   29   26   23   20   19   18   17   17   16   16
   16   16   16   16   17   16   17   17   17
    60.0-180.0 180.0   5.0 450.0                            LAT/LON1/LON2/DLON/H
   19   18   17   17   17   16   17   16   16   15   15   15   15   15   15   15
   16   17   17   17   16   16   15   15   15   14   14   15   17   19   22   26
   30   35   40   45   50   54   58   62   65   67   68   68   67   65   62   60
   56   53   49   45   41   36   31   27   24   20   18   17   16   16   16   16
   16   16   17   17   18   19   19   19   19
    57.5-180.0 180.0   5.0 450.0                            LAT/LON1/LON2/DLON/H
   21   20   20   19   18   18   18   18   17   17   17   16   15   15   15   16
   17   16   16   16   16   15   15   15   14   15   16   17   20   23   28   32
   37   42   48   52   57   62   66   70   73   76   78   77   76   74   71   68
   64   59   55   50   45   40   35   30   26   22   19   18   17   16   17   17
   17   17   18   19   20   21   22   22   21
    55.0-180.0 180.0   5.0 450.0                            LAT/LON1/LON2/DLON/H
   25   24   22   22   21   21   21   21   20   19   18   18   17   17   17   17
   18   18   17   17   17   17   16   16   17   18   19   21   25   29   34   40
   45   51   56   60   65   68   73   77   80   84   85   86   85   83   80   76
   71   66   61   57   51   45   40   34   30   25   22   20   19   18   18   19
   19   20   21   22   23   24   25   25   25
    52.5-180.0 180.0   5.0 450.0                            LAT/LON1/LON2/DLON/H
   29   28   27   26   26   26   25   25   24   24   23   21   21   21   20   20
   20   20   20   20   20   20   20   20   20   22   24   27   31   37   42   48
   55   59   64   68   72   75   79   83   86   90   92   93   93   91   87   83
   78   73   68   63   57   51   46   40   35   30   27   25   23   23   23   23
   23   24   25   26   28   29   29   29   29
    50.0-180.0 180.0   5.0 450.0                            LAT/LON1/LON2/DLON/H
   34   33   32   32   31   31   31   30   30   28   28   27   26   26   25   25
   25   25   25   25   25   25   25   25   26   28   30   34   39   45   51   58
   63   68   73   75   79   82   85   88   92   95   98   99   98   96   93   89
   84   80   74   69   64   58   53   48   42   37   33   31   29   29   29   28
   29   29   30   31   33   34   35   34   34
    47.5-180.0 180.0   5.0 450.0                            LAT/LON1/LON2/DLON/H
   39   38   38   38   38   38   38   37   37   35   35   35   34   33   32   31
   31   32   32   32   32   32   32   32   33   35   38   42   48   53   60   66
   72   76   80   83   85   87   90   93   96   99  101  103  103  101   98   94
   90   85   80   75   70   65   60   55   49   45   41   37   36   36   35   35
   35   36   37   38   39   40   40   40   39
    45.0-180.0 180.0   5.0 450.0                            LAT/LON1/LON2/DLON/H
   44   43   44   44   45   45   45   44   44   44   43   42   42   41   40   40
   39   39   40   40   41   41   40   40   41   43   46   51   55   61   68   74
   79   83   87   90   92   94   95   97  100  102  104  106  106  105  102   99
   96   91   86   82   77   72   67   61   56   51   47   44   43   42   42   42
   42   42   43   44   44   45   45   44   44
    42.5-180.0 180.0   5.0 450.0                            LAT/LON1/LON2/DLON/H
   48   48   48   50   51   51   51   51   51   51   51   51   51   50   49   48
   48   48   49   49   49   49   48   48   49   51   54   58   63   68   74   80
   84   89   93   96   99  100  101  103  104  107  108  108  109  108  106  104
  100   96   92   88   83   78   73   67   63   57   53   50   48   47   47   47
   47   47   47   48   49   49   49   48   48
    40.0-180.0 180.0   5.0 450.0                            LAT/LON1/LON2/DLON/H
   50   51   52   54   55   56   57   57   57   57   58   59   60   59   58   57
   56   56   57   57   57   55   55   54   55   56   60   64   69   74   79   84
   89   94   98  102  106  108  109  110  111  111  111  112  112  111  110  107
  105  102   98   94   89   84   79   73   67   63   58   54   53   52   51   51
   50   50   51   51   52   52   51   50   50
    37.5-180.0 180.0   5.0 450.0                            LAT/LON1/LON2/DLON/H
   51   52   53   56   58   59   60   61   62   62   64   66   67   66   65   64
   63   62   63   63   62   60   59   58   58   61   65   70   74   79   83   88
   93   98  104  109  114  117  119  119  119  119  118  118  117  116  115  114
  112  109  106  102   97   92   86   80   73   68   63   59   57   56   55   54
   53   53   52   52   52   53   52   52   51
    35.0-180.0 180.0   5.0 450.0                            LAT/LON1/LON2/DLON/H
   51   51   53   56   58   61   62   62   64   65   68   70   71   72   70   68
   67   67   67   66   64   62   60   59   61   64   69   74   79   83   87   91
   96  103  110  116  123  127  130  131  130  129  127  126  125  124  124  123
  123  120  117  112  107  101   95   88   81   75   69   65   62   60   58   57
   55   54   53   53   53   52   52   51   51
    32.5-180.0 180.0   5.0 450.0                            LAT/LON1/LON2/DLON/H
   50   50   52   55   57   60   61   63   63   66   69   72   73   73   73   71
   70   69   68   67   64   62   59   59   61   66   72   77   83   87   92   96
  102  109  117  126  134  140  143  144  144  142  140  139  137  137  137  137
  137  135  132  127  121  114  107   99   92   84   78   73   69   66   64   61
   59   57   55   54   53   53   51   51   50
    30.0-180.0 180.0   5.0 450.0                            LAT/LON1/LON2/DLON/H
   51   50   51   53   56   58   60   61   63   65   68   71   73   73   72   71
   69   68   67   65   63   59   57   57   61   67   74   81   87   92   97  102
  109  117  126  137  146  153  158  160  161  159  157  155  155  154  155  156
  156  155  151  146  139  131  123  115  106   98   90   84   79   75   72   69
   65   61   59   57   55   54   53   52   51
    27.5-180.0 180.0   5.0 450.0                            LAT/LON1/LON2/DLON/H
   52   51   52   53   55   57   58   60   61   63   65   68   70   71   70   68
   67   66   64   62   60   56   55   56   60   67   76   84   91   97  103  110
  117  127  137  148  159  167  174  178  180  179  177  176  176  177  178  179
  179  177  173  167  160  151  142  133  123  114  105   98   91   87   82   78
   73   69   65   62   60   57   56   54   52
    25.0-180.0 180.0   5.0 450.0                            LAT/LON1/LON2/DLON/H
   56   54   54   54   55   57   58   59   59   60   62   64   65   66   65   64
   62   62   61   59   57   54   53   55   60   69   78   87   96  103  111  119
  128  138  149  161  172  182  190  196  199  199  199  199  199  201  203  204
  203  201  197  190  182  173  163  153  142  132  122  113  106  100   95   90
   84   79   74   69   66   63   61   59   56
    22.5-180.0 180.0   5.0 450.0                            LAT/LON1/LON2/DLON/H
   61   58   57   56   57   58   59   59   58   59   60   60   61   61   60   59
   58   58   57   56   54   53   52   55   61   71   81   91  101  110  120  129
  140  151  163  174  185  196  206  213  218  220  221  223  224  226  228  229
  228  225  220  212  203  194  184  173  162  151  140  130  122  115  109  103
   97   91   85   79   75   71   67   64   61
    20.0-180.0 180.0   5.0 450.0                            LAT/LON1/LON2/DLON/H
   66   63   61   60   60   61   61   60   59   58   57   57   57   56   55   54
   53   54   54   53   52   51   52   55   62   73   84   95  107  118  129  140
  153  164  175  187  197  208  219  228  235  239  242  244  246  248  250  251
  249  245  239  231  222  213  202  191  180  168  156  145  136  129  122  116
  109  102   95   90   84   78   74   70   66
    17.5-180.0 180.0   5.0 450.0                            LAT/LON1/LON2/DLON/H
   72   68   66   64   64   64   64   62   59   58   57   55   54   52   51   50
   50   50   51   52   51   51   52   57   65   76   88  100  112  125  138  152
  165  176  188  198  209  219  231  241  249  255  258  261  264  266  268  267
  265  261  253  246  237  227  217  207  196  183  170  158  148  140  133  126
  119  112  105   98   92   85   80   76   72
    15.0-180.0 180.0   5.0 450.0                            LAT/LON1/LON2/DLON/H
   75   72   69   68   68   67   67   64   62   59   57   55   53   50   49   47
   48   48   50   50   51   51   53   59   68   79   92  105  119  133  148  162
  177  189  199  208  218  229  241  251  260  267  271  274  277  278  279  278
  275  271  264  256  247  239  229  219  208  195  182  169  158  148  141  134
  127  120  112  105   98   91   85   80   75
    12.5-180.0 180.0   5.0 450.0                            LAT/LON1/LON2/DLON/H
   78   74   71   70   70   70   69   66   64   61   59   56   53   50   48   46
   46   47   49   50   51   51   55   60   70   83   96  111  125  141  157  173
  186  198  208  216  225  236  248  259  268  275  279  282  284  286  286  285
  281  277  271  263  256  248  239  229  218  206  192  178  166  155  146  138
  131  124  117  109  101   94   88   82   78
    10.0-180.0 180.0   5.0 450.0                            LAT/LON1/LON2/DLON/H
   78   74   71   70   70   70   69   67   65   62   60   57   54   52   48   47
   46   47   48   49   50   51   55   63   73   88  102  117  133  149  165  181
  195  206  215  223  232  242  253  264  273  280  284  287  289  289  289  288
  285  281  276  270  263  256  248  239  228  216  202  187  173  160  150  142
  133  126  118  111  103   96   89   83   78
     7.5-180.0 180.0   5.0 450.0                            LAT/LON1/LON2/DLON/H
   77   73   70   69   68   68   67   66   65   63   61   59   57   53   49   47
   46   46   47   48   49   51   56   64   77   91  107  124  139  156  173  187
  200  211  220  228  236  246  257  267  276  282  287  290  293  293  293  291
  289  285  281  277  272  265  258  249  238  226  212  196  181  166  154  144
  135  127  119  112  104   96   89   83   77
     5.0-180.0 180.0   5.0 450.0                            LAT/LON1/LON2/DLON/H
   78   73   68   67   65   66   65   64   63   62   61   60   57   53   50   48
   46   45   46   46   47   49   55   65   79   95  113  129  146  162  177  191
  204  214  223  231  239  248  259  269  278  285  291  294  297  297  296  296
  294  292  290  287  283  277  269  261  250  237  222  206  189  172  159  147
  136  128  119  112  105   97   90   84   78
     2.5-180.0 180.0   5.0 450.0                            LAT/LON1/LON2/DLON/H
   80   73   69   65   64   63   62   61   60   60   60   59   57   54   51   47
   45   44   43   43   44   47   55   66   82   99  117  133  149  165  179  192
  204  214  224  232  241  250  260  270  280  288  295  300  303  305  305  304
  304  303  302  300  296  290  283  273  262  249  234  217  198  180  164  151
  139  130  122  114  107  100   93   86   80
