sample_files/i/ionex/irtg0050.21i
     1.0            IONOSPHERE MAPS     GPS                 IONEX VERSION / TYPE
tecrms2ionex_4.awk  UPC-IonSAT          01/22/21 1001UT     PGM / RUN BY / DATE
Global ionosphere maps for day   5, 2021 ( 5- 1-2021)       DESCRIPTION
Contact address: Manuel Hernandez-Pajares                   DESCRIPTION
                 IonSAT research group                      DESCRIPTION
                 Technical Univ. of Catalonia (UPC-IonSAT)  DESCRIPTION
                 Mod. C3 Campus Nord UPC                    DESCRIPTION
                 E08034-Barcelona, SPAIN                    DESCRIPTION
                 e-mail:  manuel@ma4.upc.edu                DESCRIPTION
                                                            DESCRIPTION
  2021     1     5     0     0     0                        EPOCH OF FIRST MAP
  2021     1     5    23    40     0                        EPOCH OF LAST MAP
  1200                                                      INTERVAL
    72                                                      # OF MAPS IN FILE
  COSZ                                                      MAPPING FUNCTION
     0.0                                                    ELEVATION CUTOFF
    99                                                      # OF STATIONS
    33                                                      # OF SATELLITES
  6371.0                                                    BASE RADIUS
     2                                                      MAP DIMENSION
   450.0 450.0   0.0                                        HGT1 / HGT2 / DHGT
    87.5 -87.5  -2.5                                        LAT1 / LAT2 / DLAT
  -180.0 180.0   5.0                                        LON1 / LON2 / DLON
    -1                                                      EXPONENT
TEC values in  0.1 TECUs; 9999 if no value available        COMMENT
Validation with JASON: <TEC_JASON - TEC_GPS>  [TECU]        DESCRIPTION
         (reference day of year: 005)                       DESCRIPTION
                                                            DESCRIPTION
           Bias   Sigma     RMS    VTEC   %ERR    #OBS      DESCRIPTION
          -3.01    3.20    4.40    9.61   45.8   48783      DESCRIPTION
                                                            DESCRIPTION
UT(hours)  Bias   Sigma     RMS    VTEC   %ERR    #OBS      DESCRIPTION
   0.00   -5.30    3.16    6.17   12.09   51.0    1947      DESCRIPTION
   2.00   -3.73    2.64    4.58    7.63   60.0    4225      DESCRIPTION
   4.00   -2.79    2.12    3.50    7.70   45.5    4513      DESCRIPTION
   6.00   -2.27    2.82    3.62   12.46   29.1    3515      DESCRIPTION
   8.00   -4.32    2.71    5.10    8.27   61.7    4472      DESCRIPTION
  10.00   -3.43    3.84    5.14    8.00   64.3    4628      DESCRIPTION
  12.00   -3.41    2.22    4.07    5.33   76.3    3865      DESCRIPTION
  14.00   -2.48    2.41    3.46    9.24   37.4    4090      DESCRIPTION
  16.00   -1.97    2.64    3.30   10.92   30.2    3787      DESCRIPTION
  18.00   -1.52    2.84    3.22   10.81   29.8    3980      DESCRIPTION
  20.00   -3.11    3.04    4.34   10.19   42.6    4732      DESCRIPTION
  22.00   -2.98    4.70    5.56   13.49   41.2    3690      DESCRIPTION
  24.00   -1.86    5.23    5.55   14.64   37.9    1339      DESCRIPTION
                                                            DESCRIPTION
Lat(deg)   Bias   Sigma     RMS    VTEC   %ERR    #OBS      DESCRIPTION
 -60.00   -1.75    2.19    2.81    8.96   31.4   12108      DESCRIPTION
 -40.00   -2.60    2.68    3.73   10.28   36.3    9198      DESCRIPTION
 -20.00   -3.79    3.84    5.40   12.66   42.6    7035      DESCRIPTION
   0.00   -5.19    3.06    6.02   11.92   50.5    6758      DESCRIPTION
  20.00   -3.67    4.01    5.44   10.39   52.3    6245      DESCRIPTION
  40.00   -2.88    2.32    3.70    4.85   76.3    4962      DESCRIPTION
  60.00   -1.14    2.34    2.60    2.91   89.6    2477      DESCRIPTION
                                                            END OF HEADER
[from data line 8151]
    20                                                      START OF TEC MAP
  2021     1     5     6    20     0                        EPOCH OF CURRENT MAP
    87.5-180.0 180.0   5.0 450.0                            LAT/LON1/LON2/DLON/H
   23   23   23   23   23   23   23   23   22   22   22   22   22   22   22   22
   22   21   21   21   21   21   21   21   21   21   21   21   21   22   22   22
   22   22   22   22   22   22   22   22   22   22   22   23   23   23   23   23
   23   23   23   23   23   23   23   23   23   23   23   23   23   23   23   23
   23   23   23   23   23   23   23   23   23
    85.0-180.0 180.0   5.0 450.0                            LAT/LON1/LON2/DLON/H
   23   23   23   23   23   23   23   23   22   22   22   21   22   21   21   20
   20   19   19   19   20   19   19   20   20   20   20   20   20   21   21   21
   22   22   22   23   23   23   23   23   23   23   23   23   23   23   23   23
   23   23   23   23   23   23   23   23   23   23   23   23   23   23   23   22
   22   23   23   23   23   23   23   23   23
    82.5-180.0 180.0   5.0 450.0                            LAT/LON1/LON2/DLON/H
   23   23   23   23   24   24   23   23   23   23   22   21   21   20   19   19
   18   18   17   17   17   17   17   17   17   18   18   19   20   20   21   21
   22   23   23   23   23   24   24   24   24   24   24   24   23   24   24   24
   24   24   24   24   24   24   24   24   23   23   23   23   22   22   22   22
   22   22   22   22   22   22   23   23   23
    80.0-180.0 180.0   5.0 450.0                            LAT/LON1/LON2/DLON/H
   22   22   23   23   23   23   23   23   23   22   22   20   20   19   18   17
   16   16   15   15   15   15   15   15   16   17   18   19   20   20   22   22
   23   23   24   24   24   24   24   25   24   24   24   24   24   24   24   24
   24   25   25   25   25   25   25   25   25   24   24   23   23   23   22   22
   21   21   20   20   21   21   21   21   22
    77.5-180.0 180.0   5.0 450.0                            LAT/LON1/LON2/DLON/H
   20   20   21   22   22   22   22   22   22   22   21   20   19   18   17   16
   15   15   14   14   14   14   15   15   16   17   18   19   20   21   22   23
   24   24   25   25   25   24   24   24   24   23   23   23   23   24   24   25
   25   26   27   27   28   28   28   28   28   27   26   25   24   23   22   21
   20   20   19   19   19   19   19   19   20
    75.0-180.0 180.0   5.0 450.0                            LAT/LON1/LON2/DLON/H
   17   18   18   19   20   20   21   21   21   21   20   20   18   17   16   16
   15   14   14   14   14   15   15   16   17   18   19   20   21   22   23   24
   24   24   24   24   24   24   23   23   22   22   22   22   23   24   25   26
   27   29   30   31   31   32   32   32   31   31   30   28   27   26   24   23
   21   20   19   18   17   16   16   17   17
    72.5-180.0 180.0   5.0 450.0                            LAT/LON1/LON2/DLON/H
   15   15   16   17   17   19   19   20   20   20   19   19   18   17   16   15
   15   14   15   15   15   16   17   18   18   19   20   20   21   22   23   23
   24   24   24   23   23   22   21   20   20   20   20   21   22   24   25   27
   30   32   34   35   36   37   37   37   37   36   35   33   32   30   28   25
   23   21   19   17   16   15   15   15   15
    70.0-180.0 180.0   5.0 450.0                            LAT/LON1/LON2/DLON/H
   13   13   13   14   15   16   17   17   18   18   18   18   18   17   16   16
   16   16   16   17   17   19   19   19   20   20   21   21   21   22   22   23
   23   23   22   22   20   19   19   18   18   17   18   20   21   24   26   29
   32   35   38   39   41   42   43   43   43   41   40   39   37   35   32   29
   27   24   21   19   16   15   14   13   13
    67.5-180.0 180.0   5.0 450.0                            LAT/LON1/LON2/DLON/H
   13   12   13   13   14   14   15   16   17   17   18   18   18   17   17   17
   17   18   18   19   19   20   21   21   21   21   21   21   21   21   21   21
   21   21   20   20   18   17   16   16   15   16   17   19   22   25   28   32
   35   39   41   44   46   48   48   48   48   47   46   44   42   40   37   34
   31   27   24   22   19   16   15   13   13
    65.0-180.0 180.0   5.0 450.0                            LAT/LON1/LON2/DLON/H
   14   13   13   13   13   14   15   15   16   16   17   17   18   17   18   18
   18   18   19   20   20   21   21   21   21   20   20   20   20   20   20   20
   20   19   19   18   17   16   15   15   15   16   18   20   23   27   31   35
   39   43   46   49   51   52   53   53   53   52   51   50   48   45   42   39
   35   32   28   24   21   19   17   15   14
    62.5-180.0 180.0   5.0 450.0                            LAT/LON1/LON2/DLON/H
   16   15   15   14   14   14   15   15   16   17   17   18   18   18   18   18
   19   19   20   20   21   21   21   21   20   20   20   20   20   20   19   20
   19   19   19   18   17   16   16   16   16   18   20   23   27   30   35   39
   43   47   51   54   56   57   58   58   58   57   56   55   54   51   48   44
   40   36   32   28   25   22   19   18   16
    60.0-180.0 180.0   5.0 450.0                            LAT/LON1/LON2/DLON/H
   20   19   18   17   17   17   17   17   17   18   18   19   19   19   19   19
   19   20   19   20   20   20   20   20   20   20   20   20   20   20   20   20
   20   20   20   20   19   19   19   19   20   22   24   28   32   36   41   45
   49   53   56   58   61   62   63   63   63   63   62   60   59   56   53   49
   45   41   36   32   28   25   23   21   20
    57.5-180.0 180.0   5.0 450.0                            LAT/LON1/LON2/DLON/H
   24   23   23   22   21   20   19   19   19   19   19   20   20   20   20   20
   20   20   20   20   20   20   20   20   20   21   22   22   22   22   22   22
   23   23   23   23   23   23   23   24   26   28   31   35   39   43   48   52
   55   59   62   64   66   68   68   69   68   68   67   66   64   61   58   54
   49   45   40   35   32   28   26   25   24
    55.0-180.0 180.0   5.0 450.0                            LAT/LON1/LON2/DLON/H
   27   27   26   26   25   24   23   22   21   21   21   21   21   21   21   21
   21   20   20   20   20   20   21   21   22   23   24   25   26   26   26   26
   26   27   27   28   28   28   29   31   33   36   39   43   48   51   56   59
   63   66   69   71   72   74   74   74   74   74   72   71   69   66   62   58
   54   49   44   40   35   32   29   28   27
    52.5-180.0 180.0   5.0 450.0                            LAT/LON1/LON2/DLON/H
   31   30   30   30   29   28   27   25   24   23   23   23   22   23   23   23
   22   22   22   23   23   23   24   24   26   28   30   30   31   30   30   30
   30   31   32   33   33   34   36   38   41   44   48   53   57   61   65   68
   71   74   76   78   80   80   81   81   80   79   78   76   73   70   67   63
   58   53   49   44   40   36   33   32   31
    50.0-180.0 180.0   5.0 450.0                            LAT/LON1/LON2/DLON/H
   34   34   34   34   33   32   31   29   28   26   25   25   25   25   25   25
   25   26   26   26   27   28   29   30   32   34   36   37   37   35   34   34
   35   35   37   38   39   40   42   45   49   53   58   62   67   71   74   77
   80   82   84   85   86   87   87   86   85   84   82   80   78   75   71   67
   63   58   54   48   44   40   37   35   34
    47.5-180.0 180.0   5.0 450.0                            LAT/LON1/LON2/DLON/H
   37   37   37   36   36   35   34   32   31   30   28   27   27   27   28   29
   29   30   31   32   33   35   36   38   40   41   43   43   42   40   38   37
   38   40   41   43   44   46   49   52   56   62   67   72   76   80   83   86
   88   89   90   92   92   92   91   90   89   87   85   83   80   78   74   71
   67   63   58   54   49   45   41   39   37
    45.0-180.0 180.0   5.0 450.0                            LAT/LON1/LON2/DLON/H
   40   39   39   38   38   38   37   36   35   33   32   31   30   31   32   33
   34   35   37   39   41   43   44   46   47   49   49   48   46   44   41   40
   41   43   44   46   48   50   54   58   64   69   75   80   84   88   91   93
   94   95   96   96   96   96   95   93   91   89   87   84   82   80   77   74
   71   68   64   60   55   49   46   42   40
    42.5-180.0 180.0   5.0 450.0                            LAT/LON1/LON2/DLON/H
   43   41   40   40   39   39   39   39   38   37   36   35   35   35   37   38
   40   42   44   47   49   51   53   54   55   55   54   53   50   46   43   42
   43   45   47   49   51   53   58   64   70   77   83   87   91   95   97   99
   99  100  100  100   99   99   97   95   92   90   87   86   83   81   79   77
   75   72   69   65   60   55   50   46   43
    40.0-180.0 180.0   5.0 450.0                            LAT/LON1/LON2/DLON/H
   45   43   41   40   40   40   40   41   41   41   40   39   39   40   42   44
   47   49   52   54   57   59   60   60   60   59   58   55   52   48   44   44
   45   47   49   51   53   57   61   68   76   83   89   93   97  100  102  103
  103  103  103  103  102  101   99   97   94   91   89   87   85   83   81   79
   78   75   73   69   64   59   54   49   45
    37.5-180.0 180.0   5.0 450.0                            LAT/LON1/LON2/DLON/H
   47   44   41   40   39   40   41   42   43   44   44   44   45   46   48   51
   53   56   58   61   63   65   65   64   63   61   59   56   52   48   46   45
   47   49   51   52   55   58   65   73   81   88   94   98  101  104  106  107
  107  106  106  107  106  105  104  101   99   96   93   91   90   87   85   83
   81   79   76   72   68   62   57   52   47
    35.0-180.0 180.0   5.0 450.0                            LAT/LON1/LON2/DLON/H
   49   45   42   40   39   39   40   42   45   47   48   49   50   51   54   56
   59   62   64   66   68   69   68   66   64   61   59   56   53   50   47   47
   49   50   52   53   55   60   67   76   85   93   98  102  106  108  110  110
  110  111  112  113  114  114  112  110  108  106  103  101   98   94   91   88
   85   82   79   75   71   65   60   54   49
    32.5-180.0 180.0   5.0 450.0                            LAT/LON1/LON2/DLON/H
   50   46   43   41   39   38   39   42   45   49   51   52   54   56   58   61
   64   66   68   69   70   71   69   66   63   60   58   56   53   51   49   49
   51   52   52   53   55   60   68   79   89   97  102  106  109  111  114  116
  117  119  121  123  126  126  126  125  124  121  119  116  112  107  102   97
   92   88   84   79   74   67   62   55   50
    30.0-180.0 180.0   5.0 450.0                            LAT/LON1/LON2/DLON/H
   52   48   45   42   40   38   39   42   46   49   52   54   56   58   62   65
   67   69   70   71   71   71   68   65   61   59   57   55   53   51   51   52
   52   52   52   52   55   60   70   81   91  100  106  110  113  117  120  123
  126  130  134  139  143  146  147  147  146  144  141  137  132  125  118  110
  103   97   91   84   78   71   64   57   52
    27.5-180.0 180.0   5.0 450.0                            LAT/LON1/LON2/DLON/H
   56   51   48   45   42   41   40   42   45   49   52   55   57   59   62   66
   68   70   71   71   71   69   67   63   60   57   55   54   53   52   52   52
   52   52   51   51   53   60   70   83   93  102  109  115  119  125  129  135
  140  146  153  159  165  169  172  173  173  171  168  163  156  147  138  127
  119  110  101   93   85   76   69   61   56
    25.0-180.0 180.0   5.0 450.0                            LAT/LON1/LON2/DLON/H
   60   56   53   50   47   45   43   44   46   49   52   54   56   58   61   65
   68   69   70   69   69   68   65   62   59   56   55   53   53   52   52   52
   52   50   49   49   52   60   71   84   96  105  113  121  128  135  142  149
  157  165  174  183  190  195  199  201  202  200  197  191  182  172  160  148
  137  126  115  105   95   85   76   67   60
    22.5-180.0 180.0   5.0 450.0                            LAT/LON1/LON2/DLON/H
   69   64   60   57   54   50   48   47   47   50   52   53   54   56   58   62
   65   67   68   68   67   66   64   61   58   56   54   52   52   51   51   50
   49   47   46   47   52   60   72   85   98  109  119  128  137  147  157  165
  175  186  196  206  214  220  224  227  227  226  223  217  208  197  184  171
  158  145  133  121  110   98   87   76   69
    20.0-180.0 180.0   5.0 450.0                            LAT/LON1/LON2/DLON/H
   79   73   69   65   62   57   54   51   51   51   52   52   53   54   56   60
   62   65   66   66   66   65   63   61   58   56   54   52   50   49   48   47
   46   44   43   45   51   61   73   87  101  113  124  136  149  160  171  182
  193  205  216  226  234  241  244  247  248  247  244  238  229  218  206  192
  178  165  152  140  127  114  100   88   79
    17.5-180.0 180.0   5.0 450.0                            LAT/LON1/LON2/DLON/H
   92   83   78   74   70   65   61   57   56   55   54   54   53   53   55   57
   60   63   64   64   64   64   63   61   59   56   53   50   47   45   45   44
   42   41   41   44   52   62   75   89  104  118  131  146  160  173  185  197
  209  220  231  241  249  254  258  259  260  259  256  251  245  235  223  211
  198  185  172  159  146  132  117  103   92
    15.0-180.0 180.0   5.0 450.0                            LAT/LON1/LON2/DLON/H
  105   95   88   83   78   73   68   64   61   60   58   57   55   55   55   57
   60   62   63   64   65   65   64   62   59   56   53   48   45   43   41   40
   39   38   39   44   53   65   78   93  108  123  139  154  170  185  197  208
  219  230  240  249  255  260  262  264  264  264  262  258  253  246  236  225
  214  202  189  177  164  150  134  118  105
    12.5-180.0 180.0   5.0 450.0                            LAT/LON1/LON2/DLON/H
  119  107   98   91   85   79   74   70   67   65   63   61   59   58   58   59
   61   63   64   65   66   66   65   63   60   56   51   47   43   40   39   38
   37   36   39   45   55   68   82   97  112  128  145  162  178  192  204  214
  224  234  243  250  255  259  261  262  262  262  261  260  257  252  245  236
  226  215  204  193  181  167  150  134  119
    10.0-180.0 180.0   5.0 450.0                            LAT/LON1/LON2/DLON/H
  132  118  107   98   90   84   79   75   72   70   68   66   65   64   63   64
   66   67   67   68   68   68   66   64   60   55   50   46   42   39   38   37
   36   36   40   47   58   71   85  100  116  133  150  167  183  196  207  216
  224  233  241  247  252  255  257  258  258  259  259  259  259  256  251  244
  235  226  216  206  194  181  165  148  132
     7.5-180.0 180.0   5.0 450.0                            LAT/LON1/LON2/DLON/H
  143  128  114  103   94   87   82   79   76   74   73   72   71   70   70   70
   71   71   71   71   71   69   67   63   60   55   49   45   41   39   39   37
   36   36   40   49   61   74   88  103  119  136  153  169  184  197  206  214
  221  228  236  242  247  251  253  255  256  257  259  260  261  260  256  251
  243  234  224  215  204  192  177  161  143
     5.0-180.0 180.0   5.0 450.0                            LAT/LON1/LON2/DLON/H
  153  136  121  108   97   90   84   80   77   77   76   76   76   76   76   76
   77   76   76   74   73   70   67   63   58   54   49   45   42   41   40   39
   37   37   42   50   63   76   90  105  121  137  153  169  183  194  202  209
  216  224  232  239  244  249  253  256  259  261  263  265  267  266  264  258
  251  242  231  221  212  200  186  170  153
     2.5-180.0 180.0   5.0 450.0                            LAT/LON1/LON2/DLON/H
  161  144  127  113  101   92   85   81   79   78   78   79   80   80   81   81
   82   81   79   78   75   71   66   62   57   53   49   46   44   43   42   40
   38   38   42   52   64   77   91  106  121  137  152  166  179  189  197  204
  212  220  229  238  246  252  258  263  267  271  274  276  278  277  274  268
  260  250  238  228  217  206  194  178  161
