sample_files/i/ionex/irtg0060.21i
     1.0            IONOSPHERE MAPS     GPS                 IONEX VERSION / TYPE
tecrms2ionex_4.awk  UPC-IonSAT          01/22/21 1001UT     PGM / RUN BY / DATE
Global ionosphere maps for day   6, 2021 ( 6- 1-2021)       DESCRIPTION
Contact address: Manuel Hernandez-Pajares                   DESCRIPTION
                 IonSAT research group                      DESCRIPTION
                 Technical Univ. of Catalonia (UPC-IonSAT)  DESCRIPTION
                 Mod. C3 Campus Nord UPC                    DESCRIPTION
                 E08034-Barcelona, SPAIN                    DESCRIPTION
                 e-mail:  manuel@ma4.upc.edu                DESCRIPTION
                                                            DESCRIPTION
  2021     1     6     0     0     0                        EPOCH OF FIRST MAP
  2021     1     6    23    40     0                        EPOCH OF LAST MAP
  1200                                                      INTERVAL
    72                                                      # OF MAPS IN FILE
  COSZ                                                      MAPPING FUNCTION
     0.0                                                    ELEVATION CUTOFF
    99                                                      # OF STATIONS
    33                                                      # OF SATELLITES
  6371.0                                                    BASE RADIUS
     2                                                      MAP DIMENSION
   450.0 450.0   0.0                                        HGT1 / HGT2 / DHGT
    87.5 -87.5  -2.5                                        LAT1 / LAT2 / DLAT
  -180.0 180.0   5.0                                        LON1 / LON2 / DLON
    -1                                                      EXPONENT
TEC values in  0.1 TECUs; 9999 if no value available        COMMENT
Validation with JASON: <TEC_JASON - TEC_GPS>  [TECU]        DESCRIPTION
         (reference day of year: 006)                       DESCRIPTION
                                                            DESCRIPTION
           Bias   Sigma     RMS    VTEC   %ERR    #OBS      DESCRIPTION
          -3.12    2.84    4.22    9.18   46.0   47991      DESCRIPTION
                                                            DESCRIPTION
UT(hours)  Bias   Sigma     RMS    VTEC   %ERR    #OBS      DESCRIPTION
   0.00   -3.64    2.72    4.55   12.28   37.0    2508      DESCRIPTION
   2.00   -2.21    3.46    4.10    9.53   43.1    4767      DESCRIPTION
   4.00   -3.76    1.90    4.21    7.73   54.5    4357      DESCRIPTION
   6.00   -1.09    3.12    3.30   13.58   24.3    2648      DESCRIPTION
   8.00   -3.03    2.22    3.76   10.94   34.3    3309      DESCRIPTION
  10.00   -2.42    2.38    3.39    6.26   54.2    3868      DESCRIPTION
  12.00   -3.40    2.32    4.12    6.62   62.3    4163      DESCRIPTION
  14.00   -3.35    1.88    3.85    8.50   45.2    4256      DESCRIPTION
  16.00   -2.82    2.83    4.00    8.71   45.9    3184      DESCRIPTION
  18.00   -3.42    2.68    4.35    7.14   60.9    4552      DESCRIPTION
  20.00   -3.54    2.58    4.38    8.18   53.6    4695      DESCRIPTION
  22.00   -3.74    3.15    4.89   10.90   44.9    3428      DESCRIPTION
  24.00   -4.00    4.50    6.02   15.27   39.4    2256      DESCRIPTION
                                                            DESCRIPTION
Lat(deg)   Bias   Sigma     RMS    VTEC   %ERR    #OBS      DESCRIPTION
 -60.00   -2.82    1.92    3.42    7.26   47.0   12604      DESCRIPTION
 -40.00   -3.19    2.29    3.93    8.48   46.3    9734      DESCRIPTION
 -20.00   -3.35    3.71    5.00   13.55   36.9    7147      DESCRIPTION
   0.00   -4.10    2.83    4.98   12.99   38.4    6401      DESCRIPTION
  20.00   -3.01    4.24    5.20   10.73   48.5    5486      DESCRIPTION
  40.00   -2.93    2.11    3.61    5.05   71.6    4361      DESCRIPTION
  60.00   -1.62    1.88    2.48    2.44  101.8    2258      DESCRIPTION
                                                            END OF HEADER
[from data line 12441]
    30                                                      START OF TEC MAP
  2021     1     6     9    40     0                        EPOCH OF CURRENT MAP
    87.5-180.0 180.0   5.0 450.0                            LAT/LON1/LON2/DLON/H
   29   29   28   28   28   28   28   28   28   28   27   27   27   27   27   27
   27   27   27   27   27   27   27   27   27   27   27   28   28   28   28   28
   28   28   28   28   28   28   29   29   29   29   29   29   29   29   29   29
   29   29   29   29   29   29   29   29   29   29   29   29   29   29   29   29
   29   29   29   29   29   29   29   29   29
    85.0-180.0 180.0   5.0 450.0                            LAT/LON1/LON2/DLON/H
   29   29   29   29   28   28   28   27   27   27   27   26   26   26   26   25
   25   25   25   25   25   25   26   26   26   26   27   27   27   27   27   28
   28   28   28   28   29   29   29   29   29   28   28   29   29   29   29   29
   29   29   29   29   29   29   29   29   29   29   29   29   30   30   30   29
   30   30   30   30   30   29   29   29   29
    82.5-180.0 180.0   5.0 450.0                            LAT/LON1/LON2/DLON/H
   30   29   29   28   28   28   27   26   26   25   25   25   24   24   23   23
   23   23   23   24   24   24   24   24   24   25   25   26   26   27   27   27
   27   28   28   28   29   29   29   29   29   30   30   30   29   29   29   29
   29   29   29   29   29   29   29   29   29   29   29   29   29   30   30   30
   30   30   30   30   30   30   30   30   30
    80.0-180.0 180.0   5.0 450.0                            LAT/LON1/LON2/DLON/H
   29   29   28   28   27   27   26   26   25   24   24   23   22   22   21   22
   22   21   22   22   22   23   23   24   24   24   25   25   25   26   27   27
   27   28   28   28   29   29   30   30   30   30   31   31   31   31   31   30
   30   30   30   29   29   29   29   29   29   29   29   29   29   29   30   30
   30   30   30   30   30   30   30   30   29
    77.5-180.0 180.0   5.0 450.0                            LAT/LON1/LON2/DLON/H
   28   28   28   27   26   26   25   25   24   23   23   22   21   21   20   21
   21   21   21   21   22   22   22   23   24   24   25   25   26   26   26   26
   27   27   28   29   29   29   30   31   31   32   33   33   33   33   33   33
   33   32   32   31   30   30   29   29   29   29   29   29   29   29   30   30
   30   30   30   30   29   30   29   29   28
    75.0-180.0 180.0   5.0 450.0                            LAT/LON1/LON2/DLON/H
   28   27   27   26   26   26   25   24   23   23   22   22   21   21   20   20
   20   20   21   21   22   23   23   24   24   24   25   25   25   25   25   26
   26   27   27   28   29   30   31   32   33   35   36   36   37   37   37   37
   36   36   35   34   33   32   31   30   29   29   29   29   29   29   29   29
   29   30   30   29   29   29   28   28   28
    72.5-180.0 180.0   5.0 450.0                            LAT/LON1/LON2/DLON/H
   27   26   26   25   25   25   25   24   23   23   22   22   21   21   21   21
   21   21   22   22   23   23   24   25   24   25   25   25   25   24   25   25
   25   26   27   28   29   31   32   34   36   38   39   41   42   43   43   42
   42   41   39   38   36   35   33   32   31   30   29   29   29   29   29   29
   29   29   29   29   28   28   28   27   27
    70.0-180.0 180.0   5.0 450.0                            LAT/LON1/LON2/DLON/H
   26   26   25   25   25   25   25   24   24   23   22   22   22   22   22   22
   23   23   23   24   24   24   25   25   25   25   25   24   24   23   23   23
   24   25   26   27   30   32   34   37   39   41   44   46   48   49   49   49
   47   46   44   42   40   38   36   34   33   31   30   29   29   29   29   29
   29   29   28   28   27   27   26   26   26
    67.5-180.0 180.0   5.0 450.0                            LAT/LON1/LON2/DLON/H
   25   25   25   25   25   25   25   24   24   23   23   23   23   23   23   24
   24   25   25   25   25   25   25   25   25   25   24   23   22   22   22   22
   23   24   26   28   31   33   36   40   43   46   49   52   54   55   56   55
   54   52   49   47   44   41   39   36   34   32   30   29   29   28   28   28
   28   28   27   27   27   26   26   26   25
    65.0-180.0 180.0   5.0 450.0                            LAT/LON1/LON2/DLON/H
   26   26   26   26   25   25   25   25   24   24   24   24   23   24   24   24
   24   25   25   25   25   25   25   25   25   24   23   22   21   20   21   21
   23   25   27   30   34   37   40   44   48   52   56   59   61   62   63   62
   60   57   54   51   48   45   41   39   36   34   32   30   28   28   27   27
   27   27   27   27   26   26   26   26   26
    62.5-180.0 180.0   5.0 450.0                            LAT/LON1/LON2/DLON/H
   26   26   26   26   26   26   25   25   24   24   24   23   23   24   25   25
   25   25   25   25   25   24   24   24   23   23   22   21   20   20   20   22
   24   27   30   34   38   42   46   49   54   58   62   65   68   69   69   68
   65   62   59   55   52   48   45   42   39   36   33   31   29   28   27   27
   27   27   27   27   26   26   26   26   26
    60.0-180.0 180.0   5.0 450.0                            LAT/LON1/LON2/DLON/H
   27   28   28   28   27   27   26   25   25   24   24   24   24   24   25   25
   25   25   24   24   23   23   23   23   23   23   22   21   20   20   21   24
   27   31   36   40   44   48   52   56   61   65   69   73   75   76   76   74
   71   67   63   59   55   52   49   46   42   39   36   33   31   29   28   27
   27   27   28   28   27   27   27   28   27
    57.5-180.0 180.0   5.0 450.0                            LAT/LON1/LON2/DLON/H
   30   30   30   30   29   28   27   26   26   25   25   25   25   25   25   25
   25   24   23   22   22   22   22   22   22   22   22   22   21   22   24   28
   32   38   43   48   53   57   60   64   68   72   76   80   82   83   82   80
   76   72   68   64   60   57   53   50   46   43   39   36   33   31   30   29
   28   28   29   29   29   29   29   30   30
    55.0-180.0 180.0   5.0 450.0                            LAT/LON1/LON2/DLON/H
   33   33   33   32   32   31   29   29   28   27   26   26   26   26   25   25
   25   25   23   23   22   21   22   22   23   24   24   24   24   26   29   33
   39   45   51   57   62   66   69   72   76   80   83   87   89   90   88   85
   82   77   73   69   65   62   58   55   52   48   44   40   37   34   32   31
   31   31   31   31   31   32   32   32   33
    52.5-180.0 180.0   5.0 450.0                            LAT/LON1/LON2/DLON/H
   36   36   36   36   35   34   33   32   31   30   29   29   28   28   27   27
   26   26   25   24   23   23   24   25   26   27   27   27   28   31   34   40
   46   54   61   67   72   75   78   81   84   88   91   94   95   96   94   91
   87   83   78   74   71   67   64   61   57   53   49   45   41   38   36   35
   35   34   35   35   35   35   35   36   36
    50.0-180.0 180.0   5.0 450.0                            LAT/LON1/LON2/DLON/H
   39   40   40   39   39   38   37   36   35   34   33   32   32   31   31   30
   30   30   28   28   27   27   28   29   30   31   33   33   34   36   41   48
   55   63   71   77   82   85   87   90   92   95   98  100  101  101   99   96
   92   88   84   80   76   73   70   67   63   58   54   50   46   43   41   40
   39   39   39   39   38   39   39   39   39
    47.5-180.0 180.0   5.0 450.0                            LAT/LON1/LON2/DLON/H
   43   43   43   43   42   42   41   41   40   39   39   38   36   36   35   35
   35   35   34   33   33   33   34   35   37   37   38   38   40   43   48   56
   63   72   79   85   90   93   95   98  100  102  104  106  106  106  103  101
   97   93   88   85   81   78   75   71   67   62   58   54   50   47   46   45
   44   44   43   43   43   43   43   43   43
    45.0-180.0 180.0   5.0 450.0                            LAT/LON1/LON2/DLON/H
   46   46   46   46   45   45   46   46   45   45   44   43   42   41   41   41
   41   41   41   41   41   41   42   42   43   44   44   45   47   50   56   63
   71   79   87   93   98  101  103  105  106  108  110  110  110  109  107  104
  100   97   93   89   85   82   78   75   70   66   61   58   54   52   50   49
   48   48   48   47   47   47   46   46   46
    42.5-180.0 180.0   5.0 450.0                            LAT/LON1/LON2/DLON/H
   48   48   47   48   48   49   50   50   50   50   49   48   48   47   48   48
   48   49   49   49   49   49   49   49   49   49   50   51   53   57   62   70
   78   86   93   99  104  108  110  112  113  114  114  114  113  111  109  106
  103  100   96   92   89   85   81   78   73   69   64   60   57   55   54   53
   52   52   52   51   51   50   49   48   48
    40.0-180.0 180.0   5.0 450.0                            LAT/LON1/LON2/DLON/H
   49   49   48   49   49   51   52   53   54   53   54   53   53   54   55   55
   56   56   57   56   56   56   56   55   54   54   54   56   58   63   69   76
   83   92   98  105  110  114  117  119  120  120  120  118  116  113  111  108
  105  102  100   96   92   88   84   80   76   71   67   63   59   58   57   56
   55   54   54   54   53   52   51   50   49
    37.5-180.0 180.0   5.0 450.0                            LAT/LON1/LON2/DLON/H
   50   48   48   48   49   51   53   55   56   56   56   57   58   59   61   62
   63   63   63   62   62   61   60   59   58   57   58   59   63   69   75   82
   89   96  103  110  116  121  124  126  127  126  125  123  120  117  114  111
  110  107  105  101   97   93   89   85   80   76   71   66   63   60   59   57
   57   56   56   56   55   54   52   50   50
    35.0-180.0 180.0   5.0 450.0                            LAT/LON1/LON2/DLON/H
   49   47   47   47   48   50   53   55   56   57   58   59   61   63   66   68
   68   68   67   66   65   64   63   61   60   59   59   62   67   73   80   87
   94  101  108  115  122  128  132  134  135  134  133  130  126  123  120  117
  116  114  112  109  105  101   96   92   87   82   77   71   67   64   62   60
   59   58   57   56   55   54   52   50   49
    32.5-180.0 180.0   5.0 450.0                            LAT/LON1/LON2/DLON/H
   49   47   46   46   46   48   51   53   55   56   57   59   63   66   69   71
   72   71   70   68   66   64   63   61   59   58   59   63   69   77   85   92
   99  106  113  121  129  135  140  143  144  144  143  140  137  133  130  128
  127  125  124  121  117  112  107  103   98   92   86   80   74   70   66   64
   61   60   58   58   56   55   53   50   49
    30.0-180.0 180.0   5.0 450.0                            LAT/LON1/LON2/DLON/H
   49   48   46   45   45   46   49   51   53   54   56   59   62   67   70   73
   73   72   69   67   65   63   61   59   58   57   59   64   72   80   89   98
  105  112  120  128  137  144  150  153  155  156  156  154  151  148  145  143
  143  142  140  137  133  127  123  118  113  106   99   91   84   78   73   69
   66   63   61   60   58   56   54   52   49
    27.5-180.0 180.0   5.0 450.0                            LAT/LON1/LON2/DLON/H
   51   49   47   45   45   46   47   49   51   52   53   57   61   65   69   71
   72   70   67   64   62   60   58   57   55   55   58   64   73   83   94  103
  111  119  127  137  145  153  160  164  168  170  171  170  169  166  164  163
  163  163  161  158  153  147  141  135  130  122  114  105   96   88   82   77
   72   68   65   63   62   59   57   54   51
    25.0-180.0 180.0   5.0 450.0                            LAT/LON1/LON2/DLON/H
   55   53   50   47   46   45   46   47   48   49   51   54   58   63   66   69
   69   67   63   60   58   57   55   54   53   53   57   64   74   86   98  108
  118  127  136  146  155  164  170  176  181  186  189  189  188  187  187  186
  187  187  185  181  174  167  161  154  148  140  130  120  110  101   93   87
   80   76   72   69   66   64   61   58   55
    22.5-180.0 180.0   5.0 450.0                            LAT/LON1/LON2/DLON/H
   61   57   54   50   48   47   47   47   48   48   49   51   55   59   62   64
   64   62   59   56   54   53   53   52   51   52   56   64   76   89  102  114
  125  135  145  156  165  174  181  188  195  201  206  208  209  209  209  210
  211  211  209  204  196  188  180  173  166  157  147  136  124  114  105   97
   91   85   81   77   74   71   67   64   61
    20.0-180.0 180.0   5.0 450.0                            LAT/LON1/LON2/DLON/H
   66   63   58   55   52   50   49   48   48   47   48   49   52   55   58   59
   60   58   55   53   52   51   51   51   50   51   56   65   77   92  106  120
  132  144  155  166  175  183  191  199  208  216  222  227  228  229  230  231
  233  233  230  224  215  205  197  189  181  173  162  151  138  127  117  109
  102   95   90   86   82   78   74   70   66
    17.5-180.0 180.0   5.0 450.0                            LAT/LON1/LON2/DLON/H
   72   68   64   60   55   53   51   50   50   48   48   48   50   52   54   55
   55   54   52   51   50   50   51   50   50   51   56   66   79   94  110  125
  139  152  164  174  184  192  200  209  220  229  237  241  244  245  247  249
  250  249  246  239  229  219  209  201  193  185  175  163  151  140  129  120
  112  106  101   95   91   86   81   76   72
    15.0-180.0 180.0   5.0 450.0                            LAT/LON1/LON2/DLON/H
   76   72   67   63   59   56   55   53   51   50   49   49   49   50   51   52
   52   51   50   49   50   50   50   50   50   51   57   67   81   97  114  130
  145  159  171  182  191  199  208  217  229  240  248  252  255  257  258  260
  261  260  256  249  239  229  218  210  202  194  185  174  162  150  139  130
  122  115  109  104   99   94   88   82   76
    12.5-180.0 180.0   5.0 450.0                            LAT/LON1/LON2/DLON/H
   80   74   69   65   62   59   57   55   54   52   50   50   49   49   49   50
   50   50   50   50   50   51   51   50   50   52   59   69   84  100  118  134
  150  164  177  188  197  205  214  224  236  247  255  259  262  263  265  266
  267  265  260  253  244  234  225  216  209  202  193  183  172  160  148  139
  130  123  116  111  105   99   92   85   80
    10.0-180.0 180.0   5.0 450.0                            LAT/LON1/LON2/DLON/H
   80   74   70   66   63   60   58   57   55   53   52   51   50   49   48   49
   49   50   50   50   51   51   51   50   50   53   60   71   86  103  121  138
  153  168  181  193  202  210  219  230  241  252  259  263  265  266  268  269
  268  266  262  255  247  239  230  223  216  209  201  192  181  169  157  146
  136  128  122  115  109  103   95   87   80
     7.5-180.0 180.0   5.0 450.0                            LAT/LON1/LON2/DLON/H
   80   74   69   65   62   60   58   57   56   55   54   53   51   50   49   49
   49   50   50   51   51   51   50   49   50   54   62   74   89  106  123  139
  155  169  183  194  204  212  222  232  244  254  261  264  266  268  269  270
  269  266  262  256  251  244  237  230  224  217  210  201  190  177  164  152
  142  133  125  119  112  105   97   88   80
     5.0-180.0 180.0   5.0 450.0                            LAT/LON1/LON2/DLON/H
   80   73   68   65   62   60   58   57   55   55   54   53   52   51   50   50
   50   50   51   51   51   50   49   48   49   55   64   77   92  108  124  140
  155  169  182  195  205  214  224  234  245  255  261  264  267  269  271  272
  271  268  264  260  256  252  246  240  234  227  220  211  200  186  172  158
  146  136  128  121  113  106   97   88   80
     2.5-180.0 180.0   5.0 450.0                            LAT/LON1/LON2/DLON/H
   81   74   69   65   62   60   58   57   55   55   54   53   53   52   51   50
   50   50   50   50   49   48   46   46   48   55   66   79   94  109  124  139
  153  167  180  193  204  214  224  234  245  254  261  265  268  272  275  277
  276  273  269  267  265  262  258  252  246  239  231  222  210  195  180  164
  151  140  130  122  115  107   99   89   81
