sample_files/i/ionex/irtg0090.21i
     1.0            IONOSPHERE MAPS     GPS                 IONEX VERSION / TYPE
tecrms2ionex_4.awk  UPC-IonSAT          01/22/21 1001UT     PGM / RUN BY / DATE
Global ionosphere maps for day   9, 2021 ( 9- 1-2021)       DESCRIPTION
Contact address: Manuel Hernandez-Pajares                   DESCRIPTION
                 IonSAT research group                      DESCRIPTION
                 Technical Univ. of Catalonia (UPC-IonSAT)  DESCRIPTION
                 Mod. C3 Campus Nord UPC                    DESCRIPTION
                 E08034-Barcelona, SPAIN                    DESCRIPTION
                 e-mail:  manuel@ma4.upc.edu                DESCRIPTION
                                                            DESCRIPTION
  2021     1     9     0     0     0                        EPOCH OF FIRST MAP
  2021     1     9    23    40     0                        EPOCH OF LAST MAP
  1200                                                      INTERVAL
    72                                                      # OF MAPS IN FILE
  COSZ                                                      MAPPING FUNCTION
     0.0                                                    ELEVATION CUTOFF
    99                                                      # OF STATIONS
    33                                                      # OF SATELLITES
  6371.0                                                    BASE RADIUS
     2                                                      MAP DIMENSION
   450.0 450.0   0.0                                        HGT1 / HGT2 / DHGT
    87.5 -87.5  -2.5                                        LAT1 / LAT2 / DLAT
  -180.0 180.0   5.0                                        LON1 / LON2 / DLON
    -1                                                      EXPONENT
TEC values in  0.1 TECUs; 9999 if no value available        COMMENT
Validation with JASON: <TEC_JASON - TEC_GPS>  [TECU]        DESCRIPTION
         (reference day of year: 009)                       DESCRIPTION
                                                            DESCRIPTION
           Bias   Sigma     RMS    VTEC   %ERR    #OBS      DESCRIPTION
          -3.31    2.87    4.38    7.44   58.9   46939      DESCRIPTION
                                                            DESCRIPTION
UT(hours)  Bias   Sigma     RMS    VTEC   %ERR    #OBS      DESCRIPTION
   0.00   -1.52    5.70    5.90   12.05   49.0    2257      DESCRIPTION
   2.00   -3.40    2.24    4.07    7.23   56.2    4684      DESCRIPTION
   4.00   -2.86    2.50    3.80    7.48   50.8    3650      DESCRIPTION
   6.00   -2.54    2.56    3.61    8.81   40.9    3492      DESCRIPTION
   8.00   -3.86    3.53    5.23    6.55   79.8    4551      DESCRIPTION
  10.00   -3.58    2.82    4.56    5.91   77.1    4058      DESCRIPTION
  12.00   -2.94    2.50    3.86    5.78   66.9    4152      DESCRIPTION
  14.00   -3.91    2.62    4.71    6.83   68.9    3648      DESCRIPTION
  16.00   -3.31    2.25    4.00    8.84   45.3    3185      DESCRIPTION
  18.00   -3.89    2.53    4.64    6.69   69.4    4876      DESCRIPTION
  20.00   -3.20    2.16    3.86    7.71   50.1    4383      DESCRIPTION
  22.00   -3.72    2.39    4.42    9.11   48.5    3561      DESCRIPTION
  24.00   -2.63    1.16    2.88    0.36  795.4     442      DESCRIPTION
                                                            DESCRIPTION
Lat(deg)   Bias   Sigma     RMS    VTEC   %ERR    #OBS      DESCRIPTION
 -60.00   -2.25    2.20    3.14    6.58   47.8   11786      DESCRIPTION
 -40.00   -2.95    2.38    3.79    7.03   53.9    8992      DESCRIPTION
 -20.00   -4.72    2.99    5.59    9.68   57.7    6931      DESCRIPTION
   0.00   -4.92    2.67    5.60   10.74   52.1    6368      DESCRIPTION
  20.00   -2.90    4.12    5.04    9.75   51.6    5396      DESCRIPTION
  40.00   -3.52    2.13    4.11    3.49  117.9    4791      DESCRIPTION
  60.00   -2.08    1.87    2.80    1.26  221.7    2675      DESCRIPTION
                                                            END OF HEADER
[from data line 27027]
    64                                                      START OF TEC MAP
  2021     1     9    21     0     0                        EPOCH OF CURRENT MAP
    87.5-180.0 180.0   5.0 450.0                            LAT/LON1/LON2/DLON/H
   19   19   19   19   19   19   19   19   19   19   20   20   20   20   19   19
   19   19   19   19   19   19   19   18   18   18   18   18   18   18   17   17
   17   17   17   17   16   16   16   16   16   16   16   16   16   16   16   16
   15   16   16   16   16   16   16   16   16   17   17   16   17   17   17   17
   17   18   18   18   18   18   18   18   19
    85.0-180.0 180.0   5.0 450.0                            LAT/LON1/LON2/DLON/H
   20   20   20   20   20   21   21   21   21   21   21   21   22   22   21   22
   21   21   21   21   20   20   20   19   19   19   18   18   17   17   17   17
   17   16   16   16   15   15   15   15   15   14   15   15   15   14   14   14
   14   14   14   14   14   15   15   15   15   15   16   16   16   16   16   17
   17   17   18   18   18   18   19   19   20
    82.5-180.0 180.0   5.0 450.0                            LAT/LON1/LON2/DLON/H
   19   19   20   20   20   21   21   21   22   23   23   23   23   23   23   23
   23   23   23   22   22   21   21   20   20   19   19   18   18   17   17   16
   16   16   16   15   15   15   15   15   15   14   14   14   14   14   14   14
   13   13   13   14   14   14   14   14   14   15   15   16   16   16   17   17
   17   17   18   18   18   18   18   19   19
    80.0-180.0 180.0   5.0 450.0                            LAT/LON1/LON2/DLON/H
   18   19   19   19   19   20   21   22   22   23   24   24   25   25   25   25
   25   25   24   24   23   22   22   21   20   20   19   18   18   17   17   16
   16   16   16   16   15   15   15   15   15   15   15   15   14   14   14   14
   14   13   13   13   13   14   13   14   14   14   15   15   16   16   16   16
   17   17   17   17   17   17   17   18   18
    77.5-180.0 180.0   5.0 450.0                            LAT/LON1/LON2/DLON/H
   16   17   17   18   19   20   21   22   24   25   25   26   27   27   27   27
   27   27   26   25   25   23   23   22   20   20   19   18   17   17   17   16
   16   16   16   16   15   15   15   15   15   15   15   15   15   14   14   14
   14   13   13   13   13   14   14   13   14   14   15   15   15   16   16   16
   16   16   16   16   16   16   16   16   16
    75.0-180.0 180.0   5.0 450.0                            LAT/LON1/LON2/DLON/H
   15   16   16   18   19   20   22   24   25   26   28   29   29   31   31   31
   30   29   29   28   26   25   23   22   20   20   19   18   17   17   17   16
   16   16   16   16   15   15   15   15   15   15   15   15   15   15   15   14
   14   14   14   13   13   13   13   14   14   14   14   15   15   15   15   15
   15   15   15   14   15   14   15   15   15
    72.5-180.0 180.0   5.0 450.0                            LAT/LON1/LON2/DLON/H
   15   15   16   18   20   21   24   26   28   30   32   33   34   34   34   34
   33   32   31   29   28   26   25   23   21   20   19   18   17   16   16   16
   16   15   15   15   15   14   14   14   14   15   14   15   14   14   15   14
   14   14   14   14   14   14   14   14   14   14   15   15   14   15   15   15
   14   14   14   13   13   13   13   14   15
    70.0-180.0 180.0   5.0 450.0                            LAT/LON1/LON2/DLON/H
   15   16   18   20   22   24   27   29   32   34   36   38   39   39   39   39
   38   36   34   32   30   28   26   24   22   20   19   18   17   16   16   16
   15   15   14   14   13   13   13   12   13   13   13   13   14   14   14   14
   14   14   14   14   14   14   14   14   14   14   15   14   15   14   14   13
   13   13   12   12   12   12   13   14   15
    67.5-180.0 180.0   5.0 450.0                            LAT/LON1/LON2/DLON/H
   18   19   21   23   26   28   31   34   37   40   42   44   45   45   45   44
   43   41   38   36   34   30   28   26   23   21   19   18   17   16   16   16
   15   14   13   12   12   11   11   10   11   11   11   12   12   13   13   13
   13   13   13   13   13   13   14   14   14   15   15   15   15   14   14   13
   12   12   11   12   12   13   14   16   18
    65.0-180.0 180.0   5.0 450.0                            LAT/LON1/LON2/DLON/H
   21   23   25   28   30   33   37   39   43   46   48   49   51   51   51   50
   48   46   43   41   37   34   31   28   25   22   20   19   18   17   17   16
   15   15   13   12   11   10    9   10   10   10   11   11   12   12   13   13
   12   13   12   13   13   13   14   14   15   15   15   15   15   14   13   12
   12   11   11   12   13   15   17   19   21
    62.5-180.0 180.0   5.0 450.0                            LAT/LON1/LON2/DLON/H
   25   28   31   33   35   38   41   44   47   51   53   55   56   57   56   55
   54   51   48   46   42   38   34   31   28   25   23   21   20   19   18   18
   17   16   14   13   12   11   10   10   10   11   11   12   12   13   13   13
   12   12   13   12   13   14   14   15   15   15   15   15   15   14   13   13
   12   11   12   13   14   17   20   22   25
    60.0-180.0 180.0   5.0 450.0                            LAT/LON1/LON2/DLON/H
   30   33   36   38   40   43   46   49   52   55   57   59   61   62   61   61
   59   57   54   51   47   43   39   35   32   29   26   24   23   22   21   21
   20   19   17   16   15   14   13   13   13   14   14   15   15   15   15   14
   14   14   13   14   14   14   15   16   16   17   17   16   16   15   14   13
   12   13   13   14   16   19   23   27   30
    57.5-180.0 180.0   5.0 450.0                            LAT/LON1/LON2/DLON/H
   35   39   41   43   45   48   50   52   55   58   60   63   64   65   66   65
   64   62   59   56   52   48   44   40   37   33   31   29   27   26   25   24
   24   23   22   20   20   19   18   18   18   19   19   20   19   19   19   18
   17   17   16   16   16   16   17   17   18   18   18   18   17   17   16   15
   14   14   14   16   19   23   27   31   35
    55.0-180.0 180.0   5.0 450.0                            LAT/LON1/LON2/DLON/H
   40   44   47   49   51   53   55   57   59   61   63   65   67   69   69   69
   69   67   64   61   57   54   50   47   43   40   37   35   33   31   30   30
   29   28   28   27   26   26   25   25   25   26   26   26   26   25   24   23
   22   21   20   20   19   19   19   20   20   21   21   20   20   19   18   18
   17   16   17   19   22   26   31   36   40
    52.5-180.0 180.0   5.0 450.0                            LAT/LON1/LON2/DLON/H
   45   49   52   55   57   59   61   62   64   65   67   68   70   72   73   73
   73   71   68   66   63   60   56   53   50   47   44   42   39   38   36   35
   34   34   33   33   33   33   33   33   33   34   34   34   33   32   30   29
   28   26   26   25   24   24   23   24   24   24   24   24   23   22   21   20
   19   19   20   22   25   30   35   40   45
    50.0-180.0 180.0   5.0 450.0                            LAT/LON1/LON2/DLON/H
   50   54   58   61   64   67   69   70   71   71   72   73   74   75   76   77
   76   75   73   70   68   65   63   60   57   55   52   49   47   44   41   40
   40   39   40   40   40   40   40   40   40   40   40   40   39   38   37   36
   34   33   32   31   30   29   28   28   28   28   28   27   26   26   24   23
   22   22   22   25   29   33   39   44   50
    47.5-180.0 180.0   5.0 450.0                            LAT/LON1/LON2/DLON/H
   54   59   64   68   72   76   78   80   80   79   79   79   79   80   81   81
   80   79   77   74   73   71   69   67   65   63   60   56   53   50   47   45
   44   44   44   45   45   46   45   45   46   46   46   45   45   44   43   42
   41   40   39   37   36   34   33   33   33   33   32   31   30   29   28   27
   25   25   26   28   32   37   42   48   54
    45.0-180.0 180.0   5.0 450.0                            LAT/LON1/LON2/DLON/H
   58   64   70   75   80   85   88   90   90   89   87   85   85   86   86   86
   85   83   81   79   78   77   76   75   73   70   67   63   59   55   51   49
   48   48   48   49   49   49   49   49   49   49   49   50   49   48   48   47
   47   46   45   43   41   40   39   38   38   37   36   36   34   33   31   29
   28   27   28   31   35   40   46   52   58
    42.5-180.0 180.0   5.0 450.0                            LAT/LON1/LON2/DLON/H
   62   68   75   81   87   93   97   99  100   98   96   94   92   92   92   91
   90   87   85   84   83   83   82   81   79   77   73   69   64   59   55   52
   51   50   51   51   52   52   51   51   51   52   52   52   52   52   51   51
   51   51   50   48   46   44   43   43   42   41   41   39   38   36   34   32
   31   30   32   34   38   44   49   56   62
    40.0-180.0 180.0   5.0 450.0                            LAT/LON1/LON2/DLON/H
   65   72   78   85   91   98  103  107  108  107  104  102  100   99   98   96
   94   92   90   89   89   89   88   87   85   82   77   73   67   62   58   55
   53   53   53   53   53   53   53   53   53   53   54   54   54   54   54   54
   54   53   53   51   50   48   47   46   46   45   44   43   41   39   37   35
   33   33   34   37   42   47   53   59   65
    37.5-180.0 180.0   5.0 450.0                            LAT/LON1/LON2/DLON/H
   69   75   81   87   93  100  106  110  113  112  110  108  106  105  103  102
   99   97   95   94   94   94   93   91   88   85   80   75   70   65   62   59
   57   56   55   55   55   54   54   54   54   55   55   56   56   56   56   55
   55   55   54   53   51   50   49   49   49   48   46   45   43   41   40   37
   36   36   38   41   46   51   57   62   69
    35.0-180.0 180.0   5.0 450.0                            LAT/LON1/LON2/DLON/H
   72   77   83   88   93   99  105  111  114  115  114  112  111  109  108  106
  104  102  101  100  100   99   98   95   91   87   82   77   72   68   65   63
   61   60   59   58   58   57   57   57   57   57   57   58   58   58   57   56
   56   55   55   53   52   51   51   50   50   49   48   46   45   43   42   40
   38   39   41   45   50   55   60   66   72
    32.5-180.0 180.0   5.0 450.0                            LAT/LON1/LON2/DLON/H
   75   80   84   88   92   97  103  109  114  116  116  115  114  113  112  111
  109  107  106  106  106  104  102   98   93   88   83   79   75   72   71   69
   67   66   64   63   62   61   60   60   60   60   60   60   60   60   58   57
   56   54   54   53   52   51   51   51   50   50   48   47   46   45   43   42
   41   42   45   49   54   59   64   70   75
    30.0-180.0 180.0   5.0 450.0                            LAT/LON1/LON2/DLON/H
   80   84   87   89   92   96  102  108  113  117  118  119  118  118  118  117
  115  114  113  112  112  109  106  100   95   90   85   82   79   78   77   76
   75   73   71   69   67   65   65   64   64   64   63   62   61   61   59   57
   55   53   52   51   51   50   50   50   49   49   47   46   46   45   44   43
   43   46   49   54   58   63   68   74   80
    27.5-180.0 180.0   5.0 450.0                            LAT/LON1/LON2/DLON/H
   85   90   93   95   97  100  105  111  116  120  123  124  125  125  125  124
  123  122  120  119  118  115  110  105   99   93   89   86   85   85   84   85
   84   82   78   74   72   70   68   68   67   65   65   63   63   62   60   57
   54   51   50   50   49   49   49   49   49   47   46   46   45   45   44   44
   46   49   53   59   64   68   74   79   85
    25.0-180.0 180.0   5.0 450.0                            LAT/LON1/LON2/DLON/H
   93   99  102  105  107  111  115  120  125  129  132  134  135  136  136  135
  134  132  129  128  125  121  116  110  105  100   96   94   93   93   94   94
   93   89   85   81   76   73   71   70   68   67   64   63   62   61   59   56
   53   50   48   48   48   48   47   47   47   46   44   44   43   43   44   45
   47   52   58   63   69   74   80   86   93
    22.5-180.0 180.0   5.0 450.0                            LAT/LON1/LON2/DLON/H
  103  110  116  120  124  128  132  137  141  144  147  148  150  150  150  149
  147  144  140  137  134  130  125  119  114  109  106  104  103  103  103  103
  101   97   92   86   80   76   73   71   68   66   63   61   60   59   57   54
   51   48   47   46   46   46   45   45   44   44   43   41   41   41   42   44
   48   54   61   68   74   80   87   94  103
    20.0-180.0 180.0   5.0 450.0                            LAT/LON1/LON2/DLON/H
  113  123  131  139  145  151  155  160  163  166  167  169  169  170  169  167
  164  159  154  150  146  142  137  132  126  122  118  116  114  113  113  111
  109  104   97   90   83   78   73   70   66   63   60   58   57   56   55   52
   49   46   45   45   45   44   43   43   42   41   40   39   39   38   39   43
   48   55   64   72   79   86   94  103  113
    17.5-180.0 180.0   5.0 450.0                            LAT/LON1/LON2/DLON/H
  124  136  147  159  168  177  182  186  189  191  192  192  193  192  191  188
  183  177  170  164  160  156  152  147  142  138  134  130  127  124  122  119
  115  109  102   94   86   79   73   68   64   60   57   55   53   53   51   50
   47   45   43   43   43   42   41   40   40   39   38   37   36   36   37   41
   47   56   66   76   84   92  101  112  124
    15.0-180.0 180.0   5.0 450.0                            LAT/LON1/LON2/DLON/H
  134  148  163  177  190  200  208  212  214  215  217  217  217  216  213  210
  203  196  188  181  177  173  170  165  160  155  150  145  140  134  129  125
  120  113  106   97   88   81   74   68   63   59   55   52   51   50   49   47
   45   43   41   42   41   40   39   38   38   37   37   35   34   33   34   38
   46   57   68   79   88   98  109  121  134
    12.5-180.0 180.0   5.0 450.0                            LAT/LON1/LON2/DLON/H
  142  158  174  192  207  220  228  232  235  237  238  239  238  238  235  231
  224  215  207  199  195  192  189  184  179  173  166  159  152  144  136  130
  124  117  110  101   92   85   77   70   65   59   55   52   50   48   47   46
   43   41   40   40   40   39   37   37   36   36   35   34   32   31   32   37
   46   57   69   81   92  103  115  128  142
    10.0-180.0 180.0   5.0 450.0                            LAT/LON1/LON2/DLON/H
  149  165  183  201  218  232  240  245  248  251  253  255  256  255  253  249
  242  234  224  218  214  211  208  203  197  190  182  173  164  153  143  135
  128  121  115  106   98   90   82   75   69   63   59   55   52   50   47   45
   43   41   39   39   39   37   36   35   35   35   34   33   31   30   31   37
   45   58   71   83   95  108  120  134  149
     7.5-180.0 180.0   5.0 450.0                            LAT/LON1/LON2/DLON/H
  154  170  187  205  222  235  243  248  252  256  260  264  267  267  266  263
  257  249  241  235  231  228  225  219  212  204  196  186  175  162  150  141
  133  127  120  114  106   98   90   82   76   70   65   61   57   53   49   47
   44   41   40   39   38   37   36   34   34   34   34   33   31   30   32   37
   46   59   72   85   98  111  125  139  154
     5.0-180.0 180.0   5.0 450.0                            LAT/LON1/LON2/DLON/H
  158  172  189  206  221  232  239  244  248  253  260  266  271  273  273  272
  267  261  255  250  246  243  239  233  225  216  207  197  185  171  158  148
  139  133  128  121  115  107  100   92   85   79   74   68   63   58   53   50
   46   43   41   39   39   37   36   35   34   34   34   34   32   32   34   40
   49   61   73   86   99  114  129  143  158
     2.5-180.0 180.0   5.0 450.0                            LAT/LON1/LON2/DLON/H
  160  175  190  204  217  225  231  235  239  246  254  262  269  274  276  277
  274  270  265  261  257  254  249  242  234  225  216  207  195  180  166  154
  146  140  135  129  123  117  109  101   94   88   82   77   71   65   59   54
   50   47   44   42   40   39   37   36   36   35   35   34   34   34   37   43
   52   63   75   87  100  115  131  146  160
