sample_files/i/ionex/irtg0080.21i
     1.0            IONOSPHERE MAPS     GPS                 IONEX VERSION / TYPE
tecrms2ionex_4.awk  UPC-IonSAT          01/22/21 1001UT     PGM / RUN BY / DATE
Global ionosphere maps for day   8, 2021 ( 8- 1-2021)       DESCRIPTION
Contact address: Manuel Hernandez-Pajares                   DESCRIPTION
                 IonSAT research group                      DESCRIPTION
                 Technical Univ. of Catalonia (UPC-IonSAT)  DESCRIPTION
                 Mod. C3 Campus Nord UPC                    DESCRIPTION
                 E08034-Barcelona, SPAIN                    DESCRIPTION
                 e-mail:  manuel@ma4.upc.edu                DESCRIPTION
                                                            DESCRIPTION
  2021     1     8     0     0     0                        EPOCH OF FIRST MAP
  2021     1     8    23    40     0                        EPOCH OF LAST MAP
  1200                                                      INTERVAL
    72                                                      # OF MAPS IN FILE
  COSZ                                                      MAPPING FUNCTION
     0.0                                                    ELEVATION CUTOFF
    99                                                      # OF STATIONS
    33                                                      # OF SATELLITES
  6371.0                                                    BASE RADIUS
     2                                                      MAP DIMENSION
   450.0 450.0   0.0                                        HGT1 / HGT2 / DHGT
    87.5 -87.5  -2.5                                        LAT1 / LAT2 / DLAT
  -180.0 180.0   5.0                                        LON1 / LON2 / DLON
    -1                                                      EXPONENT
TEC values in  0.1 TECUs; 9999 if no value available        COMMENT
Validation with JASON: <TEC_JASON - TEC_GPS>  [TECU]        DESCRIPTION
         (reference day of year: 008)                       DESCRIPTION
                                                            DESCRIPTION
           Bias   Sigma     RMS    VTEC   %ERR    #OBS      DESCRIPTION
          -3.77    2.71    4.64    7.48   62.1   48734      DESCRIPTION
                                                            DESCRIPTION
UT(hours)  Bias   Sigma     RMS    VTEC   %ERR    #OBS      DESCRIPTION
   0.00   -3.63    2.02    4.16    2.38  174.3    1977      DESCRIPTION
   2.00   -4.54    3.34    5.64    7.12   79.2    5235      DESCRIPTION
   4.00   -2.85    2.40    3.73    8.00   46.6    4018      DESCRIPTION
   6.00   -2.84    2.33    3.67   10.74   34.2    3682      DESCRIPTION
   8.00   -3.37    2.62    4.27    8.81   48.4    4804      DESCRIPTION
  10.00   -4.23    2.61    4.97    6.69   74.3    4089      DESCRIPTION
  12.00   -3.95    2.36    4.61    6.24   73.9    4131      DESCRIPTION
  14.00   -3.69    2.19    4.29    7.94   54.1    4477      DESCRIPTION
  16.00   -3.27    2.36    4.03    6.28   64.2    3679      DESCRIPTION
  18.00   -3.91    2.57    4.68    7.75   60.4    3951      DESCRIPTION
  20.00   -4.59    3.34    5.68    7.91   71.7    3890      DESCRIPTION
  22.00   -4.20    2.85    5.07    8.46   60.0    3957      DESCRIPTION
  24.00   -3.22    1.92    3.74    2.23  167.8     844      DESCRIPTION
                                                            DESCRIPTION
Lat(deg)   Bias   Sigma     RMS    VTEC   %ERR    #OBS      DESCRIPTION
 -60.00   -2.52    2.01    3.22    6.65   48.5   12340      DESCRIPTION
 -40.00   -3.61    2.17    4.21    6.68   63.0    9818      DESCRIPTION
 -20.00   -5.49    3.02    6.26    9.16   68.3    6917      DESCRIPTION
   0.00   -5.16    2.40    5.69   11.19   50.9    6950      DESCRIPTION
  20.00   -4.16    3.20    5.25    9.36   56.1    5709      DESCRIPTION
  40.00   -3.39    2.35    4.12    3.85  107.2    4597      DESCRIPTION
  60.00   -1.74    1.87    2.55    1.88  135.8    2403      DESCRIPTION
                                                            END OF HEADER
[from data line 13728]
    33                                                      START OF TEC MAP
  2021     1     8    10    40     0                        EPOCH OF CURRENT MAP
    87.5-180.0 180.0   5.0 450.0                            LAT/LON1/LON2/DLON/H
   22   21   21   21   21   21   20   20   20   20   19   19   19   19   19   19
   19   19   19   19   19   19   19   18   19   19   19   19   19   19   19   19
   19   19   19   19   20   20   20   20   20   20   20   20   20   21   21   21
   21   21   21   21   22   22   22   22   22   22   22   22   23   23   23   23
   23   22   22   22   22   22   22   22   22
    85.0-180.0 180.0   5.0 450.0                            LAT/LON1/LON2/DLON/H
   23   23   22   22   21   20   20   19   19   18   18   17   17   17   17   17
   16   16   16   16   16   16   17   17   17   17   18   18   18   18   18   18
   19   19   19   19   19   19   20   20   20   20   20   20   20   20   20   21
   21   21   21   22   22   22   23   23   23   23   24   24   24   24   25   25
   25   25   25   25   24   24   24   23   23
    82.5-180.0 180.0   5.0 450.0                            LAT/LON1/LON2/DLON/H
   24   23   22   21   21   20   19   18   17   17   16   15   15   14   14   14
   14   14   14   15   15   15   16   16   16   17   17   17   18   18   19   18
   19   19   19   19   19   19   20   20   20   20   20   20   20   20   20   21
   21   21   21   21   22   22   23   23   24   24   24   25   25   25   26   26
   26   26   26   26   26   26   25   25   24
    80.0-180.0 180.0   5.0 450.0                            LAT/LON1/LON2/DLON/H
   23   23   22   21   20   19   18   17   16   15   14   14   13   13   12   12
   12   12   13   13   14   14   15   16   16   17   17   18   18   19   18   19
   19   19   20   19   20   20   20   20   20   20   20   21   21   21   21   21
   21   21   21   21   21   22   22   23   23   23   24   24   25   26   26   26
   27   27   27   26   26   26   25   24   23
    77.5-180.0 180.0   5.0 450.0                            LAT/LON1/LON2/DLON/H
   23   22   21   20   19   18   17   16   15   14   13   12   12   11   11   11
   11   11   12   13   13   14   15   16   17   17   17   18   18   18   19   19
   19   19   20   20   20   21   21   22   22   22   22   22   22   22   22   22
   22   22   21   21   21   21   21   22   22   22   23   24   24   25   25   26
   26   26   26   26   26   25   24   24   23
    75.0-180.0 180.0   5.0 450.0                            LAT/LON1/LON2/DLON/H
   21   20   19   19   18   17   17   16   15   14   13   12   11   11   11   11
   11   12   12   13   14   15   15   16   17   17   17   18   18   18   18   18
   19   19   19   20   21   22   22   23   24   24   25   25   25   25   25   25
   24   23   23   22   22   21   21   21   21   21   21   22   23   23   24   24
   25   25   25   25   24   23   23   22   21
    72.5-180.0 180.0   5.0 450.0                            LAT/LON1/LON2/DLON/H
   19   19   18   17   17   17   16   16   15   14   13   13   12   12   11   11
   12   12   13   13   14   15   16   16   16   16   16   16   16   16   16   17
   17   18   20   20   22   23   24   25   27   27   28   28   29   29   29   28
   27   26   25   24   23   22   21   20   20   20   20   20   21   21   22   22
   23   23   23   23   22   22   21   20   19
    70.0-180.0 180.0   5.0 450.0                            LAT/LON1/LON2/DLON/H
   18   17   17   16   16   17   16   16   16   15   14   14   13   13   13   13
   13   13   14   14   15   15   15   15   15   15   14   14   14   14   14   15
   16   17   19   21   23   25   27   29   30   32   32   33   33   33   33   31
   30   29   28   26   24   22   21   20   20   19   19   19   20   20   21   21
   21   22   21   21   20   20   19   18   18
    67.5-180.0 180.0   5.0 450.0                            LAT/LON1/LON2/DLON/H
   17   17   16   16   17   17   17   17   17   16   16   15   15   14   13   14
   14   14   14   14   15   15   15   15   14   13   13   12   11   11   12   13
   15   17   20   22   26   28   31   33   35   36   37   38   38   38   37   36
   34   33   31   29   27   25   23   21   21   20   19   19   19   19   20   20
   20   20   20   20   20   19   18   17   17
    65.0-180.0 180.0   5.0 450.0                            LAT/LON1/LON2/DLON/H
   17   17   17   17   17   18   18   18   17   17   17   16   16   15   15   15
   15   14   15   15   15   15   14   13   13   12   11   10   10   11   12   14
   16   19   22   26   29   32   35   38   40   41   43   43   43   42   41   40
   38   36   34   32   30   27   25   24   22   21   20   20   20   20   19   20
   20   20   20   20   20   19   18   17   17
    62.5-180.0 180.0   5.0 450.0                            LAT/LON1/LON2/DLON/H
   18   18   18   18   18   18   18   18   18   17   16   16   16   15   15   15
   15   15   14   14   14   14   14   13   12   12   11   11   11   12   13   16
   19   23   27   30   34   38   41   44   46   47   48   49   48   47   46   45
   43   40   39   36   33   31   29   27   25   24   22   22   21   20   20   20
   20   21   21   21   21   21   20   19   18
    60.0-180.0 180.0   5.0 450.0                            LAT/LON1/LON2/DLON/H
   21   21   20   20   20   19   19   19   18   17   17   16   16   16   15   15
   15   15   14   14   14   14   13   13   13   13   12   13   14   15   18   21
   25   29   33   37   41   44   47   50   52   54   55   55   54   53   52   50
   48   46   43   41   38   35   33   31   29   27   26   24   23   22   22   21
   21   22   23   23   23   23   23   22   21
    57.5-180.0 180.0   5.0 450.0                            LAT/LON1/LON2/DLON/H
   25   24   23   23   22   21   20   19   18   17   16   16   16   16   16   16
   16   16   15   15   15   15   15   15   15   16   16   17   19   21   24   28
   33   37   41   45   48   51   54   57   58   60   61   61   61   59   58   56
   53   51   49   47   44   41   38   35   33   31   29   27   26   24   23   23
   23   24   25   26   26   26   26   26   25
    55.0-180.0 180.0   5.0 450.0                            LAT/LON1/LON2/DLON/H
   29   27   27   26   25   23   22   20   19   18   17   17   17   17   17   18
   17   17   17   17   17   17   18   18   20   20   22   23   26   29   33   37
   42   46   50   53   56   58   61   63   65   67   67   68   67   66   64   62
   60   58   55   53   50   47   44   41   38   36   34   31   30   27   26   25
   25   26   27   29   30   30   30   30   29
    52.5-180.0 180.0   5.0 450.0                            LAT/LON1/LON2/DLON/H
   32   31   30   29   28   26   24   23   22   21   20   20   20   20   20   20
   20   20   20   20   21   21   22   23   25   26   28   31   34   37   42   46
   51   55   58   61   63   65   67   69   71   73   75   75   75   73   71   70
   68   65   63   60   57   54   50   47   43   40   38   35   33   31   29   29
   28   29   30   32   33   33   34   33   32
    50.0-180.0 180.0   5.0 450.0                            LAT/LON1/LON2/DLON/H
   36   35   33   33   31   29   28   27   26   25   25   25   24   25   25   25
   25   25   25   26   26   27   28   29   31   33   35   38   41   45   50   55
   59   63   66   68   70   71   73   75   77   79   81   82   82   81   79   77
   75   72   70   67   64   60   56   52   48   45   43   40   38   35   34   33
   32   33   34   35   37   37   37   37   36
    47.5-180.0 180.0   5.0 450.0                            LAT/LON1/LON2/DLON/H
   39   38   37   36   35   34   33   32   31   31   30   31   30   30   30   30
   30   31   32   32   33   34   35   36   38   39   41   44   48   52   57   61
   66   70   73   74   76   77   78   80   83   85   87   88   89   87   86   83
   81   78   76   74   70   66   62   57   53   49   46   44   42   40   38   37
   37   37   38   39   40   40   40   40   39
    45.0-180.0 180.0   5.0 450.0                            LAT/LON1/LON2/DLON/H
   41   41   40   40   39   38   38   37   37   37   38   38   38   37   37   37
   37   38   39   40   41   41   41   42   43   45   46   49   53   57   61   66
   71   74   78   80   82   83   84   86   88   91   93   94   94   93   91   89
   86   83   81   78   75   70   66   61   56   53   50   48   46   45   43   42
   42   42   42   43   43   43   42   42   41
    42.5-180.0 180.0   5.0 450.0                            LAT/LON1/LON2/DLON/H
   43   43   43   43   43   43   43   42   43   44   44   45   45   44   44   44
   44   45   46   47   48   48   48   48   48   49   51   53   56   60   65   69
   74   78   82   85   87   88   90   91   94   96   98   99   99   98   96   93
   91   87   85   82   78   74   70   65   60   56   54   52   51   49   48   48
   47   46   46   45   45   45   44   44   43
    40.0-180.0 180.0   5.0 450.0                            LAT/LON1/LON2/DLON/H
   45   44   44   44   45   45   46   46   48   49   50   51   51   50   50   50
   50   52   54   55   55   54   53   52   52   53   54   56   59   62   67   71
   76   81   85   90   93   95   97   98  100  102  103  104  103  102  100   97
   94   91   87   84   81   77   73   67   63   60   57   56   54   53   52   51
   51   49   48   47   46   46   45   45   45
    37.5-180.0 180.0   5.0 450.0                            LAT/LON1/LON2/DLON/H
   45   45   45   45   46   47   47   48   50   52   53   54   55   55   55   55
   56   57   58   60   60   59   57   56   55   55   57   59   61   65   69   73
   78   84   90   95  100  103  105  107  108  109  109  110  109  108  105  102
   99   94   91   88   84   80   76   71   67   63   61   59   58   57   55   55
   53   52   50   48   46   46   46   45   45
    35.0-180.0 180.0   5.0 450.0                            LAT/LON1/LON2/DLON/H
   45   45   45   45   46   46   47   48   50   52   54   56   57   57   58   58
   59   61   62   63   63   61   59   57   57   57   59   62   64   68   72   77
   82   89   96  103  109  113  116  116  117  117  117  117  116  115  113  110
  106  101   96   92   89   85   81   76   71   68   65   63   61   59   58   56
   55   53   51   48   46   46   45   45   45
    32.5-180.0 180.0   5.0 450.0                            LAT/LON1/LON2/DLON/H
   45   45   45   45   45   45   45   46   48   50   52   55   57   58   58   59
   60   62   63   63   63   61   59   57   57   59   61   65   68   72   77   81
   87   94  102  111  118  124  127  127  128  128  127  127  126  126  124  121
  117  111  106  101   97   93   89   84   79   74   70   67   64   62   59   58
   57   54   51   48   46   45   45   45   45
    30.0-180.0 180.0   5.0 450.0                            LAT/LON1/LON2/DLON/H
   45   44   44   44   44   43   43   43   45   46   49   52   54   56   58   59
   59   60   62   62   61   60   58   57   58   60   64   68   72   77   82   87
   94  102  111  121  129  135  139  140  140  140  140  140  140  140  139  137
  133  126  120  114  109  105  100   94   88   82   78   73   69   65   62   60
   58   55   52   48   46   46   45   45   45
    27.5-180.0 180.0   5.0 450.0                            LAT/LON1/LON2/DLON/H
   45   45   44   43   43   42   41   40   41   42   45   48   51   54   55   56
   57   58   59   58   58   56   55   55   57   61   66   71   77   83   88   95
  102  111  121  132  141  148  151  153  154  155  155  156  157  158  159  157
  153  146  138  130  125  119  114  107  100   93   87   81   76   70   66   63
   61   58   54   51   48   47   47   46   45
    25.0-180.0 180.0   5.0 450.0                            LAT/LON1/LON2/DLON/H
   47   45   44   44   43   42   40   39   38   40   42   45   47   50   52   53
   53   54   54   54   54   53   52   54   57   62   68   74   81   88   96  103
  111  120  131  142  152  160  164  167  169  170  172  174  176  178  180  179
  175  168  159  151  144  137  130  122  114  106   99   92   85   78   72   69
   66   63   59   55   52   51   49   49   47
    22.5-180.0 180.0   5.0 450.0                            LAT/LON1/LON2/DLON/H
   50   48   47   45   44   43   41   39   38   38   39   42   45   47   48   49
   50   50   50   49   49   49   50   52   57   62   69   77   85   94  103  112
  121  131  142  154  164  171  177  180  184  187  189  193  195  199  201  202
  197  190  181  171  164  156  148  139  130  122  114  105   96   88   81   77
   74   70   66   62   58   56   54   52   50
    20.0-180.0 180.0   5.0 450.0                            LAT/LON1/LON2/DLON/H
   54   51   50   48   47   46   44   41   39   38   39   41   43   45   46   46
   46   46   46   46   46   47   48   51   57   63   71   79   89   99  110  120
  131  142  153  165  174  182  188  194  198  203  207  210  214  218  221  221
  217  210  201  192  183  174  166  156  146  137  129  120  110  101   93   88
   84   80   75   71   67   63   60   57   54
    17.5-180.0 180.0   5.0 450.0                            LAT/LON1/LON2/DLON/H
   58   54   53   52   51   49   47   45   42   40   40   41   42   43   44   43
   43   43   43   43   44   45   47   51   57   64   72   81   92  104  117  129
  141  152  164  175  184  192  199  205  211  217  222  226  230  234  236  236
  233  226  217  209  200  192  183  173  163  153  145  135  125  115  107  100
   95   90   85   80   75   71   66   62   58
    15.0-180.0 180.0   5.0 450.0                            LAT/LON1/LON2/DLON/H
   62   58   56   55   54   53   51   48   45   43   42   42   43   42   42   42
   41   41   41   41   42   44   47   52   58   66   74   84   95  109  123  137
  150  161  173  184  193  200  207  215  222  229  234  238  242  245  247  246
  243  237  230  222  214  206  198  187  178  168  160  150  139  129  120  112
  106  101   95   89   83   78   73   67   62
    12.5-180.0 180.0   5.0 450.0                            LAT/LON1/LON2/DLON/H
   65   61   58   57   55   55   53   51   48   46   45   44   43   43   41   41
   41   41   41   41   42   44   48   54   60   68   77   87  100  114  130  144
  157  169  180  190  199  207  215  223  231  238  243  248  250  252  253  252
  248  244  238  232  226  219  211  201  191  182  173  163  153  142  133  124
  116  109  102   96   90   83   77   71   65
    10.0-180.0 180.0   5.0 450.0                            LAT/LON1/LON2/DLON/H
   67   62   59   56   55   55   54   52   50   48   46   46   44   43   41   40
   40   41   41   41   42   44   49   55   62   71   80   91  104  119  135  149
  162  174  186  195  204  213  221  229  238  245  250  253  255  257  256  254
  251  248  244  240  235  229  222  213  204  194  185  175  164  153  143  133
  124  115  107  101   94   87   80   73   67
     7.5-180.0 180.0   5.0 450.0                            LAT/LON1/LON2/DLON/H
   68   63   58   55   54   53   52   51   49   48   47   46   45   43   41   40
   41   41   42   41   42   44   50   57   65   73   83   95  109  125  139  154
  166  178  188  198  207  215  224  234  242  249  254  258  259  260  259  256
  254  252  249  247  244  239  232  224  215  205  195  184  172  161  150  140
  130  120  110  103   96   89   81   74   68
     5.0-180.0 180.0   5.0 450.0                            LAT/LON1/LON2/DLON/H
   68   63   58   54   51   50   50   49   47   46   46   45   44   43   41   41
   41   41   42   41   41   44   50   58   67   76   87   99  114  129  143  156
  167  179  189  199  208  217  227  236  245  252  257  260  263  264  263  261
  259  257  257  255  253  249  243  235  225  214  202  191  179  167  156  145
  134  123  113  104   97   90   83   75   68
     2.5-180.0 180.0   5.0 450.0                            LAT/LON1/LON2/DLON/H
   70   63   57   52   49   47   47   46   45   44   44   45   44   42   40   40
   41   42   41   40   41   44   50   59   69   79   91  103  118  132  145  157
  167  178  188  198  207  217  227  237  246  253  259  264  268  269  269  268
  266  266  266  266  264  260  254  245  234  222  209  196  183  171  160  149
  138  126  115  106   99   91   84   76   70
