sample_files/i/ionex/irtg0090.21i
     1.0            IONOSPHERE MAPS     GPS                 IONEX VERSION / TYPE
tecrms2ionex_4.awk  UPC-IonSAT          01/22/21 1001UT     PGM / RUN BY / DATE
Global ionosphere maps for day   9, 2021 ( 9- 1-2021)       DESCRIPTION
Contact address: Manuel Hernandez-Pajares                   DESCRIPTION
                 IonSAT research group                      DESCRIPTION
                 Technical Univ. of Catalonia (UPC-IonSAT)  DESCRIPTION
                 Mod. C3 Campus Nord UPC                    DESCRIPTION
                 E08034-Barcelona, SPAIN                    DESCRIPTION
                 e-mail:  manuel@ma4.upc.edu                DESCRIPTION
                                                            DESCRIPTION
  2021     1     9     0     0     0                        EPOCH OF FIRST MAP
  2021     1     9    23    40     0                        EPOCH OF LAST MAP
  1200                                                      INTERVAL
    72                                                      # OF MAPS IN FILE
  COSZ                                                      MAPPING FUNCTION
     0.0                                                    ELEVATION CUTOFF
    99                                                      # OF STATIONS
    33                                                      # OF SATELLITES
  6371.0                                                    BASE RADIUS
     2                                                      MAP DIMENSION
   450.0 450.0   0.0                                        HGT1 / HGT2 / DHGT
    87.5 -87.5  -2.5                                        LAT1 / LAT2 / DLAT
  -180.0 180.0   5.0                                        LON1 / LON2 / DLON
    -1                                                      EXPONENT
TEC values in  0.1 TECUs; 9999 if no value available        COMMENT
Validation with JASON: <TEC_JASON - TEC_GPS>  [TECU]        DESCRIPTION
         (reference day of year: 009)                       DESCRIPTION
                                                            DESCRIPTION
           Bias   Sigma     RMS    VTEC   %ERR    #OBS      DESCRIPTION
          -3.31    2.87    4.38    7.44   58.9   46939      DESCRIPTION
                                                            DESCRIPTION
UT(hours)  Bias   Sigma     RMS    VTEC   %ERR    #OBS      DESCRIPTION
   0.00   -1.52    5.70    5.90   12.05   49.0    2257      DESCRIPTION
   2.00   -3.40    2.24    4.07    7.23   56.2    4684      DESCRIPTION
   4.00   -2.86    2.50    3.80    7.48   50.8    3650      DESCRIPTION
   6.00   -2.54    2.56    3.61    8.81   40.9    3492      DESCRIPTION
   8.00   -3.86    3.53    5.23    6.55   79.8    4551      DESCRIPTION
  10.00   -3.58    2.82    4.56    5.91   77.1    4058      DESCRIPTION
  12.00   -2.94    2.50    3.86    5.78   66.9    4152      DESCRIPTION
  14.00   -3.91    2.62    4.71    6.83   68.9    3648      DESCRIPTION
  16.00   -3.31    2.25    4.00    8.84   45.3    3185      DESCRIPTION
  18.00   -3.89    2.53    4.64    6.69   69.4    4876      DESCRIPTION
  20.00   -3.20    2.16    3.86    7.71   50.1    4383      DESCRIPTION
  22.00   -3.72    2.39    4.42    9.11   48.5    3561      DESCRIPTION
  24.00   -2.63    1.16    2.88    0.36  795.4     442      DESCRIPTION
                                                            DESCRIPTION
Lat(deg)   Bias   Sigma     RMS    VTEC   %ERR    #OBS      DESCRIPTION
 -60.00   -2.25    2.20    3.14    6.58   47.8   11786      DESCRIPTION
 -40.00   -2.95    2.38    3.79    7.03   53.9    8992      DESCRIPTION
 -20.00   -4.72    2.99    5.59    9.68   57.7    6931      DESCRIPTION
   0.00   -4.92    2.67    5.60   10.74   52.1    6368      DESCRIPTION
  20.00   -2.90    4.12    5.04    9.75   51.6    5396      DESCRIPTION
  40.00   -3.52    2.13    4.11    3.49  117.9    4791      DESCRIPTION
  60.00   -2.08    1.87    2.80    1.26  221.7    2675      DESCRIPTION
                                                            END OF HEADER
[from data line 24024]
    57                                                      START OF TEC MAP
  2021     1     9    18    40     0                        EPOCH OF CURRENT MAP
    87.5-180.0 180.0   5.0 450.0                            LAT/LON1/LON2/DLON/H
   20   20   20   20   20   20   21   21   21   21   21   21   21   21   21   21
   21   21   21   21   21   21   20   20   21   21   20   20   20   20   20   20
   20   20   20   19   19   19   19   19   19   19   19   19   19   19   19   19
   18   18   18   18   19   18   18   18   19   18   18   18   19   19   19   18
   19   19   19   19   19   19   19   19   20
    85.0-180.0 180.0   5.0 450.0                            LAT/LON1/LON2/DLON/H
   20   20   20   20   21   21   21   21   22   22   22   22   22   22   22   23
   22   23   22   23   22   22   22   22   22   21   21   21   21   21   21   20
   20   20   20   20   19   19   19   19   19   18   18   18   18   18   18   18
   18   17   17   17   17   17   17   17   17   17   18   18   18   18   18   18
   18   18   18   19   19   19   20   20   20
    82.5-180.0 180.0   5.0 450.0                            LAT/LON1/LON2/DLON/H
   19   20   20   20   20   21   21   22   22   23   23   23   24   24   24   24
   24   25   24   24   24   24   24   23   23   23   22   22   22   21   21   21
   21   20   20   20   20   19   19   19   19   18   18   18   17   17   17   17
   17   17   17   17   16   16   17   16   17   17   17   17   17   17   17   18
   18   18   18   19   18   19   19   19   19
    80.0-180.0 180.0   5.0 450.0                            LAT/LON1/LON2/DLON/H
   19   19   19   19   20   20   21   22   22   23   24   25   25   25   26   26
   26   27   26   26   26   26   25   25   24   23   23   23   22   22   21   21
   21   20   20   20   20   20   19   19   18   18   18   18   17   17   17   17
   17   16   16   16   16   16   16   16   16   16   16   17   17   17   17   17
   17   18   18   18   18   18   18   18   19
    77.5-180.0 180.0   5.0 450.0                            LAT/LON1/LON2/DLON/H
   17   17   17   18   19   19   20   21   22   23   24   26   26   28   28   29
   29   29   29   29   28   28   27   26   26   25   24   23   23   22   22   22
   21   21   21   20   20   20   19   19   18   18   18   17   17   17   16   16
   16   16   15   16   16   15   15   16   16   16   16   16   17   17   17   17
   17   17   17   17   18   17   18   17   17
    75.0-180.0 180.0   5.0 450.0                            LAT/LON1/LON2/DLON/H
   16   16   16   16   17   17   19   20   21   23   25   27   29   29   31   32
   32   33   33   32   32   31   30   29   27   26   25   24   23   22   22   21
   21   20   20   20   20   19   19   18   17   17   17   17   16   16   16   15
   15   15   15   15   15   15   15   15   15   15   16   16   16   16   17   17
   17   17   17   17   16   16   16   15   16
    72.5-180.0 180.0   5.0 450.0                            LAT/LON1/LON2/DLON/H
   14   14   14   14   15   16   17   19   21   23   26   28   30   32   34   36
   37   37   37   37   36   35   33   32   30   28   26   25   24   23   22   21
   21   20   20   19   19   18   18   17   16   16   16   15   15   15   15   14
   15   15   15   15   15   15   14   14   15   15   15   15   16   16   16   16
   17   16   16   16   16   15   15   14   14
    70.0-180.0 180.0   5.0 450.0                            LAT/LON1/LON2/DLON/H
   13   13   13   13   14   15   17   19   21   24   27   30   33   36   38   40
   41   42   43   42   41   40   38   36   34   31   29   27   25   23   22   21
   20   20   19   18   17   17   16   15   15   14   14   13   13   13   14   13
   14   14   14   14   14   14   14   14   14   14   14   15   15   15   16   15
   16   15   16   15   15   14   14   14   13
    67.5-180.0 180.0   5.0 450.0                            LAT/LON1/LON2/DLON/H
   13   12   13   13   13   15   17   19   22   25   29   32   36   39   42   44
   47   48   48   48   47   45   43   40   38   35   32   29   27   25   23   21
   20   19   18   17   17   16   15   14   13   13   12   12   12   12   12   12
   12   13   13   13   14   13   13   13   14   14   14   14   14   14   15   15
   15   15   15   14   14   14   13   13   13
    65.0-180.0 180.0   5.0 450.0                            LAT/LON1/LON2/DLON/H
   13   12   12   13   14   16   18   20   24   28   31   35   39   43   46   49
   52   53   54   54   53   51   49   46   43   39   36   33   30   27   25   22
   21   19   18   17   16   15   14   13   12   12   11   11   11   11   11   11
   12   12   12   12   13   13   13   13   13   13   13   14   14   14   14   15
   14   15   14   14   14   13   13   13   13
    62.5-180.0 180.0   5.0 450.0                            LAT/LON1/LON2/DLON/H
   13   13   14   15   16   18   20   24   27   31   35   39   43   47   50   54
   57   59   60   60   59   57   54   52   48   45   41   38   34   31   28   25
   23   21   19   17   16   15   15   13   13   12   12   11   11   11   11   11
   12   12   12   13   13   13   13   13   14   13   14   14   14   14   14   14
   15   14   14   14   14   14   13   14   13
    60.0-180.0 180.0   5.0 450.0                            LAT/LON1/LON2/DLON/H
   15   15   16   17   19   21   24   28   31   35   39   43   47   51   55   58
   61   63   65   65   64   62   60   57   54   51   47   43   40   36   32   29
   26   23   21   19   18   17   16   16   15   14   14   13   13   13   13   13
   13   13   14   14   14   14   15   15   14   15   15   15   15   15   15   15
   15   15   15   15   15   15   15   15   15
    57.5-180.0 180.0   5.0 450.0                            LAT/LON1/LON2/DLON/H
   17   18   19   20   22   25   29   32   36   41   45   48   52   55   59   62
   65   67   69   69   68   67   65   63   60   57   54   50   46   42   38   34
   31   28   25   23   21   20   19   19   18   18   18   17   16   16   16   15
   16   16   16   16   16   17   17   17   17   17   17   17   17   17   17   16
   16   16   16   16   16   16   16   17   17
    55.0-180.0 180.0   5.0 450.0                            LAT/LON1/LON2/DLON/H
   20   20   22   24   26   30   34   39   43   47   51   54   57   59   63   66
   68   70   72   72   72   71   69   68   66   64   61   57   54   49   45   41
   36   33   30   27   26   25   24   23   23   23   23   22   21   20   20   20
   20   20   20   21   21   21   21   21   21   20   20   20   20   19   19   19
   19   19   18   18   19   18   18   19   20
    52.5-180.0 180.0   5.0 450.0                            LAT/LON1/LON2/DLON/H
   22   23   25   28   32   35   40   45   49   54   57   60   62   64   66   68
   71   73   74   75   75   75   74   73   72   70   67   64   61   56   51   47
   42   39   35   33   31   29   29   29   29   28   28   28   27   26   26   26
   26   26   26   26   26   26   26   26   25   25   24   24   23   23   22   22
   22   22   21   21   21   21   21   21   22
    50.0-180.0 180.0   5.0 450.0                            LAT/LON1/LON2/DLON/H
   25   26   29   32   36   41   46   51   56   60   63   66   67   68   70   71
   73   75   77   78   78   78   78   78   77   76   74   71   67   62   57   53
   48   44   41   38   36   35   34   33   34   34   33   34   33   32   32   32
   32   32   32   32   32   32   32   32   30   30   29   28   27   27   26   26
   26   26   25   24   24   24   24   24   25
    47.5-180.0 180.0   5.0 450.0                            LAT/LON1/LON2/DLON/H
   28   29   32   36   41   46   52   57   63   67   70   72   73   74   74   76
   77   78   79   80   81   81   82   83   83   82   79   76   72   67   62   57
   53   49   46   43   41   40   39   38   39   39   39   39   39   38   38   38
   39   39   39   39   39   38   38   37   36   35   34   33   32   31   31   30
   30   29   29   28   27   27   26   26   28
    45.0-180.0 180.0   5.0 450.0                            LAT/LON1/LON2/DLON/H
   30   32   35   40   45   51   57   63   69   73   76   79   79   80   80   81
   81   82   83   84   85   86   87   88   88   86   84   80   75   70   65   60
   56   53   50   48   46   45   43   43   43   43   43   43   44   43   44   44
   44   45   45   45   45   43   43   42   41   40   39   38   37   36   35   35
   34   33   32   31   30   30   29   29   30
    42.5-180.0 180.0   5.0 450.0                            LAT/LON1/LON2/DLON/H
   32   34   38   43   49   55   62   68   74   79   83   85   86   87   87   87
   87   87   88   89   90   90   92   92   92   90   87   82   77   71   67   62
   59   56   54   52   50   49   48   47   46   46   47   47   47   48   47   48
   48   49   50   49   49   48   47   46   44   44   43   42   41   39   39   38
   37   36   35   34   33   32   31   31   32
    40.0-180.0 180.0   5.0 450.0                            LAT/LON1/LON2/DLON/H
   34   37   41   47   53   59   65   72   78   83   88   91   93   93   94   94
   94   94   94   95   95   96   97   97   95   93   89   84   78   73   68   64
   61   59   57   56   55   53   52   51   50   50   50   50   50   50   51   51
   52   52   53   52   52   51   49   48   47   47   46   45   44   43   42   41
   39   38   37   36   34   33   33   33   34
    37.5-180.0 180.0   5.0 450.0                            LAT/LON1/LON2/DLON/H
   36   40   45   50   56   62   68   74   81   87   92   96   99  100  101  102
  102  102  102  101  101  101  102  101   99   95   91   85   80   74   70   67
   64   63   63   61   60   58   57   56   54   54   53   53   53   53   53   53
   53   54   54   54   53   52   51   49   49   49   48   48   47   45   44   43
   41   40   38   37   36   34   34   34   36
    35.0-180.0 180.0   5.0 450.0                            LAT/LON1/LON2/DLON/H
   38   42   48   53   59   64   70   77   83   89   95  100  103  106  108  109
  110  110  109  109  108  107  107  105  102   98   94   88   83   78   74   71
   70   69   69   67   66   64   62   61   59   57   56   56   55   54   54   54
   53   54   54   54   54   53   51   50   50   50   49   49   49   47   46   44
   42   41   39   38   36   35   35   36   38
    32.5-180.0 180.0   5.0 450.0                            LAT/LON1/LON2/DLON/H
   41   45   51   57   62   67   72   78   85   92   97  103  108  111  114  116
  118  118  117  116  115  113  112  109  106  102   98   94   89   86   82   80
   79   78   76   74   72   70   69   66   64   62   60   58   58   56   55   54
   54   53   54   54   53   53   51   50   50   50   50   50   49   48   47   45
   43   41   39   38   37   36   36   37   41
    30.0-180.0 180.0   5.0 450.0                            LAT/LON1/LON2/DLON/H
   44   49   55   61   66   71   76   82   87   94  100  106  111  116  119  122
  125  125  125  123  121  120  118  115  112  109  106  103  100   97   94   92
   90   88   85   82   79   77   75   73   70   67   64   62   60   59   57   55
   54   53   53   53   53   52   51   50   49   49   49   50   50   48   47   45
   43   42   40   38   37   36   36   39   44
    27.5-180.0 180.0   5.0 450.0                            LAT/LON1/LON2/DLON/H
   46   53   59   65   71   75   81   86   91   97  103  109  114  119  123  127
  131  133  132  131  129  127  125  123  120  118  117  115  114  111  109  107
  105  101   96   91   86   83   81   78   75   72   68   66   63   62   59   57
   55   54   53   54   53   52   51   50   49   49   49   49   49   48   47   45
   43   41   40   39   37   37   37   41   46
    25.0-180.0 180.0   5.0 450.0                            LAT/LON1/LON2/DLON/H
   49   57   64   71   77   82   87   92   97  103  108  112  117  122  127  132
  137  140  140  139  138  136  135  134  132  131  131  131  131  129  127  124
  120  115  107   99   92   88   85   82   79   75   72   69   67   64   62   58
   56   54   54   54   53   53   51   49   48   48   48   48   48   47   46   44
   43   41   40   39   38   37   38   42   49
    22.5-180.0 180.0   5.0 450.0                            LAT/LON1/LON2/DLON/H
   51   60   69   77   83   89   95  101  106  110  114  118  122  127  132  138
  143  147  149  148  148  147  147  147  147  146  147  148  149  147  145  141
  136  128  118  107   98   92   89   86   83   79   75   72   69   67   64   60
   58   55   55   54   54   53   51   49   48   47   46   47   46   45   45   43
   42   41   40   39   38   37   39   44   51
    20.0-180.0 180.0   5.0 450.0                            LAT/LON1/LON2/DLON/H
   54   64   74   82   90   97  104  111  116  120  123  126  129  133  138  145
  151  156  158  159  160  161  162  164  164  164  165  166  167  165  162  157
  150  141  127  114  103   96   91   88   85   81   77   74   71   68   65   62
   59   56   55   55   55   54   52   49   47   46   45   45   44   43   42   42
   40   40   39   38   37   37   40   45   54
    17.5-180.0 180.0   5.0 450.0                            LAT/LON1/LON2/DLON/H
   56   67   78   88   97  106  114  121  127  132  134  137  139  143  148  154
  160  166  169  172  174  177  179  181  182  183  183  184  183  181  176  171
  163  151  136  121  108   99   94   90   86   82   78   75   72   69   66   62
   59   56   55   55   54   53   51   49   46   45   44   44   43   42   40   40
   39   38   38   37   36   37   39   46   56
    15.0-180.0 180.0   5.0 450.0                            LAT/LON1/LON2/DLON/H
   57   69   81   92  103  113  123  133  140  144  147  149  152  155  160  166
  172  178  182  185  189  193  197  200  201  200  199  198  196  193  188  182
  174  161  145  127  113  104   97   92   88   83   80   77   74   70   67   63
   59   56   54   54   53   53   51   48   46   44   44   43   41   40   39   38
   37   36   36   35   35   36   39   46   57
    12.5-180.0 180.0   5.0 450.0                            LAT/LON1/LON2/DLON/H
   58   71   84   96  108  120  132  142  151  156  160  164  167  170  174  179
  185  190  195  199  204  210  215  217  218  215  213  210  206  202  197  191
  182  169  153  136  120  110  102   97   91   86   82   78   75   71   67   63
   60   56   54   52   52   51   50   47   45   44   43   42   40   38   37   36
   35   35   34   33   33   34   38   47   58
    10.0-180.0 180.0   5.0 450.0                            LAT/LON1/LON2/DLON/H
   59   72   86   99  111  125  138  150  160  167  173  177  181  185  189  194
  199  204  209  214  219  225  230  233  232  228  223  219  214  209  204  198
  190  178  162  145  130  118  110  102   96   90   85   81   78   73   69   64
   60   56   54   51   51   50   49   47   45   44   43   42   40   38   36   35
   34   33   32   32   31   33   38   47   59
     7.5-180.0 180.0   5.0 450.0                            LAT/LON1/LON2/DLON/H
   60   74   87  101  114  128  143  156  167  176  183  189  195  199  204  208
  212  217  221  227  232  238  243  245  243  238  231  226  220  215  211  206
  198  187  172  155  140  128  119  110  103   96   91   86   82   77   72   67
   63   58   55   52   50   49   48   46   45   44   43   42   40   38   36   34
   33   32   31   30   30   32   38   47   60
     5.0-180.0 180.0   5.0 450.0                            LAT/LON1/LON2/DLON/H
   61   76   90  103  117  130  145  159  172  182  191  199  206  211  215  219
  223  228  232  237  243  248  252  253  250  244  238  231  226  221  218  214
  208  198  183  167  153  140  130  120  111  104   98   93   88   82   77   72
   68   63   58   55   52   50   49   47   46   45   44   42   41   39   36   35
   33   32   31   30   29   32   38   48   61
     2.5-180.0 180.0   5.0 450.0                            LAT/LON1/LON2/DLON/H
   63   78   91  105  118  132  147  161  174  186  196  205  213  219  223  228
  232  236  241  245  250  255  258  258  255  249  243  237  232  229  227  224
  218  208  195  179  165  152  140  129  119  112  106  100   95   90   85   80
   74   69   64   59   55   53   50   49   48   46   45   44   41   40   38   36
   35   33   32   30   30   32   40   50   63
