sample_files/i/ionex/irtg0080.21i
     1.0            IONOSPHERE MAPS     GPS                 IONEX VERSION / TYPE
tecrms2ionex_4.awk  UPC-IonSAT          01/22/21 1001UT     PGM / RUN BY / DATE
Global ionosphere maps for day   8, 2021 ( 8- 1-2021)       DESCRIPTION
Contact address: Manuel Hernandez-Pajares                   DESCRIPTION
                 IonSAT research group                      DESCRIPTION
                 Technical Univ. of Catalonia (UPC-IonSAT)  DESCRIPTION
                 Mod. C3 Campus Nord UPC                    DESCRIPTION
                 E08034-Barcelona, SPAIN                    DESCRIPTION
                 e-mail:  manuel@ma4.upc.edu                DESCRIPTION
                                                            DESCRIPTION
  2021     1     8     0     0     0                        EPOCH OF FIRST MAP
  2021     1     8    23    40     0                        EPOCH OF LAST MAP
  1200                                                      INTERVAL
    72                                                      # OF MAPS IN FILE
  COSZ                                                      MAPPING FUNCTION
     0.0                                                    ELEVATION CUTOFF
    99                                                      # OF STATIONS
    33                                                      # OF SATELLITES
  6371.0                                                    BASE RADIUS
     2                                                      MAP DIMENSION
   450.0 450.0   0.0                                        HGT1 / HGT2 / DHGT
    87.5 -87.5  -2.5                                        LAT1 / LAT2 / DLAT
  -180.0 180.0   5.0                                        LON1 / LON2 / DLON
    -1                                                      EXPONENT
TEC values in  0.1 TECUs; 9999 if no value available        COMMENT
Validation with JASON: <TEC_JASON - TEC_GPS>  [TECU]        DESCRIPTION
         (reference day of year: 008)                       DESCRIPTION
                                                            DESCRIPTION
           Bias   Sigma     RMS    VTEC   %ERR    #OBS      DESCRIPTION
          -3.77    2.71    4.64    7.48   62.1   48734      DESCRIPTION
                                                            DESCRIPTION
UT(hours)  Bias   Sigma     RMS    VTEC   %ERR    #OBS      DESCRIPTION
   0.00   -3.63    2.02    4.16    2.38  174.3    1977      DESCRIPTION
   2.00   -4.54    3.34    5.64    7.12   79.2    5235      DESCRIPTION
   4.00   -2.85    2.40    3.73    8.00   46.6    4018      DESCRIPTION
   6.00   -2.84    2.33    3.67   10.74   34.2    3682      DESCRIPTION
   8.00   -3.37    2.62    4.27    8.81   48.4    4804      DESCRIPTION
  10.00   -4.23    2.61    4.97    6.69   74.3    4089      DESCRIPTION
  12.00   -3.95    2.36    4.61    6.24   73.9    4131      DESCRIPTION
  14.00   -3.69    2.19    4.29    7.94   54.1    4477      DESCRIPTION
  16.00   -3.27    2.36    4.03    6.28   64.2    3679      DESCRIPTION
  18.00   -3.91    2.57    4.68    7.75   60.4    3951      DESCRIPTION
  20.00   -4.59    3.34    5.68    7.91   71.7    3890      DESCRIPTION
  22.00   -4.20    2.85    5.07    8.46   60.0    3957      DESCRIPTION
  24.00   -3.22    1.92    3.74    2.23  167.8     844      DESCRIPTION
                                                            DESCRIPTION
Lat(deg)   Bias   Sigma     RMS    VTEC   %ERR    #OBS      DESCRIPTION
 -60.00   -2.52    2.01    3.22    6.65   48.5   12340      DESCRIPTION
 -40.00   -3.61    2.17    4.21    6.68   63.0    9818      DESCRIPTION
 -20.00   -5.49    3.02    6.26    9.16   68.3    6917      DESCRIPTION
   0.00   -5.16    2.40    5.69   11.19   50.9    6950      DESCRIPTION
  20.00   -4.16    3.20    5.25    9.36   56.1    5709      DESCRIPTION
  40.00   -3.39    2.35    4.12    3.85  107.2    4597      DESCRIPTION
  60.00   -1.74    1.87    2.55    1.88  135.8    2403      DESCRIPTION
                                                            END OF HEADER
[from data line 24882]
    59                                                      START OF TEC MAP
  2021     1     8    19    20     0                        EPOCH OF CURRENT MAP
    87.5-180.0 180.0   5.0 450.0                            LAT/LON1/LON2/DLON/H
   26   26   26   26   26   26   26   26   27   26   26   26   26   26   26   26
   26   26   26   26   26   26   26   25   25   25   25   25   25   25   24   24
   24   24   24   24   24   24   24   24   24   24   24   24   23   23   23   24
   24   24   24   23   23   24   24   24   24   24   24   24   24   25   25   25
   25   25   25   25   25   25   25   26   26
    85.0-180.0 180.0   5.0 450.0                            LAT/LON1/LON2/DLON/H
   27   27   27   27   27   27   28   28   28   28   28   29   28   28   28   28
   28   28   28   27   27   27   27   26   26   26   25   25   24   24   24   23
   23   23   23   23   23   23   23   22   22   23   23   23   23   23   23   23
   23   23   23   23   23   23   23   23   23   24   24   24   24   24   24   24
   25   25   25   26   26   26   26   26   27
    82.5-180.0 180.0   5.0 450.0                            LAT/LON1/LON2/DLON/H
   27   27   27   27   28   28   28   29   29   29   30   30   30   30   30   30
   30   30   30   29   29   28   28   27   27   26   25   25   24   24   23   23
   23   22   22   22   22   22   22   22   22   22   22   22   22   22   22   22
   22   23   22   22   23   23   23   23   23   23   23   24   24   24   24   24
   24   25   25   25   26   26   26   26   27
    80.0-180.0 180.0   5.0 450.0                            LAT/LON1/LON2/DLON/H
   26   26   26   27   27   28   28   29   29   30   31   31   32   32   32   32
   33   32   32   32   31   30   29   28   27   26   25   25   24   23   23   22
   23   22   22   22   22   22   22   22   22   22   22   22   22   22   22   22
   23   22   22   23   23   22   23   22   23   23   23   23   24   24   24   24
   24   25   25   25   25   25   25   25   26
    77.5-180.0 180.0   5.0 450.0                            LAT/LON1/LON2/DLON/H
   25   25   25   26   26   27   28   28   29   30   31   32   33   34   34   35
   35   35   35   34   33   32   31   30   29   27   26   25   24   23   23   23
   22   22   22   22   22   22   22   22   22   22   22   22   22   22   22   23
   23   22   22   22   22   22   22   22   22   22   23   23   23   23   24   24
   24   24   24   25   25   25   25   25   25
    75.0-180.0 180.0   5.0 450.0                            LAT/LON1/LON2/DLON/H
   24   24   24   24   25   26   27   28   29   30   32   33   35   36   37   38
   39   39   38   38   37   36   34   32   30   28   27   26   24   24   23   23
   22   22   22   22   22   22   22   22   22   22   21   21   21   22   22   22
   22   22   22   22   22   22   22   22   22   22   22   22   23   23   23   23
   24   24   24   24   24   24   24   24   24
    72.5-180.0 180.0   5.0 450.0                            LAT/LON1/LON2/DLON/H
   23   23   23   23   23   25   26   27   29   31   33   35   37   39   41   42
   43   44   43   43   41   39   37   35   33   30   28   26   25   24   23   23
   22   22   22   22   22   22   21   21   21   20   20   20   21   21   21   21
   21   22   21   22   22   22   22   22   21   21   22   22   22   22   22   23
   23   23   24   24   24   23   23   23   23
    70.0-180.0 180.0   5.0 450.0                            LAT/LON1/LON2/DLON/H
   22   21   22   22   23   24   25   28   30   32   35   38   40   43   45   47
   48   49   49   48   46   44   42   38   36   33   30   28   26   24   23   23
   22   22   22   21   21   21   20   19   19   19   19   19   19   19   20   20
   21   21   21   21   21   21   21   21   21   21   21   21   21   22   22   23
   23   23   23   23   23   23   22   22   22
    67.5-180.0 180.0   5.0 450.0                            LAT/LON1/LON2/DLON/H
   21   21   22   22   23   25   27   29   32   35   38   41   45   48   50   53
   54   55   55   54   52   49   46   43   39   36   33   30   27   25   24   23
   22   21   21   20   20   19   18   17   17   17   16   17   17   18   19   19
   19   20   20   20   20   20   20   20   21   21   21   21   21   21   21   22
   22   23   23   23   23   23   22   22   21
    65.0-180.0 180.0   5.0 450.0                            LAT/LON1/LON2/DLON/H
   22   22   22   23   25   27   29   32   36   39   42   46   50   53   56   59
   61   62   61   60   58   55   51   47   43   39   36   32   29   27   25   24
   22   21   21   20   19   18   17   16   16   16   15   16   16   17   17   18
   19   19   19   20   19   20   20   20   20   20   20   21   21   21   21   22
   22   22   22   23   23   22   22   22   22
    62.5-180.0 180.0   5.0 450.0                            LAT/LON1/LON2/DLON/H
   23   23   24   25   27   30   33   37   40   44   48   51   55   58   62   65
   67   68   68   66   64   60   56   52   47   44   40   36   32   30   27   25
   23   22   21   20   18   18   17   16   15   16   16   16   16   17   17   18
   18   19   19   19   20   19   20   20   20   21   21   21   21   21   22   22
   22   23   23   23   23   23   23   23   23
    60.0-180.0 180.0   5.0 450.0                            LAT/LON1/LON2/DLON/H
   25   26   27   29   32   35   38   42   45   49   53   57   60   64   68   71
   73   74   74   72   69   66   61   57   53   49   45   41   37   33   30   27
   25   23   22   21   20   19   18   18   18   17   17   17   18   19   19   19
   20   20   20   20   21   21   21   21   21   22   22   22   23   22   23   23
   23   23   23   24   24   24   24   24   25
    57.5-180.0 180.0   5.0 450.0                            LAT/LON1/LON2/DLON/H
   27   29   31   33   37   40   44   48   52   55   58   62   65   69   72   75
   78   79   79   77   74   70   66   62   59   55   51   47   43   38   34   31
   27   26   24   23   22   22   21   21   21   21   21   21   22   22   22   22
   22   22   22   23   23   23   24   24   24   24   24   25   25   25   25   25
   25   25   25   25   25   25   25   26   27
    55.0-180.0 180.0   5.0 450.0                            LAT/LON1/LON2/DLON/H
   30   32   35   39   43   47   51   55   58   62   64   67   71   73   77   80
   82   83   82   81   78   75   72   68   65   62   58   54   50   44   39   35
   32   29   27   26   26   26   26   26   26   27   27   27   27   27   27   27
   27   27   26   26   26   26   27   27   28   28   28   28   28   29   28   28
   28   28   28   27   28   27   28   28   30
    52.5-180.0 180.0   5.0 450.0                            LAT/LON1/LON2/DLON/H
   34   37   40   45   49   54   58   62   66   68   70   73   75   77   80   83
   85   86   86   85   82   80   77   74   72   69   66   62   57   51   45   40
   36   34   32   31   31   31   32   32   33   33   34   34   34   33   33   33
   32   32   32   32   31   32   32   31   32   32   32   32   33   33   33   33
   32   31   30   30   30   30   30   32   34
    50.0-180.0 180.0   5.0 450.0                            LAT/LON1/LON2/DLON/H
   37   41   45   51   56   61   66   70   73   76   77   79   80   82   84   86
   88   89   89   88   86   84   83   81   79   77   74   69   64   57   51   46
   41   38   37   36   36   37   38   39   39   40   40   40   40   40   40   39
   39   39   38   38   38   37   38   37   37   37   37   37   37   38   38   37
   36   35   34   33   33   32   33   35   37
    47.5-180.0 180.0   5.0 450.0                            LAT/LON1/LON2/DLON/H
   41   45   50   56   62   68   73   78   81   84   85   86   86   87   89   90
   92   93   92   92   91   90   89   88   87   84   81   76   70   62   55   50
   46   43   42   42   42   43   43   44   45   46   47   47   47   46   46   46
   46   45   45   45   44   43   43   43   42   42   42   42   42   42   42   41
   40   39   37   36   35   35   35   37   41
    45.0-180.0 180.0   5.0 450.0                            LAT/LON1/LON2/DLON/H
   44   49   55   61   68   74   81   85   90   92   94   94   94   94   95   96
   96   97   97   97   96   97   95   95   93   91   87   81   74   66   59   53
   49   47   47   47   47   48   48   50   51   51   52   52   52   52   52   52
   52   52   52   51   50   49   48   47   47   46   46   46   46   46   46   44
   43   41   40   38   37   36   37   40   44
    42.5-180.0 180.0   5.0 450.0                            LAT/LON1/LON2/DLON/H
   46   51   57   65   72   79   86   92   97  101  102  103  103  102  102  102
  102  102  102  103  103  103  102  101  100   96   91   84   76   68   61   55
   52   51   50   51   52   52   52   53   54   55   56   57   57   57   57   57
   57   57   57   55   54   53   52   51   51   50   50   49   49   49   48   47
   45   43   41   39   37   37   38   41   46
    40.0-180.0 180.0   5.0 450.0                            LAT/LON1/LON2/DLON/H
   47   53   60   67   75   82   90   97  104  108  111  111  111  111  110  110
  109  109  109  109  110  109  109  107  104  100   94   86   78   69   63   58
   55   54   55   55   56   56   56   57   58   59   60   60   60   60   60   61
   61   61   60   59   57   56   54   54   53   52   52   52   51   51   50   48
   46   44   42   39   38   38   39   42   47
    37.5-180.0 180.0   5.0 450.0                            LAT/LON1/LON2/DLON/H
   49   55   62   68   76   84   92  100  108  113  117  119  120  120  119  118
  117  115  115  115  116  115  114  112  108  103   96   88   79   71   65   61
   59   58   60   60   60   60   60   60   61   62   62   63   63   63   63   63
   63   62   61   60   59   57   56   54   54   53   53   53   53   52   51   49
   47   44   42   40   38   38   40   43   49
    35.0-180.0 180.0   5.0 450.0                            LAT/LON1/LON2/DLON/H
   50   57   63   69   76   84   93  102  110  117  122  124  126  127  126  125
  124  122  121  121  121  121  119  116  112  106   99   91   82   75   69   66
   65   65   65   66   66   65   65   64   64   65   66   66   65   65   64   63
   63   62   61   60   58   57   55   54   54   54   53   54   53   52   51   49
   47   44   42   39   38   38   40   45   50
    32.5-180.0 180.0   5.0 450.0                            LAT/LON1/LON2/DLON/H
   53   59   65   70   76   84   93  102  111  118  124  127  130  131  132  131
  129  127  126  126  126  125  122  119  115  110  103   95   88   81   77   74
   73   72   73   72   72   72   70   69   68   68   68   68   67   66   64   63
   62   61   60   59   57   56   54   54   53   53   54   53   53   52   51   49
   47   45   42   40   39   39   42   47   53
    30.0-180.0 180.0   5.0 450.0                            LAT/LON1/LON2/DLON/H
   57   63   68   73   78   85   93  102  111  118  124  128  132  134  135  135
  133  131  130  130  129  128  126  123  119  115  109  103   97   92   89   86
   84   83   81   81   80   78   76   73   72   71   70   70   68   66   64   62
   60   60   59   57   56   54   53   52   52   53   53   53   52   51   50   49
   47   45   43   41   39   41   44   50   57
    27.5-180.0 180.0   5.0 450.0                            LAT/LON1/LON2/DLON/H
   61   68   72   77   82   88   95  104  112  119  125  129  133  135  137  137
  136  135  134  134  134  133  131  129  126  123  119  114  110  106  104  101
   97   94   92   89   87   85   82   78   76   74   73   71   69   66   63   61
   59   57   57   56   55   53   52   51   51   52   52   52   51   51   50   49
   48   46   44   42   41   43   48   54   61
    25.0-180.0 180.0   5.0 450.0                            LAT/LON1/LON2/DLON/H
   68   74   79   83   87   93  101  109  116  122  127  131  134  137  140  140
  140  140  139  139  139  138  137  136  135  134  132  129  126  123  121  117
  112  107  102   98   95   91   87   82   79   76   74   72   69   65   62   59
   57   56   56   55   54   53   51   51   51   51   51   51   51   50   50   49
   49   47   46   44   43   46   52   60   68
    22.5-180.0 180.0   5.0 450.0                            LAT/LON1/LON2/DLON/H
   74   80   86   91   96  103  110  118  124  129  133  136  138  142  145  146
  146  146  146  146  147  147  147  147  148  148  147  146  144  141  139  134
  127  119  112  105  101   96   91   85   81   77   74   71   68   64   61   58
   57   56   56   56   55   53   52   51   50   50   50   50   50   50   49   49
   48   48   46   45   45   49   56   65   74
    20.0-180.0 180.0   5.0 450.0                            LAT/LON1/LON2/DLON/H
   79   87   94  100  107  115  123  130  137  141  144  146  148  151  154  155
  156  156  157  158  158  159  161  162  163  165  164  163  162  160  156  150
  141  130  120  112  106  100   94   87   81   77   74   71   67   63   60   58
   57   56   56   56   55   54   53   51   51   50   50   50   49   49   48   48
   48   47   46   45   46   51   59   70   79
    17.5-180.0 180.0   5.0 450.0                            LAT/LON1/LON2/DLON/H
   85   94  102  110  119  128  138  147  153  157  160  161  163  165  168  170
  171  171  172  173  174  176  178  179  180  181  181  180  177  175  171  163
  153  140  128  117  110  103   96   88   82   77   74   70   66   63   60   58
   57   57   57   57   56   55   53   52   51   50   49   49   48   47   47   46
   46   46   45   45   47   52   63   74   85
    15.0-180.0 180.0   5.0 450.0                            LAT/LON1/LON2/DLON/H
   89   99  108  119  131  143  154  164  172  176  179  180  182  184  187  189
  190  190  192  193  194  196  197  198  198  198  196  193  190  187  183  175
  163  148  134  123  114  106   98   91   84   78   74   70   66   63   61   59
   58   57   57   58   57   56   54   52   51   51   49   48   47   46   45   44
   44   43   43   43   46   53   65   77   89
    12.5-180.0 180.0   5.0 450.0                            LAT/LON1/LON2/DLON/H
   92  104  115  127  142  156  170  181  190  196  199  201  203  206  209  211
  213  213  214  215  216  217  217  217  216  212  209  205  201  197  192  184
  171  156  140  128  118  110  102   94   87   81   76   71   67   64   62   61
   60   59   58   58   57   56   54   53   52   51   49   48   46   45   44   42
   41   41   40   41   45   54   66   80   92
    10.0-180.0 180.0   5.0 450.0                            LAT/LON1/LON2/DLON/H
   95  107  120  135  151  168  183  196  207  214  218  221  224  228  231  234
  236  237  237  238  238  238  236  234  231  225  219  214  209  205  200  192
  179  164  148  134  124  116  108   99   91   85   79   74   70   66   64   63
   62   60   59   58   57   56   54   53   52   51   50   48   46   44   43   41
   40   39   38   40   45   54   67   81   95
     7.5-180.0 180.0   5.0 450.0                            LAT/LON1/LON2/DLON/H
   98  111  125  142  159  177  193  208  220  228  233  237  241  246  251  255
  258  259  259  258  257  256  253  248  242  235  227  221  217  212  207  200
  188  172  157  143  132  124  115  106   98   92   85   80   74   71   69   67
   65   63   61   59   58   57   55   54   53   52   50   49   47   45   43   41
   39   38   37   38   44   55   69   84   98
     5.0-180.0 180.0   5.0 450.0                            LAT/LON1/LON2/DLON/H
  100  115  130  147  166  184  200  216  228  237  243  247  253  259  265  270
  274  276  275  274  272  269  265  259  251  242  234  228  223  220  215  208
  197  182  167  154  142  133  124  115  107   99   93   87   81   77   74   72
   70   67   64   61   59   57   56   55   54   53   51   49   48   46   44   42
   40   38   37   39   45   57   71   86  100
     2.5-180.0 180.0   5.0 450.0                            LAT/LON1/LON2/DLON/H
  104  119  134  153  171  189  205  220  232  241  247  252  258  266  273  279
  284  286  286  285  281  277  272  265  257  248  241  235  232  229  225  218
  207  194  179  165  153  143  134  124  116  108  101   95   88   84   81   79
   75   71   68   65   62   60   58   57   55   54   52   51   49   48   47   45
   42   40   39   41   48   60   74   90  104
