sample_files/i/ionex/irtg0100.21i
     1.0            IONOSPHERE MAPS     MIX                 IONEX VERSION / TYPE
tecrms2ionex_4.awk  UPC-IonSAT          01/10/21  101UT     PGM / RUN BY / DATE
Global ionosphere maps for day  10, 2021 (10- 1-2021)       DESCRIPTION
Contact address: Manuel Hernandez-Pajares                   DESCRIPTION
                 IonSAT research group                      DESCRIPTION
                 Technical Univ. of Catalonia (UPC-IonSAT)  DESCRIPTION
                 Mod. C3 Campus Nord UPC                    DESCRIPTION
                 E08034-Barcelona, SPAIN                    DESCRIPTION
                 e-mail:  manuel@ma4.upc.edu                DESCRIPTION
                                                            DESCRIPTION
Generated by single_epoch_2_ionex_unfixed_time_interval.py  DESCRIPTION
  2021     1    10     0     0     0                        EPOCH OF FIRST MAP
  2021     1    10    23    40     0                        EPOCH OF LAST MAP
  1200                                                      INTERVAL
    68                                                      # OF MAPS IN FILE
  COSZ                                                      MAPPING FUNCTION
     0.0                                                    ELEVATION CUTOFF
   999                                                      # OF STATIONS
    99                                                      # OF SATELLITES
  6371.0                                                    BASE RADIUS
     2                                                      MAP DIMENSION
   450.0 450.0   0.0                                        HGT1 / HGT2 / DHGT
    87.5 -87.5  -2.5                                        LAT1 / LAT2 / DLAT
  -180.0 180.0   5.0                                        LON1 / LON2 / DLON
    -1                                                      EXPONENT
TEC values in  0.1 TECUs; 9999 if no value available        COMMENT
                                                            END OF HEADER
[from data line 22308]
    53                                                      START OF TEC MAP
  2021     1    10    18    40     0                        EPOCH OF CURRENT MAP
    87.5-180.0 180.0   5.0 450.0                            LAT/LON1/LON2/DLON/H
   23   24   24   24   24   24   24   25   25   25   25   26   26   26   26   26
   26   26   26   26   26   26   26   26   26   26   26   25   26   25   25   25
   25   24   24   23   23   23   23   23   23   23   22   22   22   22   22   22
   22   22   22   22   21   21   21   21   21   21   21   22   22   22   22   22
   22   22   23   23   23   23   23   23   23
    85.0-180.0 180.0   5.0 450.0                            LAT/LON1/LON2/DLON/H
   23   23   23   24   24   25   25   25   25   26   27   27   27   28   28   28
   29   29   29   29   29   29   28   29   28   28   28   27   27   27   26   26
   25   25   24   24   24   23   23   22   22   21   21   21   20   20   20   20
   20   20   20   20   20   20   20   20   20   20   20   20   20   20   21   21
   21   21   22   22   22   22   23   23   23
    82.5-180.0 180.0   5.0 450.0                            LAT/LON1/LON2/DLON/H
   22   22   22   23   23   24   24   25   25   26   26   27   28   29   29   30
   30   30   31   31   31   31   31   31   30   30   29   29   28   27   27   26
   26   25   24   24   23   23   22   22   21   20   20   20   19   19   19   19
   18   18   18   18   18   18   18   18   18   19   19   19   20   19   20   20
   20   21   21   21   21   21   21   21   22
    80.0-180.0 180.0   5.0 450.0                            LAT/LON1/LON2/DLON/H
   20   20   21   21   22   22   23   23   24   25   26   27   28   29   30   31
   32   33   33   33   33   33   33   32   32   32   31   30   30   29   28   27
   26   25   24   24   23   22   22   21   20   20   19   19   19   19   18   18
   18   18   17   18   17   18   17   18   18   18   19   19   19   19   20   20
   20   20   20   20   20   20   20   20   20
    77.5-180.0 180.0   5.0 450.0                            LAT/LON1/LON2/DLON/H
   18   19   18   19   19   20   20   21   23   24   25   27   28   30   31   33
   33   35   35   36   36   36   35   35   34   33   32   31   30   29   28   27
   26   25   24   23   22   22   21   20   20   19   19   18   18   18   17   17
   17   17   17   17   17   17   17   17   18   18   18   18   19   19   19   19
   19   19   19   19   19   18   18   18   18
    75.0-180.0 180.0   5.0 450.0                            LAT/LON1/LON2/DLON/H
   16   16   16   16   16   17   18   19   20   22   24   26   28   30   32   35
   36   37   39   39   39   39   38   37   36   35   34   32   30   29   28   27
   26   25   24   22   22   21   20   20   19   18   18   17   17   17   17   17
   16   17   16   16   16   17   17   17   17   17   18   19   19   19   19   19
   19   19   18   18   17   17   17   16   16
    72.5-180.0 180.0   5.0 450.0                            LAT/LON1/LON2/DLON/H
   14   14   13   13   14   14   15   17   19   21   23   26   29   32   35   37
   39   41   42   42   43   42   42   40   39   37   35   33   32   30   28   27
   25   24   22   22   20   19   19   18   18   17   16   16   16   16   16   16
   16   16   16   15   15   16   16   16   16   17   17   18   18   18   18   18
   18   18   17   17   16   16   15   15   14
    70.0-180.0 180.0   5.0 450.0                            LAT/LON1/LON2/DLON/H
   12   12   11   12   11   13   14   16   18   21   24   27   31   34   38   41
   43   45   47   48   48   47   46   44   42   40   37   35   33   31   29   27
   25   24   22   21   19   18   17   16   16   15   15   15   15   15   15   15
   14   14   14   14   14   14   14   14   15   15   16   16   17   17   17   17
   17   16   16   15   15   14   14   13   12
    67.5-180.0 180.0   5.0 450.0                            LAT/LON1/LON2/DLON/H
   12   11   10   11   11   12   13   15   19   22   26   30   34   38   42   45
   48   51   52   53   53   52   50   48   46   43   40   38   35   33   30   28
   26   24   22   21   19   18   17   15   14   14   13   13   13   13   12   13
   12   12   12   12   12   12   12   13   13   14   14   15   15   15   16   16
   15   15   14   14   14   13   13   12   12
    65.0-180.0 180.0   5.0 450.0                            LAT/LON1/LON2/DLON/H
   11   11   11   11   12   13   14   17   21   24   29   34   38   43   47   51
   54   57   58   59   59   58   56   54   51   48   45   42   39   36   33   31
   28   26   24   22   20   18   16   15   14   13   12   12   11   11   11   11
   11   11   11   10   10   10   11   11   11   12   13   14   14   14   14   15
   14   13   13   13   13   13   12   12   11
    62.5-180.0 180.0   5.0 450.0                            LAT/LON1/LON2/DLON/H
   12   12   12   12   13   15   17   20   24   29   33   38   43   48   52   56
   60   62   64   65   64   63   61   59   56   53   50   47   44   41   38   35
   32   29   26   24   22   20   18   16   15   13   12   11   11   11   10   10
   10   10   10    9   10    9   10   10   11   12   12   13   14   14   14   14
   13   13   12   12   12   13   13   13   12
    60.0-180.0 180.0   5.0 450.0                            LAT/LON1/LON2/DLON/H
   14   14   14   15   16   18   21   25   29   34   39   44   48   53   57   61
   65   67   69   70   70   69   67   64   62   59   56   53   50   47   44   40
   37   34   31   28   25   23   21   19   17   15   14   13   12   11   11   10
   10   10   10   10   10   10   11   11   12   12   13   14   14   14   14   14
   14   13   13   13   13   13   13   14   14
    57.5-180.0 180.0   5.0 450.0                            LAT/LON1/LON2/DLON/H
   16   17   17   18   20   23   26   31   35   40   45   49   54   58   61   65
   68   71   73   74   74   73   72   70   68   66   63   60   57   54   51   47
   43   40   36   33   30   28   25   23   22   19   18   16   14   14   13   13
   13   12   12   12   12   12   13   13   14   14   15   16   16   16   16   16
   15   15   14   14   15   15   15   16   16
    55.0-180.0 180.0   5.0 450.0                            LAT/LON1/LON2/DLON/H
   18   19   20   22   25   28   33   37   42   47   51   55   59   62   66   69
   72   74   76   77   78   78   76   76   74   72   70   68   65   62   58   55
   50   47   42   39   36   34   31   29   27   25   23   21   19   18   17   17
   17   17   17   17   16   16   16   17   17   18   18   19   19   19   19   19
   18   18   17   17   17   17   17   18   18
    52.5-180.0 180.0   5.0 450.0                            LAT/LON1/LON2/DLON/H
   21   22   24   27   30   34   39   43   48   53   57   61   64   67   70   72
   75   77   79   80   82   82   82   82   80   79   78   76   73   69   65   61
   57   52   49   45   42   40   38   36   34   32   29   27   26   24   24   23
   23   23   23   23   22   22   22   22   22   23   23   23   23   23   23   23
   22   21   21   21   20   20   20   20   21
    50.0-180.0 180.0   5.0 450.0                            LAT/LON1/LON2/DLON/H
   24   25   27   31   35   39   45   50   55   60   63   66   69   71   73   75
   78   80   82   84   85   87   87   87   87   86   84   82   79   75   70   66
   62   58   54   51   48   46   44   42   41   39   36   34   32   31   30   30
   30   30   30   29   29   28   28   28   28   27   28   28   28   28   28   28
   27   26   25   24   24   23   23   23   24
    47.5-180.0 180.0   5.0 450.0                            LAT/LON1/LON2/DLON/H
   26   28   31   34   39   45   50   56   61   65   69   72   74   76   78   80
   82   84   86   88   90   92   93   94   93   92   90   87   83   79   74   69
   65   62   58   55   53   51   49   48   47   45   43   41   39   38   37   37
   37   37   37   37   36   35   34   34   33   33   33   32   32   33   33   32
   31   31   29   28   27   26   26   25   26
    45.0-180.0 180.0   5.0 450.0                            LAT/LON1/LON2/DLON/H
   28   30   33   38   43   49   55   61   66   70   74   77   79   81   84   86
   87   89   91   93   96   98  100  100   99   98   94   90   86   81   75   71
   68   65   62   59   57   55   54   53   52   50   49   47   45   44   43   44
   44   44   44   43   42   41   40   39   38   38   37   37   37   37   37   37
   36   35   34   32   30   29   28   27   28
    42.5-180.0 180.0   5.0 450.0                            LAT/LON1/LON2/DLON/H
   29   32   36   41   46   52   59   65   70   75   79   82   85   87   90   92
   94   95   96   99  101  103  105  105  104  101   98   93   87   81   76   72
   69   66   65   63   60   59   58   57   55   54   53   52   50   49   49   49
   49   49   49   48   47   46   44   43   42   42   41   41   41   41   40   40
   39   38   37   35   33   31   30   29   29
    40.0-180.0 180.0   5.0 450.0                            LAT/LON1/LON2/DLON/H
   31   34   38   43   49   55   61   67   73   78   83   87   90   93   96   99
  100  101  102  104  106  108  109  109  107  104  100   94   87   81   76   73
   71   69   68   66   64   63   61   60   59   58   57   55   55   54   53   53
   53   53   53   52   51   49   48   46   45   45   45   44   44   44   43   42
   42   40   38   36   35   33   31   30   31
    37.5-180.0 180.0   5.0 450.0                            LAT/LON1/LON2/DLON/H
   32   35   39   44   50   56   63   69   75   81   86   91   95   99  102  105
  107  107  108  108  110  112  112  111  108  105  100   95   88   82   77   75
   74   74   73   72   70   67   66   64   63   61   59   59   57   57   56   55
   55   55   55   54   53   51   50   48   48   47   47   46   46   45   44   44
   42   41   39   37   35   33   32   31   32
    35.0-180.0 180.0   5.0 450.0                            LAT/LON1/LON2/DLON/H
   34   37   41   46   51   57   63   70   76   83   89   94   99  103  107  110
  112  112  112  112  113  113  113  112  109  106  101   97   91   86   82   80
   80   80   80   78   76   74   71   69   67   65   63   62   61   59   58   57
   56   56   56   55   54   52   51   50   49   49   48   48   47   46   45   44
   42   41   39   38   35   34   33   32   34
    32.5-180.0 180.0   5.0 450.0                            LAT/LON1/LON2/DLON/H
   36   39   43   48   53   58   64   71   78   85   91   97  102  107  111  114
  116  116  115  115  115  115  114  112  110  107  104  101   97   93   90   89
   89   90   89   87   84   81   78   75   72   69   67   65   64   62   60   59
   58   56   56   55   54   53   52   51   50   50   49   49   48   47   45   44
   42   40   39   37   35   34   33   34   36
    30.0-180.0 180.0   5.0 450.0                            LAT/LON1/LON2/DLON/H
   38   42   46   50   55   60   66   73   80   88   94   99  104  109  113  117
  119  119  119  118  117  116  115  114  112  111  111  109  107  104  102  101
  102  102  100   97   93   89   86   82   78   74   71   69   67   65   63   60
   58   57   56   55   55   53   52   51   51   50   50   49   48   46   45   44
   42   40   39   37   36   34   34   35   38
    27.5-180.0 180.0   5.0 450.0                            LAT/LON1/LON2/DLON/H
   40   45   49   53   58   63   69   77   84   91   97  102  107  111  115  120
  123  123  123  122  121  120  119  118  118  119  120  121  120  119  117  116
  117  116  113  107  102   98   94   90   84   79   75   73   70   68   65   62
   60   58   56   55   54   54   52   51   50   50   49   49   48   46   45   43
   42   40   39   37   36   35   35   37   40
    25.0-180.0 180.0   5.0 450.0                            LAT/LON1/LON2/DLON/H
   43   48   53   58   62   68   75   82   90   97  102  107  110  114  119  123
  126  128  128  128  127  127  127  127  128  131  134  137  138  137  135  134
  133  130  125  118  111  106  102   97   91   85   80   76   74   71   68   64
   60   58   56   54   54   53   52   51   50   49   49   48   47   46   44   43
   41   40   39   37   36   35   36   39   43
    22.5-180.0 180.0   5.0 450.0                            LAT/LON1/LON2/DLON/H
   46   52   57   63   68   75   82   90   98  104  109  113  116  119  123  128
  133  136  137  137  137  138  139  141  143  147  152  155  157  156  154  151
  148  143  136  127  119  113  109  104   97   90   84   80   77   73   69   66
   62   58   56   54   54   53   52   50   49   49   48   48   46   44   43   43
   42   40   39   38   36   36   37   41   46
    20.0-180.0 180.0   5.0 450.0                            LAT/LON1/LON2/DLON/H
   49   55   62   68   75   83   91  100  107  114  118  121  124  127  131  137
  142  146  149  150  152  154  157  159  162  167  172  176  177  175  172  168
  163  156  145  134  125  119  115  110  102   95   87   82   78   75   71   67
   63   59   56   54   53   53   51   50   49   48   48   46   45   44   42   42
   41   41   40   38   37   37   38   43   49
    17.5-180.0 180.0   5.0 450.0                            LAT/LON1/LON2/DLON/H
   51   58   66   73   82   91  101  110  118  125  129  132  135  138  142  148
  154  159  163  166  169  172  176  180  184  188  191  195  194  192  187  182
  175  166  154  141  131  125  120  115  107   99   91   84   79   75   71   67
   63   59   56   54   53   52   51   49   48   47   46   45   44   42   41   41
   40   40   39   38   37   37   39   44   51
    15.0-180.0 180.0   5.0 450.0                            LAT/LON1/LON2/DLON/H
   53   62   69   78   88  100  111  121  130  137  141  146  148  151  156  161
  168  174  179  183  187  192  197  201  205  208  210  210  209  205  200  193
  185  175  161  148  137  130  125  120  112  102   94   86   80   75   71   67
   63   59   55   53   52   52   50   48   47   46   45   44   42   40   40   39
   39   39   38   37   36   37   39   45   53
    12.5-180.0 180.0   5.0 450.0                            LAT/LON1/LON2/DLON/H
   54   63   72   82   94  107  120  132  141  148  155  160  163  167  171  177
  183  190  195  200  205  211  216  221  224  224  224  223  220  215  209  202
  194  183  169  154  143  136  132  126  117  107   97   89   82   76   71   67
   64   59   55   53   51   51   50   47   46   45   44   43   41   39   38   38
   37   37   37   36   35   36   39   45   54
    10.0-180.0 180.0   5.0 450.0                            LAT/LON1/LON2/DLON/H
   55   65   75   86   99  113  128  140  150  159  167  173  178  182  187  192
  198  204  210  215  221  227  232  236  237  237  234  231  227  222  216  210
  203  192  178  163  151  144  139  132  123  113  102   92   84   77   72   69
   65   60   56   53   51   51   50   47   45   45   44   43   40   38   37   36
   36   35   34   34   34   35   38   46   55
     7.5-180.0 180.0   5.0 450.0                            LAT/LON1/LON2/DLON/H
   56   67   77   89  103  118  134  147  158  168  177  184  190  196  201  206
  211  216  222  227  232  238  243  246  246  244  240  235  231  226  222  217
  212  202  189  174  162  153  147  140  131  119  108   97   89   81   75   71
   67   62   57   54   53   52   50   48   46   45   44   42   40   38   36   35
   34   33   33   33   32   34   39   46   56
     5.0-180.0 180.0   5.0 450.0                            LAT/LON1/LON2/DLON/H
   58   68   79   91  106  122  138  152  164  175  184  193  200  207  212  216
  221  225  230  235  240  245  249  251  250  247  242  237  233  231  228  225
  221  214  201  187  174  164  157  149  138  126  115  104   94   87   80   76
   72   66   61   57   55   53   51   49   47   45   44   42   40   38   36   35
   34   33   32   32   32   34   39   48   58
     2.5-180.0 180.0   5.0 450.0                            LAT/LON1/LON2/DLON/H
   61   71   81   94  108  125  141  155  168  179  189  198  206  213  219  223
  227  232  236  240  244  248  250  252  251  247  243  239  237  236  235  234
  232  226  214  200  186  175  166  157  146  134  122  112  102   94   88   83
   77   72   65   61   58   56   54   51   48   46   45   43   42   39   38   36
   35   33   32   32   32   35   41   50   61
