sample_files/i/ionex/irtg0110.21i
     1.0            IONOSPHERE MAPS     GPS                 IONEX VERSION / TYPE
tecrms2ionex_4.awk  UPC-IonSAT          01/22/21 1001UT     PGM / RUN BY / DATE
Global ionosphere maps for day  11, 2021 (11- 1-2021)       DESCRIPTION
Contact address: Manuel Hernandez-Pajares                   DESCRIPTION
                 IonSAT research group                      DESCRIPTION
                 Technical Univ. of Catalonia (UPC-IonSAT)  DESCRIPTION
                 Mod. C3 Campus Nord UPC                    DESCRIPTION
                 E08034-Barcelona, SPAIN                    DESCRIPTION
                 e-mail:  manuel@ma4.upc.edu                DESCRIPTION
                                                            DESCRIPTION
  2021     1    11     0     0     0                        EPOCH OF FIRST MAP
  2021     1    11    23    40     0                        EPOCH OF LAST MAP
  1200                                                      INTERVAL
    72                                                      # OF MAPS IN FILE
  COSZ                                                      MAPPING FUNCTION
     0.0                                                    ELEVATION CUTOFF
    99                                                      # OF STATIONS
    33                                                      # OF SATELLITES
  6371.0                                                    BASE RADIUS
     2                                                      MAP DIMENSION
   450.0 450.0   0.0                                        HGT1 / HGT2 / DHGT
    87.5 -87.5  -2.5                                        LAT1 / LAT2 / DLAT
  -180.0 180.0   5.0                                        LON1 / LON2 / DLON
    -1                                                      EXPONENT
TEC values in  0.1 TECUs; 9999 if no value available        COMMENT
Validation with JASON: <TEC_JASON - TEC_GPS>  [TECU]        DESCRIPTION
         (reference day of year: 011)                       DESCRIPTION
                                                            DESCRIPTION
           Bias   Sigma     RMS    VTEC   %ERR    #OBS      DESCRIPTION
          -2.44    2.81    3.72    8.60   43.3   49780      DESCRIPTION
                                                            DESCRIPTION
UT(hours)  Bias   Sigma     RMS    VTEC   %ERR    #OBS      DESCRIPTION
   0.00   -2.28    2.74    3.56   11.67   30.5    2598      DESCRIPTION
   2.00   -3.03    2.04    3.66    6.53   56.0    5004      DESCRIPTION
   4.00   -2.94    1.92    3.51    7.54   46.6    3752      DESCRIPTION
   6.00   -2.75    2.09    3.46   10.91   31.7    3006      DESCRIPTION
   8.00   -2.79    2.12    3.50    7.38   47.5    4811      DESCRIPTION
  10.00   -2.90    1.95    3.50    4.62   75.7    3823      DESCRIPTION
  12.00   -2.20    2.38    3.24    7.63   42.4    4395      DESCRIPTION
  14.00   -1.38    2.70    3.03   10.31   29.4    4590      DESCRIPTION
  16.00   -1.79    3.63    4.04    7.50   53.9    3296      DESCRIPTION
  18.00   -2.25    3.16    3.87    8.20   47.2    4923      DESCRIPTION
  20.00   -3.38    3.86    5.13    8.48   60.5    3958      DESCRIPTION
  22.00   -2.43    2.85    3.75   10.20   36.7    3718      DESCRIPTION
  24.00   -0.66    3.89    3.94   17.41   22.6    1906      DESCRIPTION
                                                            DESCRIPTION
Lat(deg)   Bias   Sigma     RMS    VTEC   %ERR    #OBS      DESCRIPTION
 -60.00   -1.65    2.32    2.85    6.95   41.0   13089      DESCRIPTION
 -40.00   -2.37    2.33    3.33    7.42   44.8    9966      DESCRIPTION
 -20.00   -3.07    2.77    4.14   11.89   34.8    6795      DESCRIPTION
   0.00   -3.82    3.04    4.88   12.58   38.8    6548      DESCRIPTION
  20.00   -2.60    3.71    4.53   10.88   41.6    6162      DESCRIPTION
  40.00   -2.72    2.14    3.46    4.94   70.1    4765      DESCRIPTION
  60.00   -0.59    2.64    2.71    3.79   71.5    2455      DESCRIPTION
                                                            END OF HEADER
[from data line 1716]
     5                                                      START OF TEC MAP
  2021     1    11     1    20     0                        EPOCH OF CURRENT MAP
    87.5-180.0 180.0   5.0 450.0                            LAT/LON1/LON2/DLON/H
   18   18   18   18   18   18   18   18   18   18   18   18   19   19   18   18
   18   18   18   18   17   18   17   17   17   17   17   16   16   16   16   16
   16   16   15   15   15   15   14   14   15   15   15   14   14   14   14   14
   14   14   15   14   14   14   15   15   15   15   15   15   15   16   16   16
   16   16   17   17   17   17   17   18   18
    85.0-180.0 180.0   5.0 450.0                            LAT/LON1/LON2/DLON/H
   19   20   20   20   20   20   20   20   21   21   21   21   20   20   20   20
   20   20   19   19   19   18   18   18   18   17   17   16   16   16   16   15
   15   15   15   14   15   14   14   14   14   13   13   13   13   13   13   13
   13   12   13   13   13   13   13   13   14   14   14   14   15   15   16   16
   16   17   17   18   18   19   19   19   19
    82.5-180.0 180.0   5.0 450.0                            LAT/LON1/LON2/DLON/H
   21   21   21   21   21   21   21   21   22   21   22   22   22   22   22   21
   21   21   20   20   20   20   19   19   18   18   17   17   16   16   16   15
   15   15   15   15   14   14   14   14   13   13   13   13   13   13   12   12
   12   12   12   11   12   12   12   12   13   13   13   14   15   15   16   17
   17   17   18   18   19   20   20   20   21
    80.0-180.0 180.0   5.0 450.0                            LAT/LON1/LON2/DLON/H
   21   21   22   22   22   22   22   22   22   22   22   22   22   22   22   22
   21   21   21   21   20   20   19   19   18   18   17   17   17   16   16   16
   16   16   15   15   15   15   15   15   14   14   14   14   13   13   12   12
   12   12   11   11   11   11   12   12   12   13   13   14   15   16   16   17
   18   18   19   20   20   21   21   21   21
    77.5-180.0 180.0   5.0 450.0                            LAT/LON1/LON2/DLON/H
   23   23   22   22   22   22   22   22   22   22   21   22   22   22   21   22
   21   21   21   21   20   20   20   19   18   18   18   17   17   17   16   16
   16   16   16   16   16   16   16   15   15   15   15   15   14   14   13   13
   12   12   12   12   11   11   12   12   12   13   13   14   15   16   17   18
   18   20   20   21   21   22   22   22   23
    75.0-180.0 180.0   5.0 450.0                            LAT/LON1/LON2/DLON/H
   24   24   24   23   23   22   22   22   21   21   21   21   21   21   21   21
   21   20   20   20   19   19   19   18   18   18   17   17   17   16   16   16
   16   16   16   16   16   16   16   16   16   16   15   15   15   15   14   14
   13   12   12   12   12   12   12   12   12   13   14   15   15   16   18   19
   20   21   22   23   24   24   24   24   24
    72.5-180.0 180.0   5.0 450.0                            LAT/LON1/LON2/DLON/H
   27   27   26   26   25   24   23   22   22   21   21   20   20   20   20   20
   19   19   19   19   18   18   18   17   17   17   17   16   16   16   16   15
   15   15   15   15   15   15   15   16   15   15   15   15   15   14   14   14
   13   13   13   12   12   12   12   12   13   14   14   15   17   18   19   20
   22   23   24   26   26   27   27   28   27
    70.0-180.0 180.0   5.0 450.0                            LAT/LON1/LON2/DLON/H
   32   31   30   29   28   27   25   24   23   22   22   21   20   19   19   18
   18   18   18   18   18   17   17   17   16   16   16   16   15   15   14   14
   14   14   14   14   14   14   14   14   14   14   14   14   14   14   13   13
   13   13   12   12   12   12   13   13   14   14   15   16   18   19   20   22
   24   26   27   29   30   31   32   32   32
    67.5-180.0 180.0   5.0 450.0                            LAT/LON1/LON2/DLON/H
   37   37   35   34   32   30   28   27   26   24   23   21   20   19   18   17
   17   16   16   16   16   16   16   16   15   15   15   15   14   14   14   13
   13   12   12   12   12   12   12   12   12   12   12   12   12   12   12   12
   12   12   12   11   12   12   13   13   14   15   16   18   19   21   23   24
   26   29   31   32   34   36   37   37   37
    65.0-180.0 180.0   5.0 450.0                            LAT/LON1/LON2/DLON/H
   43   43   41   40   38   36   33   31   29   27   25   23   21   19   18   17
   16   15   15   15   15   15   15   15   15   15   14   14   14   13   13   13
   12   12   11   11   11   11   11   11   11   11   11   11   11   11   11   11
   10   11   10   11   11   12   12   13   14   16   17   19   21   23   25   27
   29   32   35   37   39   41   43   43   43
    62.5-180.0 180.0   5.0 450.0                            LAT/LON1/LON2/DLON/H
   50   50   48   46   43   40   38   35   33   30   27   25   23   20   18   17
   15   15   15   15   14   15   15   15   15   15   15   14   15   14   13   13
   13   12   12   12   11   11   11   11   11   11   11   10   10   10   10   10
   10   10   10   10   11   11   12   14   15   17   19   21   23   25   27   30
   33   36   39   42   44   47   49   50   50
    60.0-180.0 180.0   5.0 450.0                            LAT/LON1/LON2/DLON/H
   57   56   55   52   50   46   43   40   37   34   31   28   25   22   20   18
   16   15   15   15   15   15   15   15   15   15   16   16   16   16   16   15
   15   15   15   14   14   15   14   14   13   13   12   12   11   11   10   10
   10   10   10   10   11   12   12   14   16   18   21   23   25   28   31   34
   37   40   44   47   50   53   55   57   57
    57.5-180.0 180.0   5.0 450.0                            LAT/LON1/LON2/DLON/H
   63   63   61   59   55   52   48   45   41   38   35   31   28   25   22   20
   18   17   16   16   16   16   16   17   18   18   19   19   20   20   21   20
   20   20   20   20   20   20   20   20   18   17   16   15   14   13   13   12
   12   12   12   11   12   12   14   15   18   21   23   27   29   32   35   39
   42   45   49   52   55   58   61   62   63
    55.0-180.0 180.0   5.0 450.0                            LAT/LON1/LON2/DLON/H
   69   68   67   65   61   57   53   49   46   43   39   36   32   29   25   23
   21   20   19   19   19   19   19   20   21   22   23   24   26   26   27   27
   27   27   27   27   28   28   27   26   25   24   22   20   19   18   17   16
   16   15   15   14   14   15   16   18   21   24   27   30   34   37   40   44
   47   50   54   57   60   63   66   68   69
    52.5-180.0 180.0   5.0 450.0                            LAT/LON1/LON2/DLON/H
   74   74   73   71   67   63   59   55   51   48   44   41   38   34   30   28
   26   24   24   23   23   23   24   24   26   27   29   31   32   33   34   34
   35   35   35   36   36   36   36   34   33   31   29   27   25   24   22   22
   21   20   19   18   18   18   19   22   25   28   32   35   39   43   46   50
   53   56   59   62   65   68   70   72   74
    50.0-180.0 180.0   5.0 450.0                            LAT/LON1/LON2/DLON/H
   78   79   79   76   73   69   65   61   57   54   50   47   43   40   36   33
   31   30   29   29   29   29   30   30   32   33   36   37   39   40   41   42
   42   42   43   44   44   43   43   41   40   38   35   33   31   30   29   28
   27   26   25   23   23   23   24   27   30   34   37   42   45   48   52   56
   59   62   65   67   70   72   74   77   78
    47.5-180.0 180.0   5.0 450.0                            LAT/LON1/LON2/DLON/H
   82   83   83   82   78   75   71   67   63   60   57   54   50   47   43   40
   38   36   36   35   35   36   36   38   39   41   43   44   46   47   48   48
   48   49   49   49   49   49   49   47   45   43   41   39   38   36   35   35
   34   32   31   30   28   29   30   33   37   40   44   48   51   54   58   61
   64   67   70   72   74   76   78   80   82
    45.0-180.0 180.0   5.0 450.0                            LAT/LON1/LON2/DLON/H
   85   86   87   85   83   80   77   73   69   67   64   60   57   54   50   47
   45   43   42   42   42   43   44   45   47   48   49   51   51   51   52   52
   52   52   52   52   52   52   51   50   49   48   45   44   43   42   41   41
   40   39   37   36   34   35   37   40   44   48   51   54   57   60   63   67
   70   72   75   76   78   79   81   83   85
    42.5-180.0 180.0   5.0 450.0                            LAT/LON1/LON2/DLON/H
   88   89   89   88   86   84   81   78   75   72   69   66   63   60   57   54
   52   50   49   49   49   50   51   52   53   54   55   55   55   55   54   54
   54   53   53   53   53   53   52   52   51   50   49   48   47   46   46   46
   45   44   42   41   40   42   44   48   52   55   58   61   63   66   69   72
   75   77   79   81   82   83   85   86   88
    40.0-180.0 180.0   5.0 450.0                            LAT/LON1/LON2/DLON/H
   90   91   90   89   88   86   84   82   79   77   74   71   69   66   63   60
   58   56   56   56   56   56   58   58   59   59   58   57   56   55   54   53
   53   53   52   52   52   52   52   52   52   52   51   50   50   50   49   49
   49   48   46   45   45   47   51   55   59   62   64   66   68   71   73   77
   80   82   84   86   87   87   89   89   90
    37.5-180.0 180.0   5.0 450.0                            LAT/LON1/LON2/DLON/H
   94   93   92   90   89   87   86   84   82   80   78   76   73   70   68   65
   63   61   61   61   62   62   62   62   63   62   61   58   56   55   54   53
   52   51   50   50   50   51   51   51   52   52   53   53   52   52   51   52
   51   50   49   48   49   52   57   61   65   68   70   71   73   75   78   82
   85   89   91   92   93   93   94   94   94
    35.0-180.0 180.0   5.0 450.0                            LAT/LON1/LON2/DLON/H
  100   98   95   93   91   89   88   87   85   83   81   79   77   74   72   69
   67   65   65   65   65   66   66   65   64   63   61   58   56   54   52   52
   51   51   50   49   49   50   51   52   53   54   55   54   54   53   53   53
   52   51   50   50   52   56   61   66   70   73   74   76   78   80   84   88
   92   96   99  101  102  102  102  101  100
    32.5-180.0 180.0   5.0 450.0                            LAT/LON1/LON2/DLON/H
  111  107  103   99   95   93   92   90   89   87   85   83   80   78   75   72
   70   68   67   67   68   68   67   66   64   63   60   58   55   53   52   52
   51   51   50   50   50   51   52   53   55   56   56   55   55   54   53   52
   52   51   50   51   54   58   65   71   74   77   78   80   82   86   91   96
  101  106  110  112  113  114  114  113  111
    30.0-180.0 180.0   5.0 450.0                            LAT/LON1/LON2/DLON/H
  126  122  116  110  105  101   99   97   95   93   90   88   85   82   79   76
   73   71   70   69   69   68   67   65   64   62   60   57   56   54   54   53
   53   53   52   52   52   52   54   55   56   57   57   56   55   53   52   51
   50   49   49   50   54   60   67   74   78   80   81   84   88   93   99  106
  112  118  122  125  127  128  129  129  126
    27.5-180.0 180.0   5.0 450.0                            LAT/LON1/LON2/DLON/H
  147  143  136  128  122  116  111  108  106  102   99   96   93   89   85   80
   77   73   72   71   69   68   66   64   63   61   60   58   57   56   56   56
   57   56   56   55   54   54   55   56   57   57   57   55   53   52   50   48
   47   46   47   49   54   61   69   76   80   82   85   89   95  101  109  117
  124  131  137  140  143  146  147  149  147
    25.0-180.0 180.0   5.0 450.0                            LAT/LON1/LON2/DLON/H
  172  168  162  154  145  137  131  126  121  117  112  107  102   97   91   86
   81   77   74   72   70   68   66   64   62   61   61   60   60   60   61   61
   61   61   59   58   57   56   56   57   57   56   55   53   50   49   47   45
   43   42   44   48   54   62   71   77   82   85   89   95  102  111  120  129
  138  146  152  157  160  164  169  172  172
    22.5-180.0 180.0   5.0 450.0                            LAT/LON1/LON2/DLON/H
  198  197  191  183  173  164  155  148  141  135  128  122  115  107  100   93
   86   81   77   74   72   70   67   65   64   63   64   64   64   65   66   66
   66   65   63   61   58   57   56   55   55   53   51   49   47   45   42   40
   39   39   40   45   53   62   72   79   84   89   94  102  111  122  132  141
  151  160  167  172  177  183  190  195  198
    20.0-180.0 180.0   5.0 450.0                            LAT/LON1/LON2/DLON/H
  223  224  220  213  203  193  182  172  163  156  147  138  129  120  111  102
   94   87   82   78   76   74   71   69   68   67   68   69   70   70   70   70
   69   68   66   62   59   56   54   53   51   49   47   44   42   40   38   36
   35   35   37   43   52   63   73   81   87   93  100  110  121  132  143  154
  164  173  180  186  192  199  208  217  223
    17.5-180.0 180.0   5.0 450.0                            LAT/LON1/LON2/DLON/H
  242  246  245  239  230  219  208  197  187  177  167  156  145  133  122  112
  103   95   89   86   83   80   78   76   74   74   74   74   74   74   74   73
   71   69   66   63   58   55   52   49   47   45   41   39   37   36   34   32
   31   31   35   42   52   63   74   83   90   97  107  118  130  142  153  164
  174  183  190  196  203  212  223  234  242
    15.0-180.0 180.0   5.0 450.0                            LAT/LON1/LON2/DLON/H
  255  261  262  258  251  241  229  218  207  196  185  172  159  146  134  123
  113  105   99   95   92   89   87   85   83   81   80   80   79   78   76   75
   72   70   67   62   57   53   49   47   44   40   37   35   33   32   31   29
   28   29   33   41   52   64   75   84   93  102  113  126  139  152  162  172
  182  191  197  203  210  220  232  244  255
    12.5-180.0 180.0   5.0 450.0                            LAT/LON1/LON2/DLON/H
  259  267  269  268  263  254  244  233  222  211  199  187  173  158  146  134
  124  116  110  106  103  100   98   95   92   90   87   85   82   80   78   75
   73   70   66   62   57   52   48   44   41   38   35   33   31   30   29   27
   26   27   31   40   52   64   76   87   96  107  120  134  147  159  169  179
  188  196  202  207  214  223  235  248  259
    10.0-180.0 180.0   5.0 450.0                            LAT/LON1/LON2/DLON/H
  257  265  268  269  266  259  251  241  232  222  211  198  184  169  157  145
  136  128  122  118  115  112  109  105  101   98   93   89   86   82   79   75
   73   70   67   63   58   53   48   45   41   38   35   33   31   30   29   27
   25   26   31   40   52   65   78   88  100  112  125  140  153  165  175  184
  192  199  205  210  216  224  235  246  257
     7.5-180.0 180.0   5.0 450.0                            LAT/LON1/LON2/DLON/H
  252  258  262  264  262  257  251  244  236  228  218  206  192  179  167  157
  148  140  135  131  127  124  120  115  110  104   99   93   88   84   79   76
   73   71   68   64   60   55   50   47   43   40   37   34   33   31   30   28
   26   27   32   42   53   66   78   90  102  115  130  145  158  169  179  188
  196  202  207  212  217  224  233  243  252
     5.0-180.0 180.0   5.0 450.0                            LAT/LON1/LON2/DLON/H
  247  252  255  256  256  253  249  243  238  231  223  212  200  189  178  168
  160  153  147  142  138  134  128  123  116  110  103   97   91   85   81   77
   74   72   70   66   63   59   54   50   47   43   40   37   36   34   32   30
   28   29   34   43   55   67   79   91  104  118  133  148  161  172  183  191
  199  205  211  215  220  226  233  240  247
     2.5-180.0 180.0   5.0 450.0                            LAT/LON1/LON2/DLON/H
  246  249  251  251  251  249  247  243  239  234  227  218  208  197  188  179
  171  164  158  152  146  141  134  127  121  114  107  100   93   88   83   79
   77   74   72   69   66   62   57   54   50   47   44   42   39   37   34   32
   30   31   36   45   57   69   80   92  105  120  135  149  163  175  185  194
  202  210  216  220  225  230  236  241  246
