sample_files/i/ionex/irtg0050.21i
     1.0            IONOSPHERE MAPS     GPS                 IONEX VERSION / TYPE
tecrms2ionex_4.awk  UPC-IonSAT          01/22/21 1001UT     PGM / RUN BY / DATE
Global ionosphere maps for day   5, 2021 ( 5- 1-2021)       DESCRIPTION
Contact address: Manuel Hernandez-Pajares                   DESCRIPTION
                 IonSAT research group                      DESCRIPTION
                 Technical Univ. of Catalonia (UPC-IonSAT)  DESCRIPTION
                 Mod. C3 Campus Nord UPC                    DESCRIPTION
                 E08034-Barcelona, SPAIN                    DESCRIPTION
                 e-mail:  manuel@ma4.upc.edu                DESCRIPTION
                                                            DESCRIPTION
  2021     1     5     0     0     0                        EPOCH OF FIRST MAP
  2021     1     5    23    40     0                        EPOCH OF LAST MAP
  1200                                                      INTERVAL
    72                                                      # OF MAPS IN FILE
  COSZ                                                      MAPPING FUNCTION
     0.0                                                    ELEVATION CUTOFF
    99                                                      # OF STATIONS
    33                                                      # OF SATELLITES
  6371.0                                                    BASE RADIUS
     2                                                      MAP DIMENSION
   450.0 450.0   0.0                                        HGT1 / HGT2 / DHGT
    87.5 -87.5  -2.5                                        LAT1 / LAT2 / DLAT
  -180.0 180.0   5.0                                        LON1 / LON2 / DLON
    -1                                                      EXPONENT
TEC values in  0.1 TECUs; 9999 if no value available        COMMENT
Validation with JASON: <TEC_JASON - TEC_GPS>  [TECU]        DESCRIPTION
         (reference day of year: 005)                       DESCRIPTION
                                                            DESCRIPTION
           Bias   Sigma     RMS    VTEC   %ERR    #OBS      DESCRIPTION
          -3.01    3.20    4.40    9.61   45.8   48783      DESCRIPTION
                                                            DESCRIPTION
UT(hours)  Bias   Sigma     RMS    VTEC   %ERR    #OBS      DESCRIPTION
   0.00   -5.30    3.16    6.17   12.09   51.0    1947      DESCRIPTION
   2.00   -3.73    2.64    4.58    7.63   60.0    4225      DESCRIPTION
   4.00   -2.79    2.12    3.50    7.70   45.5    4513      DESCRIPTION
   6.00   -2.27    2.82    3.62   12.46   29.1    3515      DESCRIPTION
   8.00   -4.32    2.71    5.10    8.27   61.7    4472      DESCRIPTION
  10.00   -3.43    3.84    5.14    8.00   64.3    4628      DESCRIPTION
  12.00   -3.41    2.22    4.07    5.33   76.3    3865      DESCRIPTION
  14.00   -2.48    2.41    3.46    9.24   37.4    4090      DESCRIPTION
  16.00   -1.97    2.64    3.30   10.92   30.2    3787      DESCRIPTION
  18.00   -1.52    2.84    3.22   10.81   29.8    3980      DESCRIPTION
  20.00   -3.11    3.04    4.34   10.19   42.6    4732      DESCRIPTION
  22.00   -2.98    4.70    5.56   13.49   41.2    3690      DESCRIPTION
  24.00   -1.86    5.23    5.55   14.64   37.9    1339      DESCRIPTION
                                                            DESCRIPTION
Lat(deg)   Bias   Sigma     RMS    VTEC   %ERR    #OBS      DESCRIPTION
 -60.00   -1.75    2.19    2.81    8.96   31.4   12108      DESCRIPTION
 -40.00   -2.60    2.68    3.73   10.28   36.3    9198      DESCRIPTION
 -20.00   -3.79    3.84    5.40   12.66   42.6    7035      DESCRIPTION
   0.00   -5.19    3.06    6.02   11.92   50.5    6758      DESCRIPTION
  20.00   -3.67    4.01    5.44   10.39   52.3    6245      DESCRIPTION
  40.00   -2.88    2.32    3.70    4.85   76.3    4962      DESCRIPTION
  60.00   -1.14    2.34    2.60    2.91   89.6    2477      DESCRIPTION
                                                            END OF HEADER
[from data line 28743]
    68                                                      START OF TEC MAP
  2021     1     5    22    20     0                        EPOCH OF CURRENT MAP
    87.5-180.0 180.0   5.0 450.0                            LAT/LON1/LON2/DLON/H
   32   32   33   33   33   33   33   33   33   34   34   34   34   34   34   34
   34   34   34   34   34   34   33   33   33   33   33   33   32   32   32   32
   32   31   31   31   31   31   31   31   31   31   31   30   30   30   31   31
   31   31   31   31   30   31   31   31   31   31   31   31   31   31   31   31
   31   31   31   32   32   32   32   32   32
    85.0-180.0 180.0   5.0 450.0                            LAT/LON1/LON2/DLON/H
   32   32   33   33   33   34   34   34   35   35   36   36   36   36   36   36
   36   36   36   35   35   35   35   34   34   33   33   33   32   32   32   31
   31   31   30   30   30   30   30   29   29   29   29   29   29   29   29   29
   29   30   30   30   30   30   30   30   30   30   31   31   30   30   30   30
   30   31   31   31   31   31   32   32   32
    82.5-180.0 180.0   5.0 450.0                            LAT/LON1/LON2/DLON/H
   32   32   32   33   34   35   35   36   36   37   38   38   38   38   38   38
   38   38   37   37   37   36   35   35   34   34   33   33   32   31   31   30
   30   30   29   29   29   28   28   28   28   28   28   28   28   28   28   28
   28   29   29   29   30   30   30   31   31   31   31   31   31   31   31   30
   30   30   30   30   30   31   31   31   32
    80.0-180.0 180.0   5.0 450.0                            LAT/LON1/LON2/DLON/H
   32   32   33   34   35   36   37   38   39   40   41   41   41   41   41   41
   40   39   39   38   37   36   35   34   33   33   32   31   31   30   30   29
   29   29   28   28   28   27   27   27   27   27   27   26   27   27   27   27
   28   28   29   30   30   31   31   32   32   32   32   32   32   32   31   31
   30   30   30   29   30   30   30   31   32
    77.5-180.0 180.0   5.0 450.0                            LAT/LON1/LON2/DLON/H
   32   33   35   36   38   39   40   42   43   43   43   44   44   44   43   42
   41   40   39   38   36   35   34   33   32   31   30   30   30   29   29   28
   28   28   28   28   27   27   27   26   26   26   25   26   25   26   26   27
   27   28   29   30   31   32   33   34   34   34   34   34   34   33   32   32
   31   30   30   30   30   30   31   31   32
    75.0-180.0 180.0   5.0 450.0                            LAT/LON1/LON2/DLON/H
   35   36   38   40   41   43   45   46   47   48   48   48   47   47   46   44
   42   40   39   37   35   34   33   31   30   30   29   29   28   28   28   28
   27   27   27   27   27   26   26   25   25   25   24   24   24   24   25   26
   27   28   29   30   32   33   34   35   36   37   37   36   35   35   33   33
   32   31   31   30   31   31   32   34   35
    72.5-180.0 180.0   5.0 450.0                            LAT/LON1/LON2/DLON/H
   38   40   43   45   47   48   50   51   52   53   53   53   51   50   48   45
   43   41   38   36   34   32   31   30   29   28   27   27   27   27   27   26
   26   26   26   26   26   25   25   25   24   24   24   24   23   23   24   25
   26   27   29   30   32   34   35   36   37   38   38   38   37   36   34   33
   33   32   31   32   32   33   35   37   38
    70.0-180.0 180.0   5.0 450.0                            LAT/LON1/LON2/DLON/H
   43   45   47   50   52   54   56   58   58   58   58   57   55   53   51   48
   44   42   38   35   33   31   29   28   27   26   25   25   25   25   25   25
   25   25   25   24   24   24   24   23   23   22   22   22   22   22   23   23
   25   26   28   29   32   34   35   38   38   39   39   38   37   36   35   34
   33   32   33   33   34   36   38   40   43
    67.5-180.0 180.0   5.0 450.0                            LAT/LON1/LON2/DLON/H
   47   50   53   55   58   60   62   63   64   64   64   62   60   57   53   50
   46   42   39   35   33   30   28   27   26   25   24   25   24   24   24   24
   23   23   23   23   23   22   22   22   21   21   21   21   21   21   21   22
   23   25   26   28   31   33   35   37   38   38   38   38   37   35   34   33
   32   32   33   34   36   38   41   44   47
    65.0-180.0 180.0   5.0 450.0                            LAT/LON1/LON2/DLON/H
   51   54   57   60   63   65   67   69   70   70   69   67   64   61   57   53
   49   44   40   36   33   30   28   26   25   24   24   24   23   23   23   23
   23   22   21   21   21   21   21   21   20   21   21   21   20   21   21   21
   22   24   25   27   30   31   34   36   37   37   37   36   35   33   32   32
   31   32   33   36   38   41   44   47   51
    62.5-180.0 180.0   5.0 450.0                            LAT/LON1/LON2/DLON/H
   54   58   61   64   67   69   72   73   74   74   73   71   68   65   61   57
   52   47   43   38   34   31   29   26   25   24   23   23   23   23   23   22
   22   22   22   21   21   21   21   21   21   21   21   22   21   21   22   22
   22   23   24   26   28   30   32   34   35   35   35   34   33   31   30   30
   31   32   34   37   40   43   47   51   54
    60.0-180.0 180.0   5.0 450.0                            LAT/LON1/LON2/DLON/H
   58   61   65   68   71   73   75   77   78   78   77   75   73   69   65   61
   56   51   46   41   37   33   30   27   26   25   24   24   24   23   24   23
   23   23   23   23   23   23   23   23   24   24   24   24   24   24   23   23
   23   24   25   26   27   29   30   32   33   33   33   32   30   29   29   29
   29   32   35   38   42   46   50   54   58
    57.5-180.0 180.0   5.0 450.0                            LAT/LON1/LON2/DLON/H
   62   66   69   73   75   77   79   81   82   82   81   79   76   73   69   65
   60   56   51   46   41   36   32   29   27   26   26   26   26   26   26   26
   26   27   27   27   27   27   28   28   29   29   29   28   28   27   27   26
   26   26   26   26   27   29   30   31   32   32   31   30   29   28   27   28
   30   33   36   41   45   50   54   58   62
    55.0-180.0 180.0   5.0 450.0                            LAT/LON1/LON2/DLON/H
   68   72   76   79   81   83   85   85   86   86   85   83   80   76   72   69
   65   61   56   51   45   39   35   32   31   30   29   30   30   30   31   32
   32   33   33   34   34   34   35   35   35   35   35   34   34   33   32   31
   30   30   29   29   29   30   30   31   31   31   31   29   28   27   27   28
   31   35   40   45   50   54   59   64   68
    52.5-180.0 180.0   5.0 450.0                            LAT/LON1/LON2/DLON/H
   76   80   85   88   90   91   92   92   92   91   89   87   84   80   76   73
   70   66   61   56   50   44   40   37   35   34   34   35   36   36   37   38
   39   40   41   41   42   42   42   43   43   43   43   41   40   39   38   37
   36   35   34   33   33   32   33   33   33   33   31   30   29   28   28   30
   33   38   44   50   55   61   66   71   76
    50.0-180.0 180.0   5.0 450.0                            LAT/LON1/LON2/DLON/H
   86   91   95   98  101  102  101  100   99   98   95   92   88   84   80   77
   74   71   67   62   56   50   46   43   42   41   41   42   42   43   43   45
   46   47   48   49   49   50   50   51   51   50   50   48   47   45   44   43
   42   41   40   38   38   37   36   36   36   35   34   32   31   30   31   33
   37   43   49   56   62   68   75   80   86
    47.5-180.0 180.0   5.0 450.0                            LAT/LON1/LON2/DLON/H
   95  102  107  111  113  113  112  110  107  105  102   98   93   88   84   81
   79   76   73   68   62   57   53   50   49   48   48   49   49   49   50   51
   53   54   54   55   56   56   56   57   57   57   56   54   53   52   50   49
   48   47   46   44   43   42   41   40   39   39   37   35   34   33   34   37
   42   48   55   63   69   76   83   89   95
    45.0-180.0 180.0   5.0 450.0                            LAT/LON1/LON2/DLON/H
  105  111  117  121  123  123  122  119  116  112  109  104   99   93   89   86
   83   81   78   74   69   64   60   58   57   57   56   56   55   54   55   56
   56   58   59   59   60   60   61   61   61   61   60   58   57   56   55   55
   54   53   52   50   48   47   46   45   44   43   41   39   38   38   39   42
   47   54   61   69   76   83   90   98  105
    42.5-180.0 180.0   5.0 450.0                            LAT/LON1/LON2/DLON/H
  111  118  124  129  131  131  129  126  122  119  114  110  104   99   94   91
   88   86   84   80   76   72   68   66   65   64   63   61   59   58   58   58
   58   59   60   61   61   62   62   63   63   63   63   61   60   59   59   59
   59   58   57   55   54   52   51   50   48   47   45   43   41   41   43   47
   52   59   67   74   82   89   96  104  111
    40.0-180.0 180.0   5.0 450.0                            LAT/LON1/LON2/DLON/H
  115  122  129  133  135  135  133  129  126  122  119  115  110  105  100   96
   94   91   89   86   83   79   76   74   72   70   68   65   62   60   58   58
   58   59   60   60   61   62   63   64   64   64   63   63   62   62   61   62
   61   61   60   59   58   56   55   54   52   50   48   46   45   46   48   52
   58   65   72   79   87   94  101  108  115
    37.5-180.0 180.0   5.0 450.0                            LAT/LON1/LON2/DLON/H
  117  124  129  133  135  135  133  130  126  124  121  119  115  111  106  102
  100   97   95   92   89   86   83   80   78   75   71   66   63   60   58   57
   57   57   58   60   60   62   63   63   63   64   63   63   63   62   62   62
   62   62   61   61   60   58   57   56   54   52   50   48   48   49   52   57
   63   69   76   83   90   97  104  111  117
    35.0-180.0 180.0   5.0 450.0                            LAT/LON1/LON2/DLON/H
  119  125  129  132  134  133  131  128  126  124  122  121  119  116  112  109
  106  103  100   98   94   91   89   85   81   76   71   67   63   60   58   57
   57   57   58   60   61   62   62   63   64   64   64   63   63   63   62   62
   62   62   61   61   60   59   58   57   55   53   51   50   50   52   56   62
   68   74   81   87   93  100  107  113  119
    32.5-180.0 180.0   5.0 450.0                            LAT/LON1/LON2/DLON/H
  123  128  131  133  134  133  131  128  125  124  123  123  123  121  118  115
  112  109  106  102   99   96   92   88   83   77   72   67   64   61   60   59
   59   60   61   62   62   63   63   64   64   64   64   64   63   62   62   61
   60   60   60   59   59   58   57   56   55   53   51   50   51   54   60   66
   73   79   86   92   98  105  111  118  123
    30.0-180.0 180.0   5.0 450.0                            LAT/LON1/LON2/DLON/H
  131  135  138  140  140  139  136  133  129  127  126  127  127  126  124  122
  118  115  110  107  103   99   94   89   83   77   72   69   67   66   65   64
   64   64   65   66   66   66   66   65   65   65   65   64   62   62   60   59
   58   57   57   57   56   56   55   53   52   51   49   49   51   55   62   70
   78   84   91   98  105  112  119  126  131
    27.5-180.0 180.0   5.0 450.0                            LAT/LON1/LON2/DLON/H
  145  150  152  154  153  152  149  145  140  135  133  132  132  132  130  128
  124  120  115  110  106  101   96   90   84   78   74   73   73   74   74   73
   72   72   72   71   70   70   68   67   67   66   65   63   62   60   59   57
   55   54   54   53   53   52   51   50   49   48   47   47   50   56   65   74
   83   90   97  105  113  122  130  139  145
    25.0-180.0 180.0   5.0 450.0                            LAT/LON1/LON2/DLON/H
  164  170  174  175  176  175  171  166  159  151  146  143  141  139  137  135
  130  125  120  114  108  103   97   91   85   81   79   80   82   84   85   84
   83   81   79   77   74   72   71   69   67   66   64   63   61   59   57   55
   53   51   50   49   48   47   46   45   45   44   44   45   49   57   67   78
   87   96  104  113  123  134  145  155  164
    22.5-180.0 180.0   5.0 450.0                            LAT/LON1/LON2/DLON/H
  186  195  201  204  205  205  201  195  185  175  165  158  153  149  146  142
  137  131  125  118  111  106  100   94   89   87   87   90   94   97   97   96
   93   89   85   81   77   74   71   69   67   65   62   60   58   57   54   52
   50   48   47   46   45   43   41   41   41   40   40   42   47   57   69   81
   92  102  111  122  133  147  161  175  186
    20.0-180.0 180.0   5.0 450.0                            LAT/LON1/LON2/DLON/H
  208  220  229  234  237  238  236  229  218  204  191  178  169  162  156  151
  145  138  131  124  117  111  105  100   96   96   98  102  107  109  109  107
  101   95   89   82   78   74   70   67   65   62   60   57   56   53   51   50
   47   45   44   42   41   39   37   37   37   37   37   40   46   57   70   84
   96  107  119  131  145  160  177  193  208
    17.5-180.0 180.0   5.0 450.0                            LAT/LON1/LON2/DLON/H
  226  241  252  260  266  269  269  263  251  235  218  201  187  176  168  161
  154  147  140  132  124  118  113  109  106  107  110  115  119  121  119  114
  107   99   90   82   76   71   68   65   62   59   56   54   51   50   49   47
   45   42   41   39   37   35   34   34   34   34   35   39   46   59   73   87
  101  113  125  139  154  171  190  209  226
    15.0-180.0 180.0   5.0 450.0                            LAT/LON1/LON2/DLON/H
  238  254  268  278  286  292  295  291  280  264  244  225  207  193  182  173
  166  158  150  143  135  129  124  121  120  121  124  128  130  129  126  118
  110  100   89   81   74   69   65   62   59   56   52   50   48   46   46   44
   43   41   39   36   35   33   32   32   32   32   34   39   47   60   76   91
  105  119  132  147  163  179  199  218  238
    12.5-180.0 180.0   5.0 450.0                            LAT/LON1/LON2/DLON/H
  241  258  272  284  294  303  309  309  301  286  267  246  226  209  197  187
  179  171  163  155  148  142  138  135  134  135  137  138  138  135  129  120
  111  100   89   80   73   68   64   60   57   53   50   47   45   44   44   43
   41   40   38   35   33   32   32   31   32   32   34   40   49   63   79   95
  110  124  138  152  168  185  203  222  241
    10.0-180.0 180.0   5.0 450.0                            LAT/LON1/LON2/DLON/H
  239  254  267  279  290  301  310  314  310  299  282  262  243  225  212  201
  192  185  177  170  163  157  153  151  149  149  149  147  143  138  130  121
  111  101   91   82   75   69   65   62   57   53   49   47   45   44   43   43
   41   39   37   35   34   33   33   32   33   33   36   42   52   67   84  100
  114  129  143  158  172  187  204  221  239
     7.5-180.0 180.0   5.0 450.0                            LAT/LON1/LON2/DLON/H
  232  244  255  264  275  287  299  307  308  302  289  272  255  238  225  215
  206  199  192  186  179  173  169  166  164  162  158  154  147  140  132  123
  114  105   95   87   81   75   70   66   60   56   52   49   47   45   45   44
   43   41   39   37   36   36   35   35   35   36   38   45   56   71   87  103
  118  133  148  162  176  189  203  218  232
     5.0-180.0 180.0   5.0 450.0                            LAT/LON1/LON2/DLON/H
  225  233  240  247  256  268  281  292  297  296  289  276  263  249  237  228
  219  213  206  200  194  189  185  181  177  172  167  159  151  142  135  127
  120  112  104   96   90   84   78   72   66   61   57   53   51   50   49   48
   47   44   42   40   39   39   38   38   37   38   41   48   60   75   91  107
  122  136  151  165  178  190  202  214  225
     2.5-180.0 180.0   5.0 450.0                            LAT/LON1/LON2/DLON/H
  221  226  229  233  239  249  261  274  283  287  284  276  266  256  247  238
  232  225  220  214  208  203  198  194  188  181  173  164  155  147  140  135
  129  122  115  108  101   95   88   81   74   68   64   61   58   57   55   54
   51   49   46   44   43   43   42   41   39   40   43   50   63   78   94  109
  123  138  153  167  180  192  204  214  221
