sample_files/i/ionex/irtg0040.21i
     1.0            IONOSPHERE MAPS     MIX                 IONEX VERSION / TYPE
tecrms2ionex_4.awk  UPC-IonSAT          01/04/21  101UT     PGM / RUN BY / DATE
Global ionosphere maps for day   4, 2021 ( 4- 1-2021)       DESCRIPTION
Contact address: Manuel Hernandez-Pajares                   DESCRIPTION
                 IonSAT research group                      DESCRIPTION
                 Technical Univ. of Catalonia (UPC-IonSAT)  DESCRIPTION
                 Mod. C3 Campus Nord UPC                    DESCRIPTION
                 E08034-Barcelona, SPAIN                    DESCRIPTION
                 e-mail:  manuel@ma4.upc.edu                DESCRIPTION
                                                            DESCRIPTION
                 warning: irregular time interval           DESCRIPTION
Generated by single_epoch_2_ionex_unfixed_time_interval.py  DESCRIPTION
  2021     1     4     0     5     0                        EPOCH OF FIRST MAP
  2021     1     4    23    40     0                        EPOCH OF LAST MAP
  1200                                                      INTERVAL
    68                                                      # OF MAPS IN FILE
  COSZ                                                      MAPPING FUNCTION
     0.0                                                    ELEVATION CUTOFF
   999                                                      # OF STATIONS
    99                                                      # OF SATELLITES
  6371.0                                                    BASE RADIUS
     2                                                      MAP DIMENSION
   450.0 450.0   0.0                                        HGT1 / HGT2 / DHGT
    87.5 -87.5  -2.5                                        LAT1 / LAT2 / DLAT
  -180.0 180.0   5.0                                        LON1 / LON2 / DLON
    -1                                                      EXPONENT
TEC values in  0.1 TECUs; 9999 if no value available        COMMENT
                                                            END OF HEADER
[from data line 18018]
    43                                                      START OF TEC MAP
  2021     1     4    15    20     0                        EPOCH OF CURRENT MAP
    87.5-180.0 180.0   5.0 450.0                            LAT/LON1/LON2/DLON/H
   19   20   20   19   19   19   19   19   19   19   19   19   19   19   19   19
   19   20   20   20   20   20   20   20   20   20   20   20   21   21   21   20
   20   21   21   21   21   21   21   21   21   21   21   21   21   21   21   21
   21   21   21   21   21   21   21   20   20   20   20   20   20   20   20   20
   20   20   20   20   20   19   19   19   19
    85.0-180.0 180.0   5.0 450.0                            LAT/LON1/LON2/DLON/H
   19   19   19   19   19   19   19   19   19   19   19   19   20   20   20   20
   19   19   19   20   20   20   20   20   20   21   21   21   21   21   22   22
   21   22   22   22   22   22   22   22   22   22   22   22   22   22   22   22
   22   21   21   21   21   21   21   21   21   21   20   20   20   20   20   20
   19   19   20   19   19   19   19   19   19
    82.5-180.0 180.0   5.0 450.0                            LAT/LON1/LON2/DLON/H
   19   19   19   19   19   19   19   19   20   20   20   20   20   20   20   20
   20   20   20   21   21   20   21   21   22   22   22   22   22   22   22   23
   23   23   23   23   23   23   23   23   23   22   22   23   22   22   22   22
   22   22   22   22   22   22   21   21   21   21   20   20   20   20   20   20
   19   20   19   19   19   19   19   19   19
    80.0-180.0 180.0   5.0 450.0                            LAT/LON1/LON2/DLON/H
   18   19   19   19   19   19   20   20   20   21   21   21   21   21   21   21
   21   21   22   22   22   22   23   23   23   23   24   24   24   25   25   25
   24   24   24   24   24   24   23   23   23   23   23   22   22   22   22   22
   22   22   22   21   21   21   21   21   21   21   21   20   20   20   20   20
   19   19   19   19   18   18   18   18   18
    77.5-180.0 180.0   5.0 450.0                            LAT/LON1/LON2/DLON/H
   18   18   18   19   19   19   20   20   21   21   22   22   22   22   23   23
   23   23   23   24   24   25   25   26   26   26   27   27   27   27   27   27
   26   26   25   25   24   24   23   23   22   22   22   22   22   22   22   22
   22   21   21   21   21   21   21   21   20   21   20   21   20   20   20   20
   20   19   18   19   18   18   18   18   18
    75.0-180.0 180.0   5.0 450.0                            LAT/LON1/LON2/DLON/H
   17   18   18   18   19   20   20   21   21   22   22   23   23   23   23   24
   24   25   26   26   27   28   29   30   31   31   31   31   31   31   30   30
   29   28   27   26   25   24   23   22   22   21   21   21   21   21   21   21
   21   21   21   21   21   21   20   20   20   20   20   21   20   20   20   20
   20   19   19   19   18   18   18   17   17
    72.5-180.0 180.0   5.0 450.0                            LAT/LON1/LON2/DLON/H
   17   17   17   18   18   19   20   20   21   21   22   22   23   24   24   24
   25   27   27   29   31   32   34   35   36   36   37   37   36   35   34   33
   32   30   28   27   25   24   23   21   21   20   20   19   20   20   20   20
   21   21   20   20   20   19   20   20   20   20   20   21   20   21   21   20
   20   20   19   19   18   18   17   17   17
    70.0-180.0 180.0   5.0 450.0                            LAT/LON1/LON2/DLON/H
   17   17   17   17   18   18   18   19   20   20   21   21   22   22   23   24
   26   28   30   32   35   37   39   41   42   43   43   43   42   40   39   37
   35   32   30   28   26   24   23   21   20   19   19   19   19   19   19   20
   20   20   19   19   19   18   18   18   19   19   20   20   21   21   21   21
   21   20   20   20   19   18   17   17   17
    67.5-180.0 180.0   5.0 450.0                            LAT/LON1/LON2/DLON/H
   17   17   17   16   16   17   17   17   18   19   19   19   20   21   22   23
   26   28   32   35   38   41   44   47   48   49   49   49   48   46   44   41
   38   36   33   31   28   25   24   22   20   20   19   18   19   19   19   19
   19   18   18   18   18   17   17   17   18   18   19   20   21   21   21   21
   21   21   20   19   20   19   18   18   17
    65.0-180.0 180.0   5.0 450.0                            LAT/LON1/LON2/DLON/H
   18   18   17   16   16   15   16   16   16   16   16   17   17   19   20   22
   25   29   33   37   42   46   49   52   54   55   56   55   54   52   49   47
   43   40   37   34   31   29   26   24   23   21   20   19   19   18   18   18
   18   17   17   17   16   16   16   16   17   18   19   20   21   21   22   22
   22   21   21   21   20   20   19   19   18
    62.5-180.0 180.0   5.0 450.0                            LAT/LON1/LON2/DLON/H
   20   19   18   17   17   16   15   15   15   15   15   15   16   17   19   22
   26   30   35   40   45   50   54   58   60   62   62   62   61   58   56   53
   49   46   42   39   36   33   31   29   26   24   23   21   20   19   19   18
   17   17   16   16   15   15   15   16   17   18   19   20   21   22   23   23
   22   23   22   22   22   21   21   20   20
    60.0-180.0 180.0   5.0 450.0                            LAT/LON1/LON2/DLON/H
   22   21   20   19   18   18   16   16   15   15   14   14   14   17   19   23
   27   32   38   44   49   54   58   62   65   67   68   69   68   66   63   60
   56   53   49   45   43   40   37   34   32   30   27   24   23   21   19   18
   17   16   16   15   15   15   16   17   18   19   20   21   23   23   24   24
   24   24   24   24   24   24   23   23   22
    57.5-180.0 180.0   5.0 450.0                            LAT/LON1/LON2/DLON/H
   25   24   24   22   21   20   19   18   17   16   15   15   16   17   21   25
   30   36   42   48   53   58   62   66   69   72   74   75   75   73   71   68
   64   60   57   53   50   48   45   42   39   36   33   30   26   23   21   20
   18   17   17   16   17   17   17   19   20   21   23   24   25   26   26   26
   26   26   26   26   26   27   27   26   25
    55.0-180.0 180.0   5.0 450.0                            LAT/LON1/LON2/DLON/H
   29   28   27   26   26   24   23   22   21   19   18   17   18   20   24   29
   35   41   47   53   58   63   67   71   74   77   79   81   82   81   79   76
   72   68   65   61   59   56   53   50   47   43   39   36   31   28   25   23
   21   20   20   20   20   21   22   23   24   25   26   28   28   29   29   29
   29   30   30   30   30   30   30   30   29
    52.5-180.0 180.0   5.0 450.0                            LAT/LON1/LON2/DLON/H
   33   32   31   31   30   30   29   28   26   24   22   21   22   25   29   34
   41   47   53   59   64   68   72   76   79   82   85   87   88   87   86   83
   79   76   72   69   66   63   61   58   54   51   46   42   37   34   30   28
   26   25   25   25   26   27   28   29   29   31   31   32   32   32   33   33
   33   33   33   34   34   34   34   33   33
    50.0-180.0 180.0   5.0 450.0                            LAT/LON1/LON2/DLON/H
   37   36   35   35   35   35   35   33   31   29   27   27   27   30   35   41
   48   55   61   66   70   75   78   82   85   88   90   92   93   93   91   88
   85   81   78   75   73   70   68   65   62   58   54   49   45   40   37   35
   33   32   32   32   33   34   35   36   36   37   37   37   37   37   37   37
   37   38   38   38   38   38   38   37   37
    47.5-180.0 180.0   5.0 450.0                            LAT/LON1/LON2/DLON/H
   40   39   39   39   39   39   40   38   37   35   32   32   33   37   42   48
   55   62   68   74   79   82   86   89   92   94   96   98   97   96   95   91
   88   85   83   80   78   76   74   71   68   64   60   56   51   48   45   43
   42   41   40   40   40   42   42   43   43   42   42   42   41   41   41   41
   41   41   41   41   41   41   41   40   40
    45.0-180.0 180.0   5.0 450.0                            LAT/LON1/LON2/DLON/H
   41   41   41   41   42   43   43   43   41   39   38   37   39   43   49   55
   62   69   76   82   87   91   94   97   99  101  101  101  100   98   96   93
   90   88   86   84   82   80   79   76   73   70   66   62   58   55   53   51
   50   49   48   48   48   49   48   49   49   48   47   46   46   45   44   44
   44   43   44   43   44   43   43   42   41
    42.5-180.0 180.0   5.0 450.0                            LAT/LON1/LON2/DLON/H
   42   42   42   42   43   44   45   45   44   43   42   42   44   49   55   62
   69   77   83   89   95  100  103  106  107  107  106  104  102   98   95   93
   91   90   89   88   87   86   84   81   78   75   71   67   64   61   60   59
   57   57   56   55   54   54   54   54   53   52   51   50   49   48   47   47
   46   45   45   45   44   44   44   43   42
    40.0-180.0 180.0   5.0 450.0                            LAT/LON1/LON2/DLON/H
   42   42   42   42   42   44   45   46   46   45   46   47   50   55   61   68
   76   83   90   97  103  108  111  113  114  113  110  106  102   99   96   94
   94   94   94   94   93   92   89   87   83   79   76   72   69   67   65   64
   64   63   61   60   59   57   57   57   56   55   53   52   51   50   49   48
   47   46   45   45   44   44   44   43   42
    37.5-180.0 180.0   5.0 450.0                            LAT/LON1/LON2/DLON/H
   41   40   40   40   41   42   44   45   46   47   48   51   55   60   67   74
   81   89   97  104  111  116  119  120  119  117  113  108  104  100   98   98
   99  101  102  103  102  100   98   93   89   85   81   77   73   71   69   68
   68   66   65   63   61   59   59   58   57   56   55   54   52   51   50   49
   47   45   44   43   43   42   42   42   41
    35.0-180.0 180.0   5.0 450.0                            LAT/LON1/LON2/DLON/H
   39   39   38   38   39   40   41   43   45   47   50   54   60   67   73   81
   87   96  103  111  117  122  124  125  124  120  116  112  108  106  106  107
  110  113  115  115  115  112  108  103   98   92   86   81   77   74   72   72
   70   69   67   64   62   60   59   59   58   57   56   54   53   52   51   49
   47   45   43   42   41   41   41   40   39
    32.5-180.0 180.0   5.0 450.0                            LAT/LON1/LON2/DLON/H
   38   37   36   36   36   37   39   41   43   47   51   58   65   73   80   87
   94  102  110  117  123  127  129  128  127  124  121  118  116  117  119  122
  127  130  132  132  131  127  122  115  107  101   94   87   82   78   76   75
   73   71   68   66   63   61   60   60   58   58   56   55   54   53   52   50
   47   45   43   41   40   39   39   38   38
    30.0-180.0 180.0   5.0 450.0                            LAT/LON1/LON2/DLON/H
   37   36   35   35   35   35   37   38   42   46   52   61   70   79   86   94
  101  109  117  123  128  130  131  130  129  128  127  127  129  132  137  143
  148  152  153  152  149  144  137  128  119  111  103   96   90   84   81   79
   77   74   71   68   66   64   62   61   59   58   57   56   55   54   53   51
   49   46   43   41   40   39   38   37   37
    27.5-180.0 180.0   5.0 450.0                            LAT/LON1/LON2/DLON/H
   36   35   35   34   34   34   35   37   40   45   54   64   75   84   93  101
  108  116  124  130  133  134  133  132  132  133  136  140  146  153  162  169
  175  178  177  174  169  162  153  143  133  123  114  106   99   93   88   85
   83   79   76   72   70   67   65   63   61   59   58   57   56   56   54   53
   51   48   45   43   41   39   38   37   36
    25.0-180.0 180.0   5.0 450.0                            LAT/LON1/LON2/DLON/H
   36   36   35   35   35   35   35   36   39   46   55   67   79   90   99  107
  115  124  131  136  138  137  135  135  137  141  147  156  167  178  189  197
  203  203  201  196  188  179  169  158  147  137  128  119  111  104   99   94
   90   86   83   79   75   73   69   65   63   61   59   58   57   57   56   56
   54   51   49   46   44   41   39   37   36
    22.5-180.0 180.0   5.0 450.0                            LAT/LON1/LON2/DLON/H
   37   36   36   36   36   36   36   37   39   46   56   69   83   95  104  113
  122  131  139  142  143  141  140  140  144  151  161  174  188  202  215  224
  228  227  223  214  205  195  184  172  161  151  142  134  125  117  110  105
  100   95   90   86   82   78   74   69   66   63   61   60   59   59   59   58
   57   54   52   49   46   43   41   38   37
    20.0-180.0 180.0   5.0 450.0                            LAT/LON1/LON2/DLON/H
   38   37   37   37   37   37   36   37   40   47   58   72   86   99  109  119
  129  139  146  150  149  147  146  149  154  164  177  193  210  225  238  247
  249  246  239  229  218  208  196  184  173  165  157  149  140  131  123  116
  110  104   99   94   89   84   78   72   68   65   63   61   60   60   60   60
   59   58   55   52   49   45   43   40   38
    17.5-180.0 180.0   5.0 450.0                            LAT/LON1/LON2/DLON/H
   39   38   38   38   38   37   37   38   41   48   60   74   90  103  114  125
  136  147  154  157  157  156  157  161  168  180  194  211  227  243  255  262
  263  259  250  240  228  217  205  194  185  177  171  164  155  145  136  127
  119  112  105  100   94   88   82   75   71   67   65   63   61   61   61   61
   61   60   57   54   51   48   43   41   39
    15.0-180.0 180.0   5.0 450.0                            LAT/LON1/LON2/DLON/H
   38   37   37   37   38   38   38   38   42   50   62   78   93  107  120  132
  144  155  163  167  167  168  170  176  184  196  210  226  242  255  264  270
  270  265  256  246  235  224  214  203  195  189  184  177  168  157  146  136
  127  118  110  104   98   91   84   77   72   69   66   64   63   62   62   62
   61   60   58   55   52   48   44   40   38
    12.5-180.0 180.0   5.0 450.0                            LAT/LON1/LON2/DLON/H
   36   35   35   35   36   36   37   39   43   53   66   81   97  112  126  139
  152  164  172  177  179  181  185  192  201  213  225  238  251  261  268  271
  271  266  258  249  240  230  220  212  205  200  196  189  179  166  154  142
  131  121  112  105   99   93   86   80   75   71   69   67   65   64   63   62
   61   59   57   54   51   47   43   39   36
    10.0-180.0 180.0   5.0 450.0                            LAT/LON1/LON2/DLON/H
   34   33   32   33   33   34   35   38   45   55   69   85  102  118  132  146
  160  173  182  189  192  196  202  210  218  228  238  247  256  262  266  269
  268  265  259  252  244  237  229  221  215  211  206  199  188  174  159  146
  134  123  114  106  100   94   88   82   78   75   73   70   67   65   64   62
   61   58   56   53   50   46   42   38   34
     7.5-180.0 180.0   5.0 450.0                            LAT/LON1/LON2/DLON/H
   32   30   29   29   30   30   33   37   45   57   72   89  107  123  138  153
  168  181  192  200  206  211  218  226  233  240  246  253  258  261  263  265
  266  264  261  256  250  244  238  231  225  221  216  207  195  179  164  150
  137  125  115  107  102   97   92   87   83   80   78   74   71   68   65   63
   60   57   55   51   48   45   40   36   32
     5.0-180.0 180.0   5.0 450.0                            LAT/LON1/LON2/DLON/H
   31   28   27   26   27   28   30   36   46   59   75   94  111  129  145  160
  176  190  202  211  218  225  233  239  245  249  253  256  258  259  261  264
  266  267  266  263  259  254  249  242  236  231  225  215  202  185  168  154
  141  129  119  111  106  102   98   94   91   88   84   80   75   72   68   65
   62   58   54   51   47   44   39   35   31
     2.5-180.0 180.0   5.0 450.0                            LAT/LON1/LON2/DLON/H
   31   27   26   26   25   26   29   36   47   62   79   97  115  133  150  166
  183  198  211  221  229  237  243  249  253  255  257  259  260  261  263  266
  271  274  274  272  270  265  260  254  248  242  234  224  209  192  175  161
  147  135  125  119  114  110  107  103  100   97   92   87   81   77   73   69
   64   60   55   52   48   44   40   35   31
