sample_files/i/ionex/irtg0060.21i
     1.0            IONOSPHERE MAPS     GPS                 IONEX VERSION / TYPE
tecrms2ionex_4.awk  UPC-IonSAT          01/22/21 1001UT     PGM / RUN BY / DATE
Global ionosphere maps for day   6, 2021 ( 6- 1-2021)       DESCRIPTION
Contact address: Manuel Hernandez-Pajares                   DESCRIPTION
                 IonSAT research group                      DESCRIPTION
                 Technical Univ. of Catalonia (UPC-IonSAT)  DESCRIPTION
                 Mod. C3 Campus Nord UPC                    DESCRIPTION
                 E08034-Barcelona, SPAIN                    DESCRIPTION
                 e-mail:  manuel@ma4.upc.edu                DESCRIPTION
                                                            DESCRIPTION
  2021     1     6     0     0     0                        EPOCH OF FIRST MAP
  2021     1     6    23    40     0                        EPOCH OF LAST MAP
  1200                                                      INTERVAL
    72                                                      # OF MAPS IN FILE
  COSZ                                                      MAPPING FUNCTION
     0.0                                                    ELEVATION CUTOFF
    99                                                      # OF STATIONS
    33                                                      # OF SATELLITES
  6371.0                                                    BASE RADIUS
     2                                                      MAP DIMENSION
   450.0 450.0   0.0                                        HGT1 / HGT2 / DHGT
    87.5 -87.5  -2.5                                        LAT1 / LAT2 / DLAT
  -180.0 180.0   5.0                                        LON1 / LON2 / DLON
    -1                                                      EXPONENT
TEC values in  0.1 TECUs; 9999 if no value available        COMMENT
Validation with JASON: <TEC_JASON - TEC_GPS>  [TECU]        DESCRIPTION
         (reference day of year: 006)                       DESCRIPTION
                                                            DESCRIPTION
           Bias   Sigma     RMS    VTEC   %ERR    #OBS      DESCRIPTION
          -3.12    2.84    4.22    9.18   46.0   47991      DESCRIPTION
                                                            DESCRIPTION
UT(hours)  Bias   Sigma     RMS    VTEC   %ERR    #OBS      DESCRIPTION
   0.00   -3.64    2.72    4.55   12.28   37.0    2508      DESCRIPTION
   2.00   -2.21    3.46    4.10    9.53   43.1    4767      DESCRIPTION
   4.00   -3.76    1.90    4.21    7.73   54.5    4357      DESCRIPTION
   6.00   -1.09    3.12    3.30   13.58   24.3    2648      DESCRIPTION
   8.00   -3.03    2.22    3.76   10.94   34.3    3309      DESCRIPTION
  10.00   -2.42    2.38    3.39    6.26   54.2    3868      DESCRIPTION
  12.00   -3.40    2.32    4.12    6.62   62.3    4163      DESCRIPTION
  14.00   -3.35    1.88    3.85    8.50   45.2    4256      DESCRIPTION
  16.00   -2.82    2.83    4.00    8.71   45.9    3184      DESCRIPTION
  18.00   -3.42    2.68    4.35    7.14   60.9    4552      DESCRIPTION
  20.00   -3.54    2.58    4.38    8.18   53.6    4695      DESCRIPTION
  22.00   -3.74    3.15    4.89   10.90   44.9    3428      DESCRIPTION
  24.00   -4.00    4.50    6.02   15.27   39.4    2256      DESCRIPTION
                                                            DESCRIPTION
Lat(deg)   Bias   Sigma     RMS    VTEC   %ERR    #OBS      DESCRIPTION
 -60.00   -2.82    1.92    3.42    7.26   47.0   12604      DESCRIPTION
 -40.00   -3.19    2.29    3.93    8.48   46.3    9734      DESCRIPTION
 -20.00   -3.35    3.71    5.00   13.55   36.9    7147      DESCRIPTION
   0.00   -4.10    2.83    4.98   12.99   38.4    6401      DESCRIPTION
  20.00   -3.01    4.24    5.20   10.73   48.5    5486      DESCRIPTION
  40.00   -2.93    2.11    3.61    5.05   71.6    4361      DESCRIPTION
  60.00   -1.62    1.88    2.48    2.44  101.8    2258      DESCRIPTION
                                                            END OF HEADER
[from data line 6006]
    15                                                      START OF TEC MAP
  2021     1     6     4    40     0                        EPOCH OF CURRENT MAP
    87.5-180.0 180.0   5.0 450.0                            LAT/LON1/LON2/DLON/H
   28   28   28   28   28   28   27   27   27   27   27   27   27   26   26   26
   25   25   25   25   25   25   24   24   24   24   24   24   23   23   24   24
   24   24   24   24   24   24   24   24   24   24   25   25   25   25   25   25
   25   26   26   26   26   26   26   26   26   27   27   27   27   27   27   27
   28   28   28   28   28   28   28   28   28
    85.0-180.0 180.0   5.0 450.0                            LAT/LON1/LON2/DLON/H
   30   30   30   31   30   30   30   29   30   29   29   28   28   27   27   26
   25   25   24   24   23   23   23   22   22   22   21   21   22   22   22   22
   22   23   23   23   23   23   24   24   24   24   25   25   25   25   25   25
   26   26   26   27   27   27   27   28   28   28   28   29   29   29   29   29
   30   30   30   30   30   30   30   30   30
    82.5-180.0 180.0   5.0 450.0                            LAT/LON1/LON2/DLON/H
   31   31   32   32   31   32   32   32   31   31   31   30   29   28   27   26
   25   24   23   22   22   21   20   20   20   20   20   20   20   20   21   21
   22   22   23   23   24   24   24   24   25   25   25   25   26   26   26   26
   26   27   27   27   28   28   28   29   29   29   29   30   30   30   30   30
   30   31   30   31   30   31   31   31   31
    80.0-180.0 180.0   5.0 450.0                            LAT/LON1/LON2/DLON/H
   31   31   31   32   32   32   32   32   33   32   32   31   30   29   28   26
   25   23   22   21   20   19   19   18   18   18   18   19   19   20   21   21
   23   23   24   25   25   26   26   26   26   26   26   26   26   26   27   27
   27   28   28   29   29   30   30   31   31   32   32   32   32   32   32   32
   31   31   31   31   30   30   30   31   31
    77.5-180.0 180.0   5.0 450.0                            LAT/LON1/LON2/DLON/H
   29   30   30   31   31   31   32   32   32   32   32   31   30   29   27   25
   24   23   21   20   19   18   18   17   17   18   18   18   19   20   22   23
   23   24   25   26   27   27   28   28   27   27   27   27   27   27   27   28
   28   29   29   30   31   32   33   34   34   35   35   35   35   34   34   33
   33   32   31   30   30   30   30   29   29
    75.0-180.0 180.0   5.0 450.0                            LAT/LON1/LON2/DLON/H
   28   28   28   28   29   30   30   30   31   31   31   30   29   28   26   25
   23   22   20   19   18   18   17   17   17   18   18   19   20   21   22   23
   24   26   27   28   28   28   29   29   28   28   27   27   27   27   28   28
   28   30   31   32   33   35   35   36   37   38   38   38   38   37   37   36
   35   34   33   32   30   29   28   28   28
    72.5-180.0 180.0   5.0 450.0                            LAT/LON1/LON2/DLON/H
   27   26   26   26   26   27   27   28   28   29   29   28   27   26   25   24
   22   21   20   19   18   18   18   18   18   18   19   20   21   22   23   24
   25   26   27   28   28   28   28   28   28   27   26   27   26   26   27   27
   29   30   32   33   35   37   38   39   40   41   41   41   41   41   40   39
   38   36   35   33   32   30   29   27   27
    70.0-180.0 180.0   5.0 450.0                            LAT/LON1/LON2/DLON/H
   27   26   25   24   24   24   25   25   26   26   26   26   25   25   24   23
   22   21   21   20   20   19   19   20   20   20   20   21   21   22   23   24
   24   25   26   26   27   27   27   27   26   26   25   25   24   25   26   27
   28   31   32   35   37   38   40   42   43   44   45   45   46   45   44   43
   42   40   39   36   34   32   30   29   27
    67.5-180.0 180.0   5.0 450.0                            LAT/LON1/LON2/DLON/H
   28   26   25   24   23   23   23   23   23   24   24   24   23   23   23   22
   22   21   21   21   21   21   21   21   21   21   21   22   22   22   23   23
   24   24   24   25   24   25   25   24   24   24   23   23   23   23   24   26
   28   31   34   36   39   41   43   45   46   48   49   49   50   50   49   48
   47   45   43   41   38   36   33   31   28
    65.0-180.0 180.0   5.0 450.0                            LAT/LON1/LON2/DLON/H
   32   30   27   25   24   23   22   22   22   22   22   22   22   22   22   22
   22   22   22   22   23   23   22   23   22   22   22   22   22   22   23   22
   22   23   23   22   22   23   23   23   22   22   22   21   21   23   24   27
   29   32   35   38   41   44   46   49   50   51   53   54   55   55   55   54
   53   51   49   46   44   40   37   34   32
    62.5-180.0 180.0   5.0 450.0                            LAT/LON1/LON2/DLON/H
   36   33   31   28   26   24   23   22   22   21   21   21   22   22   22   22
   22   23   23   24   24   24   24   24   23   23   23   23   23   23   23   23
   23   22   22   21   21   21   21   22   21   21   21   21   22   23   25   28
   31   35   38   42   45   47   50   52   55   57   58   59   60   61   60   60
   59   57   55   52   49   46   42   39   36
    60.0-180.0 180.0   5.0 450.0                            LAT/LON1/LON2/DLON/H
   41   38   35   32   29   27   24   23   22   22   22   22   22   22   23   23
   24   24   24   25   25   25   25   25   24   25   25   25   25   26   26   26
   25   24   23   23   22   22   22   22   22   22   22   22   23   24   27   30
   34   38   43   47   50   53   55   58   60   63   64   66   67   67   67   66
   65   63   61   58   55   51   48   44   41
    57.5-180.0 180.0   5.0 450.0                            LAT/LON1/LON2/DLON/H
   46   42   39   36   33   29   27   25   24   23   23   23   24   24   24   25
   26   26   26   26   26   26   26   26   26   27   27   28   29   30   30   31
   30   29   27   25   25   24   25   25   25   25   24   25   25   27   30   34
   39   44   49   53   56   59   62   65   67   70   72   73   74   74   73   72
   71   69   66   63   60   56   53   49   46
    55.0-180.0 180.0   5.0 450.0                            LAT/LON1/LON2/DLON/H
   51   47   44   40   36   33   30   28   27   25   26   26   26   26   27   27
   28   28   28   28   28   29   28   29   29   30   32   34   35   37   38   37
   36   35   32   31   29   29   29   29   29   29   28   28   29   31   35   40
   46   51   56   60   64   67   70   73   75   78   80   81   81   81   80   78
   76   74   72   68   65   61   57   54   51
    52.5-180.0 180.0   5.0 450.0                            LAT/LON1/LON2/DLON/H
   55   51   47   44   40   37   33   31   29   29   28   28   29   29   30   30
   31   31   31   31   31   31   32   33   35   36   38   40   42   44   45   45
   44   42   39   37   35   34   34   34   34   34   33   33   34   37   42   47
   53   59   64   68   72   75   78   81   83   86   87   88   88   87   85   83
   81   79   76   73   70   66   61   58   55
    50.0-180.0 180.0   5.0 450.0                            LAT/LON1/LON2/DLON/H
   59   55   52   47   43   40   37   34   33   32   32   32   32   32   33   34
   34   35   35   35   35   36   37   40   42   44   46   48   50   52   53   52
   51   49   46   43   41   40   39   39   39   38   38   38   40   43   48   54
   61   67   72   77   80   83   86   88   91   93   94   94   94   92   90   87
   86   83   80   78   74   70   66   62   59
    47.5-180.0 180.0   5.0 450.0                            LAT/LON1/LON2/DLON/H
   63   59   55   51   46   42   39   38   36   36   36   36   36   36   37   38
   39   39   40   41   41   43   45   48   50   52   54   56   57   58   59   58
   57   55   52   49   46   44   44   44   44   43   43   43   46   49   55   62
   69   75   80   85   87   90   92   95   97   98   99   99   97   95   93   90
   88   86   84   81   78   74   70   67   63
    45.0-180.0 180.0   5.0 450.0                            LAT/LON1/LON2/DLON/H
   67   62   58   53   49   45   42   41   40   40   40   40   40   41   42   43
   44   45   46   47   49   51   54   57   59   61   62   62   62   62   62   61
   61   58   56   53   50   48   48   47   47   47   47   49   51   56   62   69
   76   82   87   91   94   96   98   99  101  102  102  101   99   97   94   92
   90   88   86   84   81   78   74   70   67
    42.5-180.0 180.0   5.0 450.0                            LAT/LON1/LON2/DLON/H
   70   65   60   55   50   46   44   43   43   44   44   45   45   45   46   48
   50   51   53   55   57   60   62   65   67   68   68   67   65   64   63   63
   62   60   58   55   53   51   51   50   50   51   52   53   56   62   68   75
   82   88   93   96   99  101  103  103  104  104  104  102  100   97   95   93
   91   89   88   86   83   81   77   74   70
    40.0-180.0 180.0   5.0 450.0                            LAT/LON1/LON2/DLON/H
   72   67   62   57   52   48   45   46   46   48   49   49   49   50   52   54
   56   58   59   62   64   67   70   72   73   73   71   69   66   64   63   62
   61   60   58   57   54   53   53   53   53   54   55   57   61   67   73   80
   87   92   97  101  104  106  107  107  107  107  106  104  101   99   96   94
   92   90   88   87   85   82   79   76   72
    37.5-180.0 180.0   5.0 450.0                            LAT/LON1/LON2/DLON/H
   73   68   63   57   52   48   46   47   49   51   52   53   53   55   57   59
   61   63   66   68   71   73   75   76   76   75   72   69   65   63   61   61
   60   60   59   57   55   54   54   54   54   56   58   61   65   71   78   84
   90   96  101  105  108  111  112  113  112  111  110  108  106  103  100   97
   95   92   90   87   85   82   80   77   73
    35.0-180.0 180.0   5.0 450.0                            LAT/LON1/LON2/DLON/H
   73   69   63   57   52   48   47   48   50   53   55   56   57   58   61   63
   66   68   70   72   75   77   78   77   76   73   70   67   63   61   59   59
   59   59   58   57   55   55   54   55   55   57   60   64   69   75   81   87
   93   99  104  110  114  118  120  120  120  119  118  117  115  112  108  104
  101   97   93   89   85   83   80   77   73
    32.5-180.0 180.0   5.0 450.0                            LAT/LON1/LON2/DLON/H
   75   69   63   57   52   48   48   49   52   55   57   58   59   61   63   67
   70   72   73   75   77   78   77   76   74   71   67   64   62   60   59   59
   59   59   58   56   55   54   54   54   55   57   62   66   72   78   84   90
   96  103  109  116  122  127  130  131  131  132  132  131  129  126  121  117
  111  105  100   94   89   85   82   78   75
    30.0-180.0 180.0   5.0 450.0                            LAT/LON1/LON2/DLON/H
   77   72   65   59   53   50   49   50   52   56   57   59   60   62   65   68
   71   73   75   76   76   77   75   73   70   67   64   62   61   60   60   60
   60   58   57   55   54   53   52   52   53   56   62   68   74   80   87   94
  100  107  115  124  132  138  143  146  148  149  150  150  149  145  140  134
  127  120  112  103   96   91   86   82   77
    27.5-180.0 180.0   5.0 450.0                            LAT/LON1/LON2/DLON/H
   84   77   70   62   56   52   51   52   54   56   57   58   60   62   65   69
   72   73   75   75   75   75   72   69   66   63   62   61   61   62   62   62
   61   58   56   53   51   50   49   49   51   55   60   68   75   83   89   97
  105  114  123  133  143  152  158  163  166  169  172  173  173  169  163  156
  148  139  129  118  108  101   95   90   84
    25.0-180.0 180.0   5.0 450.0                            LAT/LON1/LON2/DLON/H
   95   86   77   68   61   57   55   55   56   57   58   58   59   61   65   68
   71   72   73   73   73   72   70   67   64   61   61   61   62   64   65   64
   62   58   54   51   48   46   45   45   47   52   59   68   76   85   92  101
  111  121  132  144  155  165  174  180  185  190  194  197  197  193  188  180
  172  162  151  139  127  118  109  102   95
    22.5-180.0 180.0   5.0 450.0                            LAT/LON1/LON2/DLON/H
  110   99   88   78   69   64   61   60   60   59   59   59   59   61   64   67
   69   71   72   72   71   70   68   66   63   62   62   62   64   66   67   66
   62   57   51   47   44   42   41   40   43   49   57   67   77   87   96  106
  118  129  142  155  167  178  188  195  202  208  215  219  219  217  212  204
  197  188  176  163  150  138  129  119  110
    20.0-180.0 180.0   5.0 450.0                            LAT/LON1/LON2/DLON/H
  128  115  102   90   80   73   69   67   65   64   62   61   61   62   64   67
   69   70   71   71   70   70   69   66   65   64   64   64   66   67   67   65
   61   55   48   43   40   38   36   36   39   46   55   67   78   90  100  112
  125  138  152  165  178  190  199  208  215  223  231  236  238  236  232  227
  221  213  203  190  176  163  151  140  128
    17.5-180.0 180.0   5.0 450.0                            LAT/LON1/LON2/DLON/H
  148  134  118  103   92   83   78   76   73   70   68   66   65   65   67   68
   69   70   70   71   71   71   70   69   68   67   66   66   66   67   66   64
   58   52   46   40   37   34   33   33   37   44   55   68   80   92  105  118
  133  147  161  174  186  198  208  216  224  232  241  247  250  250  247  244
  241  235  227  215  201  187  175  162  148
    15.0-180.0 180.0   5.0 450.0                            LAT/LON1/LON2/DLON/H
  168  151  134  118  104   95   89   85   82   79   76   73   71   71   71   71
   71   71   72   72   73   74   74   73   72   70   68   67   65   65   63   60
   55   49   43   39   34   32   31   31   36   44   56   70   83   96  110  124
  140  155  168  180  192  203  212  220  228  236  245  252  256  257  257  256
  256  253  246  236  222  209  196  182  168
    12.5-180.0 180.0   5.0 450.0                            LAT/LON1/LON2/DLON/H
  184  167  148  131  116  106  100   96   92   89   85   82   80   78   77   76
   74   74   74   75   76   77   77   77   75   73   70   66   64   62   60   57
   53   48   43   38   35   32   30   31   37   46   59   73   86  100  115  130
  146  161  174  186  196  206  214  221  228  236  244  253  258  260  261  263
  264  264  259  250  238  225  212  199  184
    10.0-180.0 180.0   5.0 450.0                            LAT/LON1/LON2/DLON/H
  196  180  161  143  128  117  111  106  103   99   95   92   90   87   85   82
   80   79   78   78   79   80   80   80   78   75   70   65   61   58   56   54
   51   47   43   40   36   33   32   34   40   50   62   76   90  104  119  135
  151  165  178  189  198  207  215  221  227  234  243  251  257  261  263  267
  269  270  267  258  247  235  223  210  196
     7.5-180.0 180.0   5.0 450.0                            LAT/LON1/LON2/DLON/H
  205  189  171  154  138  127  120  116  113  109  105  102   99   96   93   89
   86   84   83   83   82   82   82   81   79   75   69   63   58   55   53   52
   50   48   45   42   39   36   35   37   44   54   67   80   94  108  122  138
  154  169  181  191  200  208  216  222  227  234  242  250  257  262  266  269
  272  273  269  261  251  240  229  218  205
     5.0-180.0 180.0   5.0 450.0                            LAT/LON1/LON2/DLON/H
  210  197  180  164  148  137  130  125  121  118  114  111  108  105  100   95
   92   90   88   86   85   83   82   81   78   73   67   61   57   54   52   51
   50   49   48   45   42   39   38   41   48   58   71   84   98  111  126  141
  157  171  183  192  202  210  218  223  229  236  244  253  261  266  269  272
  274  274  269  261  251  241  231  222  210
     2.5-180.0 180.0   5.0 450.0                            LAT/LON1/LON2/DLON/H
  215  203  189  173  159  148  140  134  129  125  121  118  115  111  106  100
   97   94   92   89   86   84   81   80   77   71   65   60   56   54   53   52
   52   51   50   48   45   41   41   44   52   62   75   88  101  114  128  143
  158  172  184  194  203  213  221  228  234  241  251  260  268  273  276  278
  279  276  269  260  250  241  232  224  215
