sample_files/i/ionex/irtg0040.21i
     1.0            IONOSPHERE MAPS     MIX                 IONEX VERSION / TYPE
tecrms2ionex_4.awk  UPC-IonSAT          01/04/21  101UT     PGM / RUN BY / DATE
Global ionosphere maps for day   4, 2021 ( 4- 1-2021)       DESCRIPTION
Contact address: Manuel Hernandez-Pajares                   DESCRIPTION
                 IonSAT research group                      DESCRIPTION
                 Technical Univ. of Catalonia (UPC-IonSAT)  DESCRIPTION
                 Mod. C3 Campus Nord UPC                    DESCRIPTION
                 E08034-Barcelona, SPAIN                    DESCRIPTION
                 e-mail:  manuel@ma4.upc.edu                DESCRIPTION
                                                            DESCRIPTION
                 warning: irregular time interval           DESCRIPTION
Generated by single_epoch_2_ionex_unfixed_time_interval.py  DESCRIPTION
  2021     1     4     0     5     0                        EPOCH OF FIRST MAP
  2021     1     4    23    40     0                        EPOCH OF LAST MAP
  1200                                                      INTERVAL
    68                                                      # OF MAPS IN FILE
  COSZ                                                      MAPPING FUNCTION
     0.0                                                    ELEVATION CUTOFF
   999                                                      # OF STATIONS
    99                                                      # OF SATELLITES
  6371.0                                                    BASE RADIUS
     2                                                      MAP DIMENSION
   450.0 450.0   0.0                                        HGT1 / HGT2 / DHGT
    87.5 -87.5  -2.5                                        LAT1 / LAT2 / DLAT
  -180.0 180.0   5.0                                        LON1 / LON2 / DLON
    -1                                                      EXPONENT
TEC values in  0.1 TECUs; 9999 if no value available        COMMENT
                                                            END OF HEADER
[from data line 4719]
    12                                                      START OF TEC MAP
  2021     1     4     3    45     0                        EPOCH OF CURRENT MAP
    87.5-180.0 180.0   5.0 450.0                            LAT/LON1/LON2/DLON/H
   21   21   21   21   21   21   21   21   21   21   21   20   20   21   21   21
   21   21   20   20   20   21   21   20   20   20   20   20   20   20   20   20
   21   21   21   20   20   21   21   21   21   21   21   21   21   21   21   21
   21   21   21   21   21   21   21   21   21   21   21   21   21   21   21   21
   21   21   21   21   21   21   21   21   21
    85.0-180.0 180.0   5.0 450.0                            LAT/LON1/LON2/DLON/H
   21   21   21   21   20   21   21   20   21   21   21   21   21   21   21   20
   20   20   20   20   20   20   20   20   19   20   20   20   20   20   20   20
   20   20   20   21   21   21   21   21   21   21   21   21   21   21   21   21
   21   21   21   21   22   22   22   21   21   22   22   22   22   22   22   21
   21   21   21   21   21   21   21   21   21
    82.5-180.0 180.0   5.0 450.0                            LAT/LON1/LON2/DLON/H
   20   20   20   20   20   20   20   20   21   20   21   21   20   21   20   20
   20   20   19   19   19   19   19   18   18   19   18   18   19   19   19   19
   19   20   20   20   21   21   21   21   21   20   21   21   21   20   21   21
   21   21   21   21   22   22   22   22   22   22   23   23   23   23   22   22
   22   22   22   21   21   20   20   20   20
    80.0-180.0 180.0   5.0 450.0                            LAT/LON1/LON2/DLON/H
   19   19   19   18   19   19   19   19   20   20   20   20   20   20   20   20
   19   19   19   18   18   17   17   17   17   17   17   17   18   18   18   18
   19   19   20   20   20   20   20   21   20   20   20   20   20   20   20   20
   20   20   21   21   22   22   23   23   24   24   24   24   25   25   24   24
   23   23   22   22   21   20   19   19   19
    77.5-180.0 180.0   5.0 450.0                            LAT/LON1/LON2/DLON/H
   18   17   17   17   17   17   17   17   18   18   19   19   19   20   19   19
   18   18   17   17   16   16   15   16   15   16   16   16   17   17   17   18
   18   18   19   19   19   20   19   19   19   19   18   18   18   18   18   18
   19   19   20   21   22   23   24   25   26   27   27   27   27   27   27   26
   26   25   24   22   21   20   19   19   18
    75.0-180.0 180.0   5.0 450.0                            LAT/LON1/LON2/DLON/H
   17   16   15   15   15   15   15   16   16   17   17   18   18   18   18   18
   17   17   16   15   15   15   14   15   14   15   15   15   16   16   16   17
   17   17   17   17   18   17   18   17   17   17   16   16   16   16   16   16
   16   17   19   20   21   23   25   27   28   29   30   31   31   31   31   30
   29   27   26   24   23   21   19   18   17
    72.5-180.0 180.0   5.0 450.0                            LAT/LON1/LON2/DLON/H
   17   16   15   14   13   13   13   13   14   14   15   16   17   17   17   17
   16   16   15   15   14   14   13   13   14   14   14   14   15   15   15   15
   15   15   15   15   15   14   14   14   14   14   13   13   13   13   13   13
   14   16   17   19   21   24   27   29   31   33   34   35   35   35   35   34
   33   31   29   27   25   23   21   19   17
    70.0-180.0 180.0   5.0 450.0                            LAT/LON1/LON2/DLON/H
   19   17   16   14   13   12   11   11   12   12   13   14   14   15   15   15
   15   15   14   14   13   13   13   13   13   13   13   14   14   14   14   13
   13   13   12   12   12   11   11   11   11   11   10   10   10   10   10   11
   12   14   16   19   22   25   28   31   34   36   38   39   40   40   40   39
   37   35   33   31   28   26   24   21   19
    67.5-180.0 180.0   5.0 450.0                            LAT/LON1/LON2/DLON/H
   21   19   17   14   12   11   10   10   10   10   11   12   13   13   14   14
   14   14   14   13   13   13   12   12   12   13   13   13   13   12   12   12
   11   11   10    9    9    8    9    8    8    8    8    8    7    7    7    9
   10   12   15   19   23   27   31   34   37   40   42   43   45   45   44   43
   42   40   38   35   32   30   27   24   21
    65.0-180.0 180.0   5.0 450.0                            LAT/LON1/LON2/DLON/H
   25   21   19   16   14   11   10    9    9    9   10   11   11   12   13   13
   14   13   13   13   12   12   12   12   12   12   12   12   12   12   11   11
   10    9    9    8    7    7    7    7    7    7    6    6    6    5    6    7
    9   12   15   20   24   28   33   37   41   44   46   48   49   50   50   49
   47   45   43   40   37   34   31   28   25
    62.5-180.0 180.0   5.0 450.0                            LAT/LON1/LON2/DLON/H
   28   25   22   18   15   13   11    9    9    8    9   10   11   12   13   13
   13   13   13   13   13   12   12   12   11   12   11   11   11   11   11   11
   10   10    9    8    8    8    7    7    7    7    6    6    6    5    6    7
    9   12   17   21   26   32   37   41   45   48   51   53   55   55   55   54
   53   51   48   45   41   38   35   31   28
    60.0-180.0 180.0   5.0 450.0                            LAT/LON1/LON2/DLON/H
   31   28   25   21   17   15   12   11   10    9   10   10   11   12   13   14
   14   14   14   14   13   13   12   12   12   12   12   12   12   12   13   13
   13   12   12   11   11   10   10   10    9    9    8    8    7    6    7    8
   11   15   19   24   30   35   41   45   50   53   56   58   60   61   61   60
   58   56   53   50   46   42   38   35   31
    57.5-180.0 180.0   5.0 450.0                            LAT/LON1/LON2/DLON/H
   35   31   28   24   20   17   15   13   12   11   11   12   13   14   14   15
   16   16   15   15   15   14   13   13   13   13   13   14   14   15   16   17
   17   18   18   17   17   16   15   14   14   13   12   11   10    9    9   11
   14   18   23   29   35   40   46   51   55   59   62   64   66   67   67   66
   64   62   59   55   51   47   42   39   35
    55.0-180.0 180.0   5.0 450.0                            LAT/LON1/LON2/DLON/H
   39   35   31   28   24   21   18   16   15   14   14   14   15   16   17   17
   18   18   18   17   17   16   16   16   16   16   17   18   19   20   22   23
   24   25   26   25   24   24   22   20   19   18   17   15   14   13   14   16
   19   23   28   35   41   47   52   57   62   66   69   71   72   73   73   71
   70   67   64   61   56   51   46   43   39
    52.5-180.0 180.0   5.0 450.0                            LAT/LON1/LON2/DLON/H
   42   39   35   32   28   25   22   20   18   17   17   17   18   19   20   21
   21   21   21   20   20   20   20   20   21   21   22   23   25   26   28   30
   32   33   34   34   33   31   29   27   26   24   21   20   19   18   19   22
   24   29   35   41   48   54   59   64   68   73   75   77   79   78   78   77
   75   73   70   66   61   56   51   47   42
    50.0-180.0 180.0   5.0 450.0                            LAT/LON1/LON2/DLON/H
   47   43   40   37   33   29   27   25   23   22   21   21   22   23   24   25
   26   26   26   25   25   25   26   26   27   28   29   31   32   33   36   37
   39   41   42   42   40   39   37   34   31   29   27   25   24   24   25   28
   32   37   43   49   55   62   67   72   76   80   82   83   84   83   82   81
   79   76   74   70   66   61   56   51   47
    47.5-180.0 180.0   5.0 450.0                            LAT/LON1/LON2/DLON/H
   52   49   45   41   38   35   32   29   28   26   26   26   27   27   29   30
   31   31   31   31   31   32   33   33   35   36   36   38   39   40   42   44
   46   48   48   49   47   46   43   40   37   34   31   30   29   30   32   35
   39   45   51   57   63   69   74   79   84   87   88   89   88   87   85   83
   81   79   77   74   70   65   60   56   52
    45.0-180.0 180.0   5.0 450.0                            LAT/LON1/LON2/DLON/H
   57   54   51   47   44   40   37   35   33   32   31   31   31   33   35   36
   37   38   38   38   39   39   40   41   42   43   44   45   45   47   48   50
   51   52   53   53   52   50   47   44   41   38   36   35   34   36   38   43
   47   53   59   65   71   76   82   87   90   93   94   94   93   90   87   84
   82   81   79   76   73   69   65   61   57
    42.5-180.0 180.0   5.0 450.0                            LAT/LON1/LON2/DLON/H
   62   59   56   52   49   45   42   39   38   37   36   36   37   39   40   42
   43   44   45   46   46   47   48   49   49   49   50   50   50   51   52   53
   55   56   56   56   55   53   50   47   44   42   40   39   40   42   45   50
   55   61   66   73   79   84   89   94   98  100  100   99   96   93   89   86
   83   82   80   78   75   72   68   65   62
    40.0-180.0 180.0   5.0 450.0                            LAT/LON1/LON2/DLON/H
   65   63   60   57   53   49   46   44   42   41   41   41   42   44   46   48
   50   51   52   53   54   54   55   55   55   54   53   53   52   53   54   55
   57   58   58   58   57   55   53   50   47   45   44   44   45   48   52   57
   62   68   74   80   86   91   97  101  104  106  107  106  102   98   93   89
   86   84   82   80   77   75   71   68   65
    37.5-180.0 180.0   5.0 450.0                            LAT/LON1/LON2/DLON/H
   69   66   63   60   56   53   50   47   46   45   45   45   47   50   52   55
   56   58   58   59   60   61   60   59   57   56   54   53   53   54   55   56
   58   59   59   59   58   56   54   52   50   48   47   47   49   52   57   63
   69   74   80   86   92   99  104  109  112  115  116  114  111  106  101   96
   92   89   85   83   80   77   74   71   69
    35.0-180.0 180.0   5.0 450.0                            LAT/LON1/LON2/DLON/H
   72   69   67   63   59   56   53   50   49   48   48   49   51   54   57   60
   62   63   64   65   66   65   63   61   58   56   53   52   52   54   55   58
   59   60   61   60   59   58   56   54   53   50   50   50   52   56   62   68
   74   80   85   92   98  106  112  117  121  125  127  126  124  119  114  108
  103   98   94   89   85   82   79   75   72
    32.5-180.0 180.0   5.0 450.0                            LAT/LON1/LON2/DLON/H
   77   73   70   66   62   58   55   53   52   51   51   52   55   58   62   65
   67   68   69   69   69   68   65   62   57   54   51   50   51   52   55   59
   61   62   62   62   60   59   57   56   54   53   51   52   54   58   65   71
   78   84   90   98  105  113  121  127  132  137  141  142  141  138  133  128
  121  114  107  101   96   91   86   82   77
    30.0-180.0 180.0   5.0 450.0                            LAT/LON1/LON2/DLON/H
   85   80   75   70   66   61   57   55   54   53   53   54   58   62   65   68
   70   72   72   72   71   69   65   60   55   51   48   47   49   52   56   60
   63   64   65   63   62   60   58   56   54   53   51   51   54   60   67   75
   82   89   96  104  112  122  131  138  145  152  157  162  163  161  158  152
  144  136  127  118  111  104   98   92   85
    27.5-180.0 180.0   5.0 450.0                            LAT/LON1/LON2/DLON/H
   97   89   83   77   71   65   61   58   57   55   55   56   59   63   68   71
   73   74   75   75   72   69   64   59   54   49   46   46   48   53   57   62
   65   66   66   64   62   60   58   56   53   51   49   50   53   59   68   77
   86   94  102  111  121  132  142  151  160  169  177  183  187  188  185  181
  173  163  151  141  132  124  116  106   97
    25.0-180.0 180.0   5.0 450.0                            LAT/LON1/LON2/DLON/H
  114  104   95   87   80   72   67   63   61   58   58   59   61   65   69   73
   75   76   77   76   73   69   64   58   53   48   45   46   48   53   58   63
   66   68   67   64   62   58   56   53   50   47   45   47   51   59   69   80
   90   99  109  119  130  142  154  165  175  186  196  205  211  214  213  209
  202  192  180  168  158  148  137  126  114
    22.5-180.0 180.0   5.0 450.0                            LAT/LON1/LON2/DLON/H
  135  122  111  101   91   82   75   70   66   63   61   61   63   67   71   74
   77   78   79   77   74   70   64   58   53   49   46   46   49   54   60   64
   67   68   67   64   60   56   52   49   45   42   41   43   49   58   70   83
   95  106  116  127  140  154  168  180  191  203  215  225  232  236  237  235
  229  220  208  196  185  174  162  149  135
    20.0-180.0 180.0   5.0 450.0                            LAT/LON1/LON2/DLON/H
  157  143  130  118  106   95   86   79   74   69   66   65   66   69   73   77
   79   81   81   79   76   71   65   60   55   51   48   49   51   56   60   64
   66   66   65   62   57   53   48   44   39   36   35   39   47   58   72   87
  101  113  125  137  151  166  181  194  206  218  230  241  249  254  255  255
  251  244  233  222  212  201  188  173  157
    17.5-180.0 180.0   5.0 450.0                            LAT/LON1/LON2/DLON/H
  179  164  150  136  123  109   98   89   83   77   73   70   71   73   77   80
   83   84   84   82   78   73   68   63   58   54   52   51   53   57   60   63
   64   65   63   59   55   49   44   39   34   31   31   35   45   59   74   91
  107  121  133  146  161  178  194  207  219  230  242  252  259  263  266  268
  266  262  253  244  235  224  211  195  179
    15.0-180.0 180.0   5.0 450.0                            LAT/LON1/LON2/DLON/H
  198  183  169  155  139  124  111  101   93   86   81   77   77   78   81   84
   88   89   88   86   81   76   70   66   62   58   55   54   55   57   59   61
   62   62   60   57   52   46   40   35   30   27   28   34   45   60   77   96
  113  128  142  156  171  188  204  218  229  239  249  257  263  267  270  273
  274  271  266  259  251  242  229  213  198
    12.5-180.0 180.0   5.0 450.0                            LAT/LON1/LON2/DLON/H
  212  199  186  171  155  139  124  113  103   96   89   85   83   84   86   90
   93   93   93   89   84   79   74   69   65   61   57   55   56   57   59   60
   61   60   59   55   51   45   38   33   28   25   27   34   47   63   81  100
  118  135  149  163  179  197  213  226  236  244  252  259  262  265  268  272
  275  275  272  268  261  252  240  226  212
    10.0-180.0 180.0   5.0 450.0                            LAT/LON1/LON2/DLON/H
  220  210  199  185  169  152  137  124  113  105   98   93   90   90   92   95
   98   98   97   94   88   82   76   71   67   63   59   56   56   57   59   59
   60   60   59   55   50   44   38   32   27   25   28   36   49   66   84  104
  123  140  154  169  185  202  219  231  240  246  253  258  260  261  264  269
  274  275  275  271  265  257  246  233  220
     7.5-180.0 180.0   5.0 450.0                            LAT/LON1/LON2/DLON/H
  225  216  207  196  181  164  148  134  123  113  106  101   98   97   98  101
  103  103  102   97   92   85   79   74   68   64   60   57   57   58   59   60
   60   61   60   57   52   45   40   34   29   28   30   39   53   69   87  106
  125  143  158  172  189  206  222  234  241  247  252  255  257  259  261  267
  272  275  275  272  267  259  248  236  225
     5.0-180.0 180.0   5.0 450.0                            LAT/LON1/LON2/DLON/H
  227  221  214  204  190  174  158  143  131  121  114  108  104  103  103  105
  107  107  105  101   95   88   80   74   69   64   60   57   57   59   61   62
   63   62   62   59   54   48   42   36   32   31   34   43   56   72   89  108
  126  144  159  174  190  207  223  234  241  246  251  255  257  259  262  268
  273  277  277  274  268  259  248  237  227
     2.5-180.0 180.0   5.0 450.0                            LAT/LON1/LON2/DLON/H
  230  224  219  210  197  182  166  151  138  127  120  114  109  107  107  109
  110  110  108  103   97   89   81   74   68   64   60   58   59   61   63   65
   65   65   64   61   57   51   45   40   35   34   38   46   59   74   90  107
  125  143  159  173  189  206  221  233  240  246  252  256  260  263  268  274
  279  283  282  279  273  263  250  239  230
