sample_files/i/ionex/irtg0010.21i
     1.0            IONOSPHERE MAPS     GPS                 IONEX VERSION / TYPE
tecrms2ionex_4.awk  UPC-IonSAT          06/17/21  206UT     PGM / RUN BY / DATE
Global ionosphere maps for day   1, 2021 ( 1- 1-2021)       DESCRIPTION
Contact address: Manuel Hernandez-Pajares                   DESCRIPTION
                 IonSAT research group                      DESCRIPTION
                 Technical Univ. of Catalonia (UPC-IonSAT)  DESCRIPTION
                 Mod. C3 Campus Nord UPC                    DESCRIPTION
                 E08034-Barcelona, SPAIN                    DESCRIPTION
                 e-mail:  manuel@ma4.upc.edu                DESCRIPTION
                                                            DESCRIPTION
  2021     1     1     1    35     0                        EPOCH OF FIRST MAP
  2021     1     1    23    35     0                        EPOCH OF LAST MAP
  1200                                                      INTERVAL
    67                                                      # OF MAPS IN FILE
  COSZ                                                      MAPPING FUNCTION
     0.0                                                    ELEVATION CUTOFF
    99                                                      # OF STATIONS
    33                                                      # OF SATELLITES
  6371.0                                                    BASE RADIUS
     2                                                      MAP DIMENSION
   450.0 450.0   0.0                                        HGT1 / HGT2 / DHGT
    87.5 -87.5  -2.5                                        LAT1 / LAT2 / DLAT
  -180.0 180.0   5.0                                        LON1 / LON2 / DLON
    -1                                                      EXPONENT
TEC values in  0.1 TECUs; 9999 if no value available        COMMENT
Validation with JASON: <TEC_JASON - TEC_GPS>  [TECU]        DESCRIPTION
         (reference day of year: 001)                       DESCRIPTION
                                                            DESCRIPTION
           Bias   Sigma     RMS    VTEC   %ERR    #OBS      DESCRIPTION
          -2.72    3.35    4.31   10.13   42.6   45699      DESCRIPTION
                                                            DESCRIPTION
UT(hours)  Bias   Sigma     RMS    VTEC   %ERR    #OBS      DESCRIPTION
   2.00   -1.91    3.09    3.64   12.14   30.0    3413      DESCRIPTION
   4.00   -2.47    2.93    3.83    8.39   45.7    4902      DESCRIPTION
   6.00   -1.55    2.52    2.95   10.82   27.3    3548      DESCRIPTION
   8.00   -2.03    3.43    3.99   16.17   24.7    2698      DESCRIPTION
  10.00   -2.74    3.25    4.25    9.71   43.7    4667      DESCRIPTION
  12.00   -2.98    2.67    4.00    5.12   78.2    3639      DESCRIPTION
  14.00   -4.05    2.99    5.03    8.25   61.0    4371      DESCRIPTION
  16.00   -3.25    3.44    4.73   11.00   43.0    4537      DESCRIPTION
  18.00   -2.86    2.63    3.89    6.87   56.6    3055      DESCRIPTION
  20.00   -3.60    2.96    4.66    8.82   52.8    4882      DESCRIPTION
  22.00   -2.61    3.27    4.18   11.25   37.2    4063      DESCRIPTION
  24.00   -0.95    6.46    6.53   20.10   32.5    1924      DESCRIPTION
                                                            DESCRIPTION
Lat(deg)   Bias   Sigma     RMS    VTEC   %ERR    #OBS      DESCRIPTION
 -60.00   -1.41    2.51    2.88    9.20   31.3   11143      DESCRIPTION
 -40.00   -2.30    2.35    3.29    9.37   35.1    9346      DESCRIPTION
 -20.00   -2.83    5.02    5.77   16.82   34.3    6453      DESCRIPTION
   0.00   -4.88    3.61    6.07   13.35   45.4    6357      DESCRIPTION
  20.00   -3.49    3.26    4.77   10.60   45.0    5597      DESCRIPTION
  40.00   -3.25    2.14    3.89    3.88  100.2    4519      DESCRIPTION
  60.00   -1.61    1.74    2.37    1.07  221.5    2284      DESCRIPTION
                                                            END OF HEADER
[from data line 14586]
    35                                                      START OF TEC MAP
  2021     1     1    12    55     0                        EPOCH OF CURRENT MAP
    87.5-180.0 180.0   5.0 450.0                            LAT/LON1/LON2/DLON/H
   21   21   20   20   20   20   20   20   20   19   19   19   19   20   20   19
   19   19   20   20   20   20   20   20   20   20   21   21   21   21   21   21
   21   22   22   22   22   23   23   23   23   23   23   23   23   23   23   24
   24   24   23   23   23   23   23   23   23   23   23   23   22   22   22   22
   22   21   21   21   21   21   21   21   21
    85.0-180.0 180.0   5.0 450.0                            LAT/LON1/LON2/DLON/H
   19   18   18   18   18   18   18   18   18   17   17   17   17   17   17   17
   17   17   17   17   17   18   17   18   18   18   19   20   20   20   20   20
   21   21   22   22   22   23   23   23   23   24   24   24   24   24   24   24
   24   24   24   24   24   24   23   24   23   23   23   23   23   22   22   21
   21   20   20   20   20   20   20   19   19
    82.5-180.0 180.0   5.0 450.0                            LAT/LON1/LON2/DLON/H
   17   17   16   16   16   16   15   15   15   15   15   15   14   15   15   15
   15   14   15   15   15   15   16   16   16   17   18   18   18   19   20   20
   20   21   22   22   22   22   23   23   23   23   23   23   24   24   24   23
   24   24   23   24   23   23   23   23   23   22   22   22   21   20   20   20
   19   19   18   18   17   17   17   17   17
    80.0-180.0 180.0   5.0 450.0                            LAT/LON1/LON2/DLON/H
   14   14   14   14   14   14   14   14   14   14   14   13   13   13   13   14
   13   13   14   14   14   15   15   15   16   16   17   18   18   19   20   20
   20   21   21   21   22   22   22   22   22   22   22   22   22   22   22   22
   22   22   23   22   23   22   22   22   22   21   21   20   19   19   18   17
   17   17   17   16   15   15   15   15   14
    77.5-180.0 180.0   5.0 450.0                            LAT/LON1/LON2/DLON/H
   14   13   13   14   14   13   13   13   13   13   13   13   13   13   13   14
   13   13   14   14   15   15   16   16   16   17   18   19   19   20   21   21
   22   22   22   22   22   22   22   22   22   21   21   21   21   21   21   20
   21   20   21   21   21   21   21   21   20   20   20   19   19   18   17   16
   16   15   15   14   14   14   14   14   14
    75.0-180.0 180.0   5.0 450.0                            LAT/LON1/LON2/DLON/H
   13   13   14   14   14   14   14   14   14   14   14   14   14   14   14   14
   14   15   15   15   15   16   16   18   18   19   20   20   22   22   23   24
   24   25   24   24   24   23   23   22   21   21   20   20   20   19   19   19
   19   19   20   19   20   20   19   20   20   19   19   18   17   16   16   15
   15   15   14   14   14   14   14   13   13
    72.5-180.0 180.0   5.0 450.0                            LAT/LON1/LON2/DLON/H
   14   15   14   14   14   15   15   15   15   15   14   14   14   15   15   15
   15   16   16   17   17   18   19   20   20   21   22   24   25   26   26   27
   28   28   28   27   26   25   24   23   23   22   21   20   20   20   19   19
   18   18   18   19   18   19   19   19   19   19   18   17   17   16   16   15
   15   15   15   15   15   14   14   14   14
    70.0-180.0 180.0   5.0 450.0                            LAT/LON1/LON2/DLON/H
   16   15   15   16   15   15   16   15   15   15   15   15   15   16   16   16
   17   17   18   18   19   20   20   21   23   24   25   27   28   29   31   32
   32   32   32   32   30   29   27   26   25   25   23   23   22   21   20   19
   18   18   18   18   18   18   18   18   19   18   18   17   17   16   16   16
   16   16   16   16   16   16   16   16   16
    67.5-180.0 180.0   5.0 450.0                            LAT/LON1/LON2/DLON/H
   17   17   16   16   16   15   16   16   15   15   16   15   16   16   16   17
   17   18   18   18   19   21   22   23   24   26   28   29   32   34   36   37
   38   38   38   37   35   33   32   30   29   28   27   26   24   24   22   21
   19   18   17   17   16   17   17   17   18   17   17   16   16   16   16   16
   16   17   17   18   18   17   17   17   17
    65.0-180.0 180.0   5.0 450.0                            LAT/LON1/LON2/DLON/H
   18   18   17   17   16   16   15   16   15   15   15   15   16   16   16   16
   17   17   17   18   19   20   22   24   25   28   30   32   35   38   40   43
   44   45   44   43   41   39   37   35   34   33   32   30   29   27   25   23
   20   18   16   16   15   16   16   16   16   16   16   15   15   16   16   16
   17   18   18   19   19   19   19   18   18
    62.5-180.0 180.0   5.0 450.0                            LAT/LON1/LON2/DLON/H
   18   18   17   17   16   16   15   15   15   15   15   15   15   16   16   16
   16   16   16   17   18   19   21   24   26   30   33   36   39   43   46   49
   51   52   52   51   48   46   43   41   40   39   38   36   34   32   28   25
   22   19   17   15   15   14   15   15   15   15   15   14   14   15   15   17
   18   18   19   20   20   20   19   19   18
    60.0-180.0 180.0   5.0 450.0                            LAT/LON1/LON2/DLON/H
   19   18   17   17   16   16   16   15   15   15   15   15   15   15   16   16
   15   15   15   15   17   19   21   25   28   32   36   40   44   48   52   55
   58   60   59   58   56   54   51   49   47   45   44   42   40   37   33   28
   23   20   17   15   14   14   14   14   14   14   14   14   15   15   16   17
   18   19   20   21   20   20   20   19   19
    57.5-180.0 180.0   5.0 450.0                            LAT/LON1/LON2/DLON/H
   19   19   18   18   18   18   17   16   16   16   15   16   16   16   17   16
   16   15   15   15   17   19   23   27   31   36   40   45   50   54   59   63
   66   67   67   66   64   61   58   56   55   53   52   49   47   43   38   32
   27   22   19   16   15   14   15   15   15   15   15   15   15   16   18   18
   20   21   22   22   22   21   21   19   19
    55.0-180.0 180.0   5.0 450.0                            LAT/LON1/LON2/DLON/H
   21   21   21   20   21   20   20   19   19   18   17   17   18   19   18   18
   17   16   16   17   19   22   27   32   37   42   48   53   57   62   67   70
   73   74   75   74   72   69   67   65   63   61   60   57   54   49   43   37
   31   26   22   19   18   17   17   17   18   18   18   18   19   19   20   21
   23   23   24   24   24   23   22   21   21
    52.5-180.0 180.0   5.0 450.0                            LAT/LON1/LON2/DLON/H
   25   25   25   25   25   25   25   24   24   22   22   22   21   21   22   21
   21   19   20   21   24   28   33   39   45   51   56   61   66   70   74   77
   80   81   81   81   79   78   75   73   72   69   67   65   61   56   50   43
   37   31   27   25   23   22   22   22   22   23   23   23   23   24   25   26
   27   27   28   27   26   26   25   25   25
    50.0-180.0 180.0   5.0 450.0                            LAT/LON1/LON2/DLON/H
   30   30   31   31   32   31   31   30   30   28   28   27   27   27   26   26
   25   25   26   27   31   36   41   48   55   61   66   71   75   78   81   83
   85   86   86   86   86   85   83   82   80   78   75   72   68   63   57   50
   43   38   34   31   30   29   29   29   30   30   30   30   30   30   31   31
   32   32   32   31   31   31   30   30   30
    47.5-180.0 180.0   5.0 450.0                            LAT/LON1/LON2/DLON/H
   36   37   37   38   39   39   39   38   36   36   34   33   33   32   32   31
   31   31   32   35   39   45   52   59   65   71   76   80   83   86   87   88
   88   89   90   90   91   91   91   90   89   87   83   80   76   70   64   58
   51   46   42   39   38   37   36   37   37   38   37   37   37   37   37   38
   38   38   37   37   37   36   36   36   36
    45.0-180.0 180.0   5.0 450.0                            LAT/LON1/LON2/DLON/H
   43   44   44   45   45   46   46   45   44   43   41   40   39   38   37   37
   37   38   40   44   49   56   62   69   76   81   86   89   91   92   92   91
   91   91   91   94   95   98   99   99   98   95   92   88   84   78   72   66
   60   55   51   48   46   45   44   44   45   45   44   44   44   43   44   44
   44   43   43   43   42   42   42   43   43
    42.5-180.0 180.0   5.0 450.0                            LAT/LON1/LON2/DLON/H
   49   49   50   51   52   52   52   52   51   50   48   47   45   44   43   42
   42   44   47   52   59   65   72   78   85   90   94   96   97   97   96   95
   94   93   95   97  101  104  106  107  106  104  100   96   91   86   80   74
   68   63   59   55   53   51   51   50   51   50   51   50   49   48   48   48
   48   48   48   47   47   48   48   48   49
    40.0-180.0 180.0   5.0 450.0                            LAT/LON1/LON2/DLON/H
   53   54   54   54   56   56   56   57   57   56   54   53   51   50   48   47
   47   50   54   60   67   73   80   86   91   96  100  102  102  101  100   99
   98   98  100  103  108  112  115  117  116  113  109  104   99   94   88   82
   76   71   66   62   60   58   56   56   56   56   55   54   53   52   52   52
   51   51   51   51   51   52   52   53   53
    37.5-180.0 180.0   5.0 450.0                            LAT/LON1/LON2/DLON/H
   55   56   56   57   57   58   59   60   59   59   58   57   56   54   52   51
   52   55   60   66   74   80   87   92   96  101  104  106  107  107  106  105
  105  106  109  112  116  121  125  127  126  124  119  114  109  103   97   91
   84   78   73   69   65   63   62   61   60   60   58   56   55   55   54   54
   54   53   53   53   53   54   55   55   55
    35.0-180.0 180.0   5.0 450.0                            LAT/LON1/LON2/DLON/H
   56   56   56   57   57   58   59   60   61   61   61   61   60   58   56   55
   55   58   64   71   79   85   91   96  100  104  108  110  112  113  114  115
  117  119  122  125  130  134  138  139  138  135  131  126  120  114  108  101
   94   87   81   76   72   68   67   66   65   64   61   59   58   57   57   57
   56   55   54   54   54   55   55   56   56
    32.5-180.0 180.0   5.0 450.0                            LAT/LON1/LON2/DLON/H
   55   55   55   56   56   57   58   59   60   61   62   61   61   60   58   57
   57   61   68   76   83   89   94   98  103  108  112  116  119  122  126  130
  134  137  140  143  147  150  153  154  153  149  145  139  134  127  121  114
  106   98   91   85   80   76   74   73   71   68   66   63   61   61   60   60
   59   57   56   55   55   56   56   55   55
    30.0-180.0 180.0   5.0 450.0                            LAT/LON1/LON2/DLON/H
   56   55   55   55   55   55   56   56   58   59   60   61   62   61   60   58
   59   64   70   79   86   91   97  101  106  111  117  122  129  134  141  147
  154  159  162  165  166  168  170  170  168  165  161  156  150  144  137  129
  121  113  105   97   91   87   83   81   79   76   72   69   67   66   65   64
   62   60   58   57   57   57   57   56   56
    27.5-180.0 180.0   5.0 450.0                            LAT/LON1/LON2/DLON/H
   56   55   55   55   55   54   54   54   55   56   58   59   60   60   59   59
   61   66   73   81   88   95   99  104  110  117  124  131  140  148  158  167
  177  183  186  187  188  187  187  187  186  182  178  174  168  162  156  148
  140  131  122  113  106  100   96   93   89   85   81   77   74   73   71   70
   67   64   62   61   60   59   58   58   56
    25.0-180.0 180.0   5.0 450.0                            LAT/LON1/LON2/DLON/H
   58   57   57   56   56   55   54   53   53   53   55   56   58   58   58   59
   61   67   75   83   91   97  103  108  115  123  132  141  152  164  176  188
  199  206  210  209  208  207  206  204  203  200  196  192  188  183  177  170
  162  152  142  132  123  116  111  106  101   96   91   86   83   81   79   76
   73   69   66   65   64   63   62   60   58
    22.5-180.0 180.0   5.0 450.0                            LAT/LON1/LON2/DLON/H
   61   60   59   59   58   56   54   52   51   51   52   53   55   55   56   57
   61   68   77   86   94  101  107  114  122  131  141  152  165  178  193  207
  219  226  230  229  227  224  223  221  220  218  214  211  207  203  199  192
  184  175  164  152  142  133  125  120  113  107  101   95   92   89   86   82
   78   74   71   69   69   68   65   64   61
    20.0-180.0 180.0   5.0 450.0                            LAT/LON1/LON2/DLON/H
   64   63   62   62   60   58   55   52   50   49   49   50   51   52   53   56
   61   69   79   89   98  106  113  121  130  140  151  164  178  193  208  223
  235  242  245  244  241  240  237  236  234  233  230  228  225  223  220  214
  206  197  184  172  160  148  140  131  124  117  109  104   99   96   92   87
   82   78   75   73   73   71   69   67   64
    17.5-180.0 180.0   5.0 450.0                            LAT/LON1/LON2/DLON/H
   67   66   64   64   62   59   56   53   50   48   47   47   48   49   50   54
   60   71   82   93  103  111  120  129  138  149  161  174  188  204  219  233
  245  252  255  255  253  251  250  249  247  246  244  242  241  240  237  233
  226  215  203  189  175  162  150  141  132  124  116  110  105  101   96   91
   85   81   78   76   75   74   72   69   67
    15.0-180.0 180.0   5.0 450.0                            LAT/LON1/LON2/DLON/H
   67   66   66   65   63   60   57   53   50   47   46   46   46   46   48   53
   60   72   85   98  108  118  128  138  148  160  172  184  199  213  227  241
  251  258  261  261  261  260  260  259  258  257  255  255  254  253  251  248
  240  230  217  203  186  172  158  147  137  128  120  113  108  103   98   92
   87   82   79   77   76   74   72   69   67
    12.5-180.0 180.0   5.0 450.0                            LAT/LON1/LON2/DLON/H
   67   65   64   63   62   60   56   53   49   48   46   44   44   44   47   52
   62   75   90  103  115  126  137  148  159  170  181  194  207  220  233  245
  254  260  264  266  267  268  269  268  267  266  265  264  264  264  262  258
  251  241  227  212  195  178  163  150  139  130  122  115  110  104   99   93
   87   83   79   77   74   72   71   68   67
    10.0-180.0 180.0   5.0 450.0                            LAT/LON1/LON2/DLON/H
   63   62   61   61   59   57   54   51   49   46   45   44   43   43   46   52
   63   78   94  109  122  134  146  158  170  181  191  202  214  226  238  247
  255  262  266  270  274  277  278  278  277  275  274  273  272  271  269  265
  257  247  234  219  201  183  166  152  140  131  123  117  111  105  100   94
   88   83   79   75   72   70   68   65   63
     7.5-180.0 180.0   5.0 450.0                            LAT/LON1/LON2/DLON/H
   61   58   57   57   56   54   51   48   47   46   44   43   43   43   46   53
   65   82   99  115  130  143  156  169  180  191  201  211  221  232  241  251
  258  264  270  276  282  286  288  288  286  285  283  281  280  279  276  270
  262  252  240  225  207  188  170  154  142  133  125  119  114  109  103   97
   90   85   80   75   72   68   65   63   61
     5.0-180.0 180.0   5.0 450.0                            LAT/LON1/LON2/DLON/H
   58   56   54   53   52   49   47   45   44   43   43   42   42   42   45   54
   68   85  104  121  136  151  165  178  190  200  210  219  228  237  246  254
  262  269  277  285  292  298  300  301  299  296  294  292  290  287  282  275
  267  257  245  232  214  195  176  159  147  137  130  124  120  115  109  103
   96   90   83   77   72   68   64   61   58
     2.5-180.0 180.0   5.0 450.0                            LAT/LON1/LON2/DLON/H
   58   55   53   51   49   47   44   42   42   42   41   40   40   41   46   55
   70   88  108  126  142  158  173  186  199  208  216  225  234  242  250  259
  268  276  286  296  305  311  314  315  312  310  307  304  301  297  291  282
  274  263  252  240  223  204  184  167  155  145  138  133  128  123  118  112
  104   97   90   82   75   70   65   62   58
