sample_files/i/ionex/irtg0030.21i
     1.0            IONOSPHERE MAPS     MIX                 IONEX VERSION / TYPE
tecrms2ionex_4.awk  UPC-IonSAT          01/03/21  101UT     PGM / RUN BY / DATE
Global ionosphere maps for day   3, 2021 ( 3- 1-2021)       DESCRIPTION
Contact address: Manuel Hernandez-Pajares                   DESCRIPTION
                 IonSAT research group                      DESCRIPTION
                 Technical Univ. of Catalonia (UPC-IonSAT)  DESCRIPTION
                 Mod. C3 Campus Nord UPC                    DESCRIPTION
                 E08034-Barcelona, SPAIN                    DESCRIPTION
                 e-mail:  manuel@ma4.upc.edu                DESCRIPTION
                                                            DESCRIPTION
                 warning: irregular time interval           DESCRIPTION
Generated by single_epoch_2_ionex_unfixed_time_interval.py  DESCRIPTION
  2021     1     3     0     5     0                        EPOCH OF FIRST MAP
  2021     1     3    23    45     0                        EPOCH OF LAST MAP
  1200                                                      INTERVAL
    68                                                      # OF MAPS IN FILE
  COSZ                                                      MAPPING FUNCTION
     0.0                                                    ELEVATION CUTOFF
   999                                                      # OF STATIONS
    99                                                      # OF SATELLITES
  6371.0                                                    BASE RADIUS
     2                                                      MAP DIMENSION
   450.0 450.0   0.0                                        HGT1 / HGT2 / DHGT
    87.5 -87.5  -2.5                                        LAT1 / LAT2 / DLAT
  -180.0 180.0   5.0                                        LON1 / LON2 / DLON
    -1                                                      EXPONENT
TEC values in  0.1 TECUs; 9999 if no value available        COMMENT
                                                            END OF HEADER
[from data line 4290]
    11                                                      START OF TEC MAP
  2021     1     3     4    45     0                        EPOCH OF CURRENT MAP
    87.5-180.0 180.0   5.0 450.0                            LAT/LON1/LON2/DLON/H
   21   21   21   21   21   21   21   21   21   21   21   20   20   20   20   20
   20   20   20   19   19   19   19   19   19   18   18   18   18   18   18   18
   18   18   18   18   18   18   17   17   18   17   17   18   17   18   18   18
   18   18   18   18   18   18   18   18   19   19   19   19   19   19   20   20
   20   20   20   20   20   20   21   21   21
    85.0-180.0 180.0   5.0 450.0                            LAT/LON1/LON2/DLON/H
   22   22   22   22   22   23   23   23   22   22   22   22   22   22   21   21
   21   20   20   20   20   19   19   19   18   18   18   18   18   18   18   17
   17   17   17   17   17   17   16   17   16   16   16   16   16   16   16   16
   17   17   17   17   18   18   18   19   19   19   20   20   20   20   20   20
   21   21   21   21   21   21   22   22   22
    82.5-180.0 180.0   5.0 450.0                            LAT/LON1/LON2/DLON/H
   22   23   23   23   23   24   24   24   24   24   24   23   23   22   22   22
   21   21   20   19   19   19   18   18   18   18   17   18   18   18   18   18
   18   18   18   18   17   17   17   17   16   16   16   16   15   15   16   16
   16   17   17   18   18   19   19   20   20   20   20   21   21   21   21   21
   21   21   21   21   21   22   22   22   22
    80.0-180.0 180.0   5.0 450.0                            LAT/LON1/LON2/DLON/H
   21   21   22   22   23   23   24   24   24   24   24   24   23   23   22   22
   21   20   19   19   18   18   17   17   17   17   17   17   17   18   18   18
   19   19   19   18   18   18   17   17   16   16   16   15   15   15   15   15
   16   16   17   18   19   20   21   21   22   22   22   22   22   22   22   21
   21   21   21   20   20   20   20   21   21
    77.5-180.0 180.0   5.0 450.0                            LAT/LON1/LON2/DLON/H
   19   20   20   21   21   22   22   23   23   23   23   23   22   22   21   20
   19   19   18   17   17   16   16   16   16   16   16   17   17   17   18   18
   19   19   19   19   19   18   18   17   16   15   15   14   14   14   14   15
   16   17   18   19   21   22   23   24   25   25   25   25   24   24   23   22
   21   21   20   19   19   19   19   19   19
    75.0-180.0 180.0   5.0 450.0                            LAT/LON1/LON2/DLON/H
   17   17   17   18   19   19   20   20   21   22   21   21   21   20   20   19
   18   17   16   16   15   15   15   14   14   15   15   15   16   17   17   18
   18   18   19   19   19   18   18   16   15   15   13   13   12   13   13   14
   16   17   19   21   22   24   25   27   27   28   28   27   27   26   24   23
   22   20   19   18   17   17   16   17   17
    72.5-180.0 180.0   5.0 450.0                            LAT/LON1/LON2/DLON/H
   15   14   15   15   16   16   17   17   18   18   18   19   18   18   18   17
   17   16   15   15   14   14   13   13   13   13   14   14   14   15   15   15
   16   16   17   17   17   17   16   15   14   13   12   11   11   11   12   13
   15   17   19   22   24   26   28   29   30   31   31   30   29   28   27   25
   23   21   20   18   17   16   15   14   15
    70.0-180.0 180.0   5.0 450.0                            LAT/LON1/LON2/DLON/H
   13   13   13   13   13   13   14   14   14   15   16   16   16   16   15   15
   15   14   14   13   13   13   12   12   12   12   12   12   11   12   12   12
   13   13   14   14   14   14   14   13   12   11   10    9    9    9   10   12
   14   17   20   23   25   28   30   31   33   33   34   33   33   32   30   28
   26   24   22   20   18   17   15   14   13
    67.5-180.0 180.0   5.0 450.0                            LAT/LON1/LON2/DLON/H
   14   13   12   12   11   11   11   11   11   12   13   13   14   14   14   14
   14   13   13   13   12   12   12   11   11   10   10   10    9    9    9    9
    9   10   10   11   11   12   11   11   10    9    9    8    8    8    9   11
   13   17   20   23   26   29   31   33   35   36   37   37   37   36   35   32
   30   28   25   23   21   18   17   15   14
    65.0-180.0 180.0   5.0 450.0                            LAT/LON1/LON2/DLON/H
   16   14   13   11   10   10    9    9    9   10   10   11   12   12   13   13
   13   13   13   13   12   12   11   11   10    9    9    8    7    7    7    7
    8    8    8   10   10   10   11   10   10    9    8    7    7    7    9   11
   13   17   21   24   27   30   33   35   37   39   41   41   42   41   40   39
   36   34   30   28   24   22   19   17   16
    62.5-180.0 180.0   5.0 450.0                            LAT/LON1/LON2/DLON/H
   18   16   14   13   11   10    9    8    8    9   10   11   11   12   12   12
   13   13   13   13   13   12   12   11   10    9    8    8    7    7    7    7
    8    8    9   10   10   11   12   11   11   10    9    8    7    8   10   12
   15   18   21   25   28   32   34   38   41   43   45   47   48   48   47   45
   43   40   37   33   29   26   23   21   18
    60.0-180.0 180.0   5.0 450.0                            LAT/LON1/LON2/DLON/H
   21   19   17   15   13   11   10    9    9    9   10   11   12   13   13   14
   14   14   14   14   14   13   13   12   11   10   10    9    9   10   10   11
   11   12   12   13   14   15   15   15   14   13   12   10   10   10   12   14
   17   21   24   27   31   34   38   42   45   48   51   53   55   55   54   53
   50   46   43   38   34   30   27   24   21
    57.5-180.0 180.0   5.0 450.0                            LAT/LON1/LON2/DLON/H
   24   22   20   18   15   13   12   11   10   11   12   13   14   15   15   16
   16   17   16   16   16   15   14   14   13   13   13   13   14   15   16   18
   18   19   19   19   20   21   21   21   20   18   16   15   14   14   16   18
   21   24   28   31   35   38   42   46   51   55   58   60   61   62   61   59
   56   52   48   43   38   34   30   27   24
    55.0-180.0 180.0   5.0 450.0                            LAT/LON1/LON2/DLON/H
   27   25   23   20   18   16   14   14   14   14   15   16   17   18   19   19
   20   20   20   20   19   19   18   17   17   17   18   19   21   23   25   26
   27   28   28   28   28   28   28   28   26   24   22   20   19   19   21   23
   26   30   34   37   40   44   48   53   58   62   65   67   68   67   66   64
   61   57   52   47   42   37   34   30   27
    52.5-180.0 180.0   5.0 450.0                            LAT/LON1/LON2/DLON/H
   30   28   26   23   21   19   18   17   17   18   19   20   21   22   23   24
   25   25   25   25   24   24   23   23   23   23   25   27   29   32   34   36
   37   37   37   37   37   37   36   35   34   31   28   26   25   25   27   29
   33   37   41   44   48   51   56   60   64   69   71   73   72   71   69   67
   64   60   56   51   46   41   37   33   30
    50.0-180.0 180.0   5.0 450.0                            LAT/LON1/LON2/DLON/H
   34   31   29   27   25   24   22   21   21   22   23   24   26   27   28   30
   31   31   31   31   31   31   30   30   31   31   33   34   37   40   43   45
   46   46   46   45   44   44   44   42   40   38   35   33   32   32   34   37
   41   44   49   52   56   59   63   68   72   75   76   76   75   73   70   68
   65   62   58   53   49   44   40   37   34
    47.5-180.0 180.0   5.0 450.0                            LAT/LON1/LON2/DLON/H
   38   35   33   31   29   27   26   25   25   26   27   29   31   33   34   36
   37   38   39   39   39   39   39   39   39   40   41   42   44   47   50   52
   53   53   52   51   51   50   49   48   46   44   41   39   38   39   41   44
   48   52   57   61   64   68   71   74   77   80   80   79   77   74   71   68
   66   63   60   56   52   48   44   41   38
    45.0-180.0 180.0   5.0 450.0                            LAT/LON1/LON2/DLON/H
   42   39   37   35   33   32   30   29   30   30   32   34   36   38   41   43
   45   47   48   48   47   48   48   48   48   48   48   49   50   52   54   56
   57   57   56   56   54   54   53   52   50   48   46   45   45   46   47   51
   55   60   64   69   72   75   78   81   83   84   83   81   78   74   71   69
   67   64   62   59   56   52   48   45   42
    42.5-180.0 180.0   5.0 450.0                            LAT/LON1/LON2/DLON/H
   46   44   41   38   37   35   34   33   33   35   37   39   42   44   47   50
   52   55   56   56   57   56   57   56   56   55   54   54   54   54   56   57
   59   59   58   58   57   56   56   55   53   52   51   50   51   52   54   57
   61   66   71   76   79   82   85   86   88   88   87   84   81   77   74   71
   69   67   65   63   59   56   53   50   46
    40.0-180.0 180.0   5.0 450.0                            LAT/LON1/LON2/DLON/H
   51   47   44   42   40   38   37   36   36   37   40   43   46   49   53   56
   60   62   64   64   64   64   63   63   61   59   57   56   55   55   56   57
   58   59   59   58   58   58   58   57   55   55   54   55   56   57   59   62
   66   71   77   82   86   89   91   93   93   93   92   90   87   84   81   78
   75   72   69   66   63   60   57   54   51
    37.5-180.0 180.0   5.0 450.0                            LAT/LON1/LON2/DLON/H
   54   51   47   45   43   40   39   38   38   41   43   47   51   54   58   61
   65   68   70   70   70   69   68   66   64   62   59   57   56   55   55   56
   57   58   59   59   60   59   59   58   57   57   57   58   60   62   64   66
   70   76   82   87   92   96   99  100  102  102  101   99   98   96   93   89
   85   80   76   72   67   64   61   57   54
    35.0-180.0 180.0   5.0 450.0                            LAT/LON1/LON2/DLON/H
   57   54   50   47   45   43   41   40   41   43   46   50   54   58   62   66
   70   73   74   75   74   72   70   67   64   61   58   56   54   54   55   55
   57   58   60   60   61   61   60   59   58   58   59   61   64   66   67   70
   73   80   87   93   99  104  108  111  113  115  115  115  115  114  111  106
   99   92   86   79   74   69   64   61   57
    32.5-180.0 180.0   5.0 450.0                            LAT/LON1/LON2/DLON/H
   61   57   53   50   47   45   43   42   42   44   48   52   56   60   64   69
   72   75   77   77   76   73   70   66   62   58   56   54   53   54   54   55
   57   59   61   62   62   62   61   59   58   58   60   63   66   69   70   73
   77   84   92  101  109  115  121  126  129  132  134  136  138  137  133  127
  118  109   99   90   83   76   71   66   61
    30.0-180.0 180.0   5.0 450.0                            LAT/LON1/LON2/DLON/H
   68   63   58   54   51   48   46   45   45   46   49   53   58   62   66   70
   74   77   78   78   76   72   68   64   59   55   53   53   53   54   54   56
   58   61   63   64   64   63   62   60   58   58   60   64   68   71   73   77
   82   90  100  110  120  129  137  145  150  154  159  162  164  164  160  152
  141  129  117  105   95   87   80   74   68
    27.5-180.0 180.0   5.0 450.0                            LAT/LON1/LON2/DLON/H
   79   72   66   61   56   53   50   48   48   48   50   54   58   63   67   71
   75   77   78   78   75   71   66   61   55   52   51   51   53   55   56   57
   60   62   64   65   65   63   62   59   57   57   60   64   69   73   77   81
   89   99  111  123  134  146  157  166  174  179  184  189  192  191  187  178
  166  152  138  125  113  102   93   85   79
    25.0-180.0 180.0   5.0 450.0                            LAT/LON1/LON2/DLON/H
   93   86   78   71   65   60   57   54   52   51   52   55   59   64   68   72
   75   78   78   77   75   71   65   59   53   50   49   51   54   56   57   58
   60   63   65   65   64   62   60   57   55   55   59   64   70   75   80   88
   98  111  125  139  152  165  178  190  198  205  210  215  217  217  212  202
  190  177  163  149  136  123  112  102   93
    22.5-180.0 180.0   5.0 450.0                            LAT/LON1/LON2/DLON/H
  113  103   94   85   77   71   66   61   57   55   54   56   60   65   69   74
   77   79   79   77   75   71   65   58   53   49   49   51   54   56   58   59
   60   62   64   63   62   60   57   54   53   54   58   64   71   78   85   95
  109  125  141  156  171  185  198  211  221  227  232  236  238  236  231  223
  212  200  188  175  162  148  135  123  113
    20.0-180.0 180.0   5.0 450.0                            LAT/LON1/LON2/DLON/H
  135  123  112  101   92   83   76   70   64   60   58   59   62   67   72   76
   79   80   80   78   76   72   66   60   54   50   50   52   55   57   58   58
   59   61   61   61   58   56   53   50   50   52   57   65   73   81   91  104
  121  140  159  175  189  204  217  230  239  245  249  251  252  250  244  237
  229  221  212  201  188  174  160  147  135
    17.5-180.0 180.0   5.0 450.0                            LAT/LON1/LON2/DLON/H
  158  145  132  120  108   97   88   80   73   66   62   62   65   70   75   80
   82   83   82   80   78   75   69   63   57   53   52   54   55   56   57   57
   57   58   58   57   55   52   49   47   48   52   58   66   75   85   98  114
  135  157  176  193  206  219  232  244  252  257  259  260  259  256  251  246
  241  237  232  224  213  200  186  172  158
    15.0-180.0 180.0   5.0 450.0                            LAT/LON1/LON2/DLON/H
  180  166  152  138  124  112  101   91   82   74   69   67   70   75   80   84
   86   86   85   83   80   77   73   66   60   55   53   54   55   55   55   55
   55   56   56   54   51   48   46   45   47   52   60   69   78   90  104  123
  147  171  192  208  220  231  242  252  259  262  263  263  260  257  252  249
  247  248  246  241  232  220  207  193  180
    12.5-180.0 180.0   5.0 450.0                            LAT/LON1/LON2/DLON/H
  197  184  169  154  139  126  113  102   91   81   75   73   76   80   85   89
   90   89   88   85   83   80   75   69   63   58   55   54   54   53   53   53
   53   54   54   52   49   47   45   45   48   54   62   72   82   94  110  131
  156  182  203  218  229  238  247  255  260  262  263  261  258  254  250  248
  250  252  254  251  244  234  223  210  197
    10.0-180.0 180.0   5.0 450.0                            LAT/LON1/LON2/DLON/H
  209  197  183  168  152  137  124  111  100   90   83   80   82   86   91   94
   95   94   91   88   85   82   77   71   64   59   55   53   53   52   51   52
   53   53   53   51   49   46   45   46   49   56   65   75   86   98  115  137
  163  189  210  224  234  241  248  254  258  260  260  258  255  250  247  247
  249  254  256  255  249  241  231  220  209
     7.5-180.0 180.0   5.0 450.0                            LAT/LON1/LON2/DLON/H
  217  206  193  178  162  147  133  120  108   98   90   88   89   92   96   98
   99   97   94   90   87   82   77   71   64   59   54   51   51   51   51   52
   53   54   54   52   50   48   46   48   52   59   68   79   89  101  118  140
  166  191  212  226  234  240  246  251  255  257  258  256  253  249  246  246
  249  253  255  253  249  242  235  226  217
     5.0-180.0 180.0   5.0 450.0                            LAT/LON1/LON2/DLON/H
  221  212  201  187  171  154  140  127  115  105   98   95   96   98  101  103
  103  102   98   93   88   82   77   70   63   57   53   50   50   50   51   52
   54   55   55   54   52   50   49   50   54   61   71   80   91  103  119  140
  165  190  210  223  231  237  243  248  252  256  258  257  255  251  249  249
  251  253  253  251  246  240  235  228  221
     2.5-180.0 180.0   5.0 450.0                            LAT/LON1/LON2/DLON/H
  224  217  207  193  177  161  146  132  121  111  105  102  102  104  105  106
  107  105  101   95   88   81   75   68   62   56   52   50   49   50   52   54
   56   57   57   56   55   52   51   52   56   62   71   81   91  103  118  139
  162  185  205  218  227  234  240  246  251  256  260  262  261  258  256  256
  256  256  254  249  244  239  235  230  224
