sample_files/i/ionex/irtg0070.21i
     1.0            IONOSPHERE MAPS     GPS                 IONEX VERSION / TYPE
tecrms2ionex_4.awk  UPC-IonSAT          01/22/21 1001UT     PGM / RUN BY / DATE
Global ionosphere maps for day   7, 2021 ( 7- 1-2021)       DESCRIPTION
Contact address: Manuel Hernandez-Pajares                   DESCRIPTION
                 IonSAT research group                      DESCRIPTION
                 Technical Univ. of Catalonia (UPC-IonSAT)  DESCRIPTION
                 Mod. C3 Campus Nord UPC                    DESCRIPTION
                 E08034-Barcelona, SPAIN                    DESCRIPTION
                 e-mail:  manuel@ma4.upc.edu                DESCRIPTION
                                                            DESCRIPTION
  2021     1     7     0     0     0                        EPOCH OF FIRST MAP
  2021     1     7    23    40     0                        EPOCH OF LAST MAP
  1200                                                      INTERVAL
    72                                                      # OF MAPS IN FILE
  COSZ                                                      MAPPING FUNCTION
     0.0                                                    ELEVATION CUTOFF
    99                                                      # OF STATIONS
    33                                                      # OF SATELLITES
  6371.0                                                    BASE RADIUS
     2                                                      MAP DIMENSION
   450.0 450.0   0.0                                        HGT1 / HGT2 / DHGT
    87.5 -87.5  -2.5                                        LAT1 / LAT2 / DLAT
  -180.0 180.0   5.0                                        LON1 / LON2 / DLON
    -1                                                      EXPONENT
TEC values in  0.1 TECUs; 9999 if no value available        COMMENT
Validation with JASON: <TEC_JASON - TEC_GPS>  [TECU]        DESCRIPTION
         (reference day of year: 007)                       DESCRIPTION
                                                            DESCRIPTION
           Bias   Sigma     RMS    VTEC   %ERR    #OBS      DESCRIPTION
          -3.67    2.87    4.66    7.92   58.8   47431      DESCRIPTION
                                                            DESCRIPTION
UT(hours)  Bias   Sigma     RMS    VTEC   %ERR    #OBS      DESCRIPTION
   0.00   -2.86    1.67    3.31    5.21   63.6    1521      DESCRIPTION
   2.00   -4.16    3.29    5.31    7.36   72.1    5126      DESCRIPTION
   4.00   -3.60    2.53    4.40    8.91   49.4    4500      DESCRIPTION
   6.00   -2.86    3.58    4.59   12.52   36.6    3224      DESCRIPTION
   8.00   -4.14    2.42    4.79    8.81   54.4    3746      DESCRIPTION
  10.00   -3.76    2.08    4.30    4.22  102.0    3386      DESCRIPTION
  12.00   -4.81    2.32    5.34    5.81   91.9    4033      DESCRIPTION
  14.00   -3.88    2.27    4.50    8.26   54.4    4223      DESCRIPTION
  16.00   -3.19    2.29    3.93    6.27   62.6    3656      DESCRIPTION
  18.00   -3.23    2.43    4.04    7.66   52.8    3862      DESCRIPTION
  20.00   -4.40    2.89    5.26    7.85   67.1    4412      DESCRIPTION
  22.00   -3.04    3.54    4.67    9.52   49.1    3872      DESCRIPTION
  24.00   -1.90    4.02    4.45   10.67   41.7    1870      DESCRIPTION
                                                            DESCRIPTION
Lat(deg)   Bias   Sigma     RMS    VTEC   %ERR    #OBS      DESCRIPTION
 -60.00   -2.77    1.87    3.34    6.74   49.6   12612      DESCRIPTION
 -40.00   -4.22    2.36    4.83    6.66   72.6    9760      DESCRIPTION
 -20.00   -4.56    3.79    5.94   12.01   49.4    6887      DESCRIPTION
   0.00   -4.78    2.89    5.58   11.48   48.6    6062      DESCRIPTION
  20.00   -3.79    3.78    5.35    8.93   59.9    5636      DESCRIPTION
  40.00   -2.84    2.05    3.50    4.59   76.2    3915      DESCRIPTION
  60.00   -1.97    1.80    2.67    1.96  136.6    2559      DESCRIPTION
                                                            END OF HEADER
[from data line 19305]
    46                                                      START OF TEC MAP
  2021     1     7    15     0     0                        EPOCH OF CURRENT MAP
    87.5-180.0 180.0   5.0 450.0                            LAT/LON1/LON2/DLON/H
   23   23   23   23   23   23   23   23   23   23   23   22   22   22   22   22
   22   23   23   23   23   22   22   22   22   22   22   22   22   22   22   22
   22   22   22   22   23   23   22   23   23   23   23   23   22   22   22   22
   22   22   23   23   23   23   23   23   23   23   23   23   23   23   23   23
   23   23   23   23   23   23   23   23   23
    85.0-180.0 180.0   5.0 450.0                            LAT/LON1/LON2/DLON/H
   24   23   24   24   24   23   23   23   23   23   23   23   23   23   23   23
   23   22   22   22   22   22   21   22   22   22   22   22   22   22   23   23
   23   23   23   23   23   23   23   23   23   23   23   23   23   23   22   22
   22   22   22   23   23   22   22   23   23   23   23   23   23   23   24   23
   24   24   23   23   23   23   24   24   24
    82.5-180.0 180.0   5.0 450.0                            LAT/LON1/LON2/DLON/H
   23   23   24   23   24   24   23   23   23   23   23   23   23   23   23   22
   22   22   22   22   22   22   22   22   22   22   23   23   23   24   24   24
   24   25   24   24   25   25   24   24   24   24   24   23   23   23   22   22
   22   22   22   22   22   22   23   23   23   23   23   23   23   24   24   24
   24   24   23   23   23   23   23   24   23
    80.0-180.0 180.0   5.0 450.0                            LAT/LON1/LON2/DLON/H
   23   22   23   23   23   23   24   24   24   24   23   23   23   23   23   23
   22   22   22   22   22   22   23   23   23   24   25   25   26   26   27   27
   27   27   28   27   27   27   27   26   26   25   25   24   24   24   23   22
   22   22   22   22   22   22   22   22   23   23   24   24   24   24   24   24
   24   24   23   23   23   22   23   23   23
    77.5-180.0 180.0   5.0 450.0                            LAT/LON1/LON2/DLON/H
   21   22   22   22   22   23   23   23   24   24   24   23   23   23   23   22
   22   23   22   22   23   24   25   26   26   27   28   29   30   30   31   31
   31   31   31   31   30   30   29   29   28   27   26   25   25   24   23   22
   23   22   22   22   22   22   22   22   23   23   24   24   24   24   24   24
   24   24   23   22   22   21   21   21   21
    75.0-180.0 180.0   5.0 450.0                            LAT/LON1/LON2/DLON/H
   20   20   20   21   22   22   23   23   24   24   24   23   23   23   22   22
   22   23   23   24   25   26   28   29   31   32   33   34   35   36   35   36
   35   35   35   34   34   33   32   31   30   28   28   27   26   25   24   23
   22   22   22   22   21   21   21   22   22   23   24   24   24   24   25   24
   24   23   23   22   22   21   20   20   20
    72.5-180.0 180.0   5.0 450.0                            LAT/LON1/LON2/DLON/H
   19   20   20   20   21   22   22   22   23   23   23   22   23   22   22   22
   22   23   24   26   28   30   32   34   36   38   39   40   41   41   41   40
   39   39   38   37   36   35   33   32   31   30   29   27   26   25   24   23
   23   22   22   21   21   21   21   21   22   23   24   24   24   25   25   24
   24   23   22   21   21   20   20   20   19
    70.0-180.0 180.0   5.0 450.0                            LAT/LON1/LON2/DLON/H
   20   20   20   20   21   21   21   22   22   22   22   22   21   21   21   21
   22   24   26   28   31   34   37   40   42   44   46   46   47   46   46   45
   44   42   40   39   37   36   34   33   32   31   29   28   27   26   25   24
   23   22   21   21   21   20   20   21   21   22   23   24   25   25   25   25
   24   23   23   22   21   20   20   20   20
    67.5-180.0 180.0   5.0 450.0                            LAT/LON1/LON2/DLON/H
   21   21   20   21   21   21   21   21   21   21   21   21   20   20   20   21
   22   24   27   30   34   38   42   46   48   51   52   53   53   52   51   49
   47   45   42   40   38   37   35   34   33   31   30   29   27   26   25   24
   23   22   21   20   20   19   19   20   20   21   23   23   24   24   25   24
   24   24   23   22   21   21   20   21   21
    65.0-180.0 180.0   5.0 450.0                            LAT/LON1/LON2/DLON/H
   22   22   22   22   21   21   21   21   20   20   20   19   19   19   19   20
   22   25   29   33   37   42   47   51   54   57   59   60   59   58   56   54
   51   48   45   42   40   38   37   35   34   33   31   30   28   26   25   24
   23   22   21   20   19   18   18   19   19   20   21   23   23   24   24   24
   24   23   23   22   22   22   22   22   22
    62.5-180.0 180.0   5.0 450.0                            LAT/LON1/LON2/DLON/H
   23   23   23   23   22   21   21   20   20   20   20   19   18   18   18   20
   22   26   30   35   41   46   51   55   59   62   65   65   66   64   63   60
   57   52   49   46   44   42   40   39   37   35   33   31   30   28   26   25
   24   23   21   20   19   18   18   18   19   20   21   22   23   24   24   24
   24   23   23   23   23   23   23   24   23
    60.0-180.0 180.0   5.0 450.0                            LAT/LON1/LON2/DLON/H
   25   25   25   24   23   22   21   21   21   20   20   19   19   19   19   20
   23   27   32   38   44   49   55   59   63   67   70   72   72   72   70   67
   63   59   55   52   49   47   45   44   42   40   37   35   32   30   28   27
   25   24   23   21   20   19   19   19   19   20   22   22   23   24   24   24
   23   23   23   24   24   24   25   25   25
    57.5-180.0 180.0   5.0 450.0                            LAT/LON1/LON2/DLON/H
   27   27   26   26   25   24   23   22   22   21   21   21   20   20   21   22
   25   30   35   41   47   53   58   63   68   72   75   78   80   80   78   76
   72   68   63   59   57   54   53   51   49   46   43   39   36   34   31   30
   28   27   25   23   22   21   20   20   21   22   23   24   25   25   25   25
   24   25   25   25   26   26   26   26   27
    55.0-180.0 180.0   5.0 450.0                            LAT/LON1/LON2/DLON/H
   28   28   28   28   27   26   25   25   25   24   24   24   23   23   24   25
   29   33   39   45   52   57   63   68   72   77   81   85   87   88   87   85
   81   77   72   69   65   64   61   60   57   53   50   46   42   39   37   34
   32   31   29   28   26   25   24   24   25   25   26   27   27   28   27   27
   27   27   27   27   28   28   28   28   28
    52.5-180.0 180.0   5.0 450.0                            LAT/LON1/LON2/DLON/H
   30   30   30   30   29   29   29   29   29   28   28   27   26   26   27   29
   33   38   44   50   57   63   68   73   78   83   88   92   95   97   96   94
   90   85   81   77   74   72   71   68   65   62   58   54   50   46   43   41
   39   37   35   34   32   30   29   29   29   30   31   31   31   31   31   31
   31   31   31   31   31   31   30   30   30
    50.0-180.0 180.0   5.0 450.0                            LAT/LON1/LON2/DLON/H
   33   33   33   33   33   33   33   33   33   33   32   31   31   31   32   35
   39   44   51   57   63   69   75   80   85   90   95   98  101  103  102  100
   97   92   88   84   82   80   78   76   73   70   66   62   58   54   52   49
   47   45   43   41   39   37   36   35   35   35   36   36   36   36   36   36
   36   35   35   35   35   35   34   33   33
    47.5-180.0 180.0   5.0 450.0                            LAT/LON1/LON2/DLON/H
   36   36   36   36   37   37   38   38   38   38   37   36   35   35   37   41
   45   51   58   65   71   77   83   88   93   97  101  104  106  106  105  103
  100   97   93   90   87   86   85   83   80   77   73   69   66   63   60   58
   56   53   51   49   46   45   43   42   42   42   42   42   41   41   41   40
   40   40   40   40   39   39   38   36   36
    45.0-180.0 180.0   5.0 450.0                            LAT/LON1/LON2/DLON/H
   39   39   39   39   41   41   42   43   43   42   42   41   40   40   43   47
   52   59   66   73   80   86   92   97  102  105  107  108  108  107  105  103
  100   97   95   93   92   91   90   88   86   83   79   76   73   71   69   67
   64   61   59   56   54   52   50   49   48   48   47   47   47   47   46   45
   45   44   44   43   43   42   41   40   39
    42.5-180.0 180.0   5.0 450.0                            LAT/LON1/LON2/DLON/H
   42   41   41   42   42   44   46   46   47   47   45   45   45   46   48   53
   60   67   75   82   88   95  101  106  110  112  112  110  108  105  102  100
   99   97   96   96   95   95   94   93   91   88   85   82   80   77   76   73
   70   68   65   62   60   58   57   55   54   53   53   52   51   51   50   49
   48   47   46   46   45   45   44   42   42
    40.0-180.0 180.0   5.0 450.0                            LAT/LON1/LON2/DLON/H
   43   42   42   43   43   44   46   48   49   49   49   49   49   51   55   60
   67   74   82   90   97  103  110  114  116  117  115  111  107  103  100   98
   98   98   99  100  101  101  100   99   96   94   91   88   85   83   81   78
   76   73   70   68   65   63   62   60   59   58   57   55   54   54   53   51
   50   49   47   47   46   46   45   44   43
    37.5-180.0 180.0   5.0 450.0                            LAT/LON1/LON2/DLON/H
   43   42   42   41   42   43   45   47   49   50   51   52   53   57   61   67
   73   81   89   96  104  110  116  120  122  121  118  112  107  103  100  100
  101  104  106  108  109  109  109  107  105  101   97   94   91   88   85   82
   79   76   73   70   69   66   65   64   62   61   59   58   57   56   54   52
   51   49   47   46   46   45   45   44   43
    35.0-180.0 180.0   5.0 450.0                            LAT/LON1/LON2/DLON/H
   42   41   40   39   39   41   43   45   48   50   52   54   57   62   67   73
   79   86   94  101  108  114  120  123  125  124  120  115  110  107  106  108
  112  116  120  122  123  123  121  119  115  110  105  101   96   93   89   85
   82   79   76   73   72   70   69   67   66   64   62   60   58   57   55   53
   51   48   46   44   44   44   44   43   42
    32.5-180.0 180.0   5.0 450.0                            LAT/LON1/LON2/DLON/H
   41   40   38   37   36   37   40   42   45   48   51   55   60   66   72   79
   84   91   98  105  111  117  122  125  127  126  123  120  118  117  118  123
  128  134  139  141  142  140  137  134  128  122  116  109  104   98   94   89
   85   82   79   77   75   73   71   70   68   66   63   61   59   58   56   54
   52   48   45   43   42   42   42   42   41
    30.0-180.0 180.0   5.0 450.0                            LAT/LON1/LON2/DLON/H
   40   39   37   35   34   35   36   39   42   45   49   55   62   70   77   83
   89   95  101  107  113  117  121  125  127  129  129  129  131  134  139  146
  153  160  164  165  163  160  156  151  144  136  128  120  113  106  100   95
   91   87   84   81   79   77   75   73   70   68   65   62   60   58   57   56
   53   49   46   43   42   41   41   40   40
    27.5-180.0 180.0   5.0 450.0                            LAT/LON1/LON2/DLON/H
   39   38   36   34   34   33   34   36   39   42   47   55   64   72   80   86
   92   98  104  109  114  117  121  125  128  133  137  142  149  156  165  174
  182  188  191  190  186  181  175  168  160  151  142  133  124  117  110  104
   99   95   91   88   84   82   78   76   72   69   66   63   61   60   59   57
   55   52   48   45   42   41   40   40   39
    25.0-180.0 180.0   5.0 450.0                            LAT/LON1/LON2/DLON/H
   40   39   38   36   35   34   34   35   36   40   46   54   64   74   82   89
   95  101  106  112  115  118  121  126  132  140  149  159  171  182  193  203
  211  215  216  213  207  199  192  184  176  167  157  147  138  130  123  116
  110  105  101   97   92   88   83   79   75   71   67   64   62   61   61   60
   59   56   52   48   45   43   41   41   40
    22.5-180.0 180.0   5.0 450.0                            LAT/LON1/LON2/DLON/H
   42   41   41   39   37   36   35   35   36   38   44   53   64   75   83   91
   98  104  110  115  118  120  124  130  138  149  162  177  193  207  220  229
  236  239  237  231  222  213  205  197  189  180  171  162  153  145  137  129
  123  117  112  106  100   94   88   82   78   73   68   65   63   63   62   63
   62   60   56   53   49   46   44   43   42
    20.0-180.0 180.0   5.0 450.0                            LAT/LON1/LON2/DLON/H
   44   44   44   42   41   39   37   36   36   38   44   53   64   75   85   93
  100  108  115  120  123  126  130  136  147  161  178  196  214  229  241  250
  254  255  250  242  232  222  214  207  200  192  184  176  168  160  152  144
  137  130  123  115  107  100   92   86   80   75   70   66   64   63   64   65
   64   63   60   56   53   49   46   45   44
    17.5-180.0 180.0   5.0 450.0                            LAT/LON1/LON2/DLON/H
   46   45   45   45   44   42   40   38   38   39   44   53   65   76   86   96
  104  113  121  127  130  133  139  147  159  175  193  212  231  246  256  262
  264  263  256  247  237  227  220  214  208  202  195  189  182  175  166  157
  149  140  132  123  114  105   96   89   82   76   71   67   65   64   64   65
   65   64   62   58   55   51   48   46   46
    15.0-180.0 180.0   5.0 450.0                            LAT/LON1/LON2/DLON/H
   45   45   46   45   45   43   42   40   39   41   46   55   66   78   89   99
  110  120  129  135  140  144  151  160  173  189  207  226  242  255  263  266
  267  263  257  247  237  230  224  219  215  211  206  200  194  187  178  168
  158  148  139  129  118  108   98   90   84   78   72   69   66   65   64   64
   64   64   62   59   56   52   49   47   45
    12.5-180.0 180.0   5.0 450.0                            LAT/LON1/LON2/DLON/H
   44   43   43   44   44   43   42   40   40   43   49   58   69   81   93  104
  116  127  138  146  151  157  165  175  188  203  219  235  249  258  264  265
  264  261  254  246  238  232  229  226  223  219  215  210  204  196  186  175
  164  153  142  132  120  110  101   93   86   80   75   71   68   65   64   63
   62   61   60   58   55   51   49   46   44
    10.0-180.0 180.0   5.0 450.0                            LAT/LON1/LON2/DLON/H
   41   40   39   40   41   40   39   39   40   44   52   62   73   85   97  110
  124  136  147  156  163  171  180  191  203  216  229  241  251  258  261  262
  261  258  253  247  242  238  237  235  232  229  224  219  212  202  191  179
  166  155  144  133  122  112  103   95   89   84   78   74   70   67   64   62
   60   58   57   55   53   50   46   44   41
     7.5-180.0 180.0   5.0 450.0                            LAT/LON1/LON2/DLON/H
   38   36   35   35   35   36   35   36   39   45   54   65   77   90  103  116
  131  144  156  165  174  184  194  205  217  227  236  244  251  255  258  260
  260  259  256  252  250  248  248  247  244  239  233  226  217  206  194  181
  168  156  145  135  124  115  106   99   94   88   83   78   74   69   66   62
   59   57   55   53   51   48   45   41   38
     5.0-180.0 180.0   5.0 450.0                            LAT/LON1/LON2/DLON/H
   35   32   30   30   30   31   32   33   38   45   55   68   80   94  108  123
  138  152  164  175  185  196  207  218  227  235  242  247  252  255  258  261
  264  265  264  263  262  262  262  261  257  250  242  233  223  210  196  183
  170  158  148  138  128  119  111  104   99   95   89   84   79   74   69   65
   61   57   55   53   51   48   44   40   35
     2.5-180.0 180.0   5.0 450.0                            LAT/LON1/LON2/DLON/H
   35   31   28   27   27   27   28   30   36   45   57   70   83   97  112  128
  144  159  171  183  194  206  217  227  235  241  245  249  253  258  263  269
  274  277  278  277  277  277  278  275  269  260  250  239  227  213  199  186
  173  162  153  143  134  125  118  112  107  102   97   91   86   80   75   70
   65   61   57   55   52   49   46   41   35
