sample_files/i/ionex/irtg0110.21i
     1.0            IONOSPHERE MAPS     GPS                 IONEX VERSION / TYPE
tecrms2ionex_4.awk  UPC-IonSAT          01/22/21 1001UT     PGM / RUN BY / DATE
Global ionosphere maps for day  11, 2021 (11- 1-2021)       DESCRIPTION
Contact address: Manuel Hernandez-Pajares                   DESCRIPTION
                 IonSAT research group                      DESCRIPTION
                 Technical Univ. of Catalonia (UPC-IonSAT)  DESCRIPTION
                 Mod. C3 Campus Nord UPC                    DESCRIPTION
                 E08034-Barcelona, SPAIN                    DESCRIPTION
                 e-mail:  manuel@ma4.upc.edu                DESCRIPTION
                                                            DESCRIPTION
  2021     1    11     0     0     0                        EPOCH OF FIRST MAP
  2021     1    11    23    40     0                        EPOCH OF LAST MAP
  1200                                                      INTERVAL
    72                                                      # OF MAPS IN FILE
  COSZ                                                      MAPPING FUNCTION
     0.0                                                    ELEVATION CUTOFF
    99                                                      # OF STATIONS
    33                                                      # OF SATELLITES
  6371.0                                                    BASE RADIUS
     2                                                      MAP DIMENSION
   450.0 450.0   0.0                                        HGT1 / HGT2 / DHGT
    87.5 -87.5  -2.5                                        LAT1 / LAT2 / DLAT
  -180.0 180.0   5.0                                        LON1 / LON2 / DLON
    -1                                                      EXPONENT
TEC values in  0.1 TECUs; 9999 if no value available        COMMENT
Validation with JASON: <TEC_JASON - TEC_GPS>  [TECU]        DESCRIPTION
         (reference day of year: 011)                       DESCRIPTION
                                                            DESCRIPTION
           Bias   Sigma     RMS    VTEC   %ERR    #OBS      DESCRIPTION
          -2.44    2.81    3.72    8.60   43.3   49780      DESCRIPTION
                                                            DESCRIPTION
UT(hours)  Bias   Sigma     RMS    VTEC   %ERR    #OBS      DESCRIPTION
   0.00   -2.28    2.74    3.56   11.67   30.5    2598      DESCRIPTION
   2.00   -3.03    2.04    3.66    6.53   56.0    5004      DESCRIPTION
   4.00   -2.94    1.92    3.51    7.54   46.6    3752      DESCRIPTION
   6.00   -2.75    2.09    3.46   10.91   31.7    3006      DESCRIPTION
   8.00   -2.79    2.12    3.50    7.38   47.5    4811      DESCRIPTION
  10.00   -2.90    1.95    3.50    4.62   75.7    3823      DESCRIPTION
  12.00   -2.20    2.38    3.24    7.63   42.4    4395      DESCRIPTION
  14.00   -1.38    2.70    3.03   10.31   29.4    4590      DESCRIPTION
  16.00   -1.79    3.63    4.04    7.50   53.9    3296      DESCRIPTION
  18.00   -2.25    3.16    3.87    8.20   47.2    4923      DESCRIPTION
  20.00   -3.38    3.86    5.13    8.48   60.5    3958      DESCRIPTION
  22.00   -2.43    2.85    3.75   10.20   36.7    3718      DESCRIPTION
  24.00   -0.66    3.89    3.94   17.41   22.6    1906      DESCRIPTION
                                                            DESCRIPTION
Lat(deg)   Bias   Sigma     RMS    VTEC   %ERR    #OBS      DESCRIPTION
 -60.00   -1.65    2.32    2.85    6.95   41.0   13089      DESCRIPTION
 -40.00   -2.37    2.33    3.33    7.42   44.8    9966      DESCRIPTION
 -20.00   -3.07    2.77    4.14   11.89   34.8    6795      DESCRIPTION
   0.00   -3.82    3.04    4.88   12.58   38.8    6548      DESCRIPTION
  20.00   -2.60    3.71    4.53   10.88   41.6    6162      DESCRIPTION
  40.00   -2.72    2.14    3.46    4.94   70.1    4765      DESCRIPTION
  60.00   -0.59    2.64    2.71    3.79   71.5    2455      DESCRIPTION
                                                            END OF HEADER
[from data line 2574]
     7                                                      START OF TEC MAP
  2021     1    11     2     0     0                        EPOCH OF CURRENT MAP
    87.5-180.0 180.0   5.0 450.0                            LAT/LON1/LON2/DLON/H
   21   21   21   21   21   21   21   21   21   21   20   21   21   20   20   20
   20   20   19   19   19   19   19   19   18   18   18   17   17   17   17   17
   17   17   17   17   17   17   17   17   17   17   17   17   17   17   18   17
   17   17   18   18   18   18   18   18   18   19   19   19   19   20   20   20
   20   20   20   20   20   21   21   21   21
    85.0-180.0 180.0   5.0 450.0                            LAT/LON1/LON2/DLON/H
   22   22   22   22   23   23   22   23   23   23   22   22   22   22   22   21
   21   20   20   19   19   18   18   18   17   17   17   16   16   16   16   16
   16   15   15   15   15   15   16   15   16   16   16   16   16   16   16   16
   16   17   17   17   17   17   18   18   18   18   18   19   19   19   20   20
   20   21   21   21   21   21   22   22   22
    82.5-180.0 180.0   5.0 450.0                            LAT/LON1/LON2/DLON/H
   23   23   23   23   23   23   24   23   23   23   23   23   23   23   23   22
   22   21   20   20   19   18   18   17   17   16   15   15   15   14   14   14
   14   14   15   15   15   15   15   15   15   15   15   15   15   15   15   15
   15   15   16   15   16   16   16   17   17   17   18   18   18   19   19   20
   21   21   21   22   22   22   22   23   23
    80.0-180.0 180.0   5.0 450.0                            LAT/LON1/LON2/DLON/H
   23   23   23   23   23   23   24   23   23   24   24   24   24   23   23   23
   22   22   21   20   19   18   17   16   16   15   15   14   14   14   14   14
   14   14   15   15   15   15   16   16   16   16   16   16   15   15   15   15
   15   14   15   15   15   15   15   16   16   17   17   18   18   19   20   21
   21   22   22   22   23   22   23   23   23
    77.5-180.0 180.0   5.0 450.0                            LAT/LON1/LON2/DLON/H
   24   23   23   23   22   23   23   23   23   23   24   24   23   23   23   23
   23   22   21   21   20   19   18   16   16   15   15   14   14   14   14   14
   15   15   15   16   16   16   16   17   16   17   17   16   16   15   15   15
   14   14   14   14   14   14   14   15   16   16   17   18   19   20   21   21
   22   23   23   24   24   24   24   24   24
    75.0-180.0 180.0   5.0 450.0                            LAT/LON1/LON2/DLON/H
   25   24   24   23   23   23   22   22   22   23   22   23   22   23   23   22
   22   22   21   21   20   19   18   17   16   15   15   15   15   15   15   15
   16   16   16   17   17   18   18   18   17   17   17   17   16   15   15   14
   14   13   13   13   13   13   14   15   16   16   18   19   20   21   22   24
   24   25   26   26   27   26   26   26   25
    72.5-180.0 180.0   5.0 450.0                            LAT/LON1/LON2/DLON/H
   28   27   26   25   24   23   22   22   22   21   22   22   22   22   22   22
   22   22   21   21   20   19   19   17   17   16   16   15   15   16   16   16
   16   17   18   17   18   18   18   18   17   17   17   16   16   15   15   14
   13   13   13   13   13   13   14   15   16   17   19   21   22   24   25   27
   28   29   30   31   31   30   30   29   28
    70.0-180.0 180.0   5.0 450.0                            LAT/LON1/LON2/DLON/H
   32   30   29   27   26   25   23   23   22   22   21   21   21   20   21   21
   20   21   21   21   20   20   19   18   18   17   17   17   16   16   16   17
   17   17   17   17   17   17   17   17   17   17   16   16   15   15   15   14
   13   13   12   12   13   14   15   16   17   19   21   23   25   27   29   31
   33   35   36   36   36   36   35   34   32
    67.5-180.0 180.0   5.0 450.0                            LAT/LON1/LON2/DLON/H
   38   35   33   31   29   27   26   24   23   22   21   21   20   19   19   19
   19   20   20   20   20   19   19   18   18   17   17   17   17   16   16   16
   16   16   16   16   16   16   16   15   15   15   15   14   15   14   13   13
   12   12   12   12   13   14   15   17   19   22   24   26   29   31   34   37
   39   40   42   43   43   42   41   40   38
    65.0-180.0 180.0   5.0 450.0                            LAT/LON1/LON2/DLON/H
   44   41   39   36   33   31   29   27   25   24   22   20   19   18   18   17
   18   18   18   19   19   19   18   18   18   17   16   17   17   16   16   16
   16   16   15   15   14   14   13   13   13   13   13   13   14   13   13   13
   12   12   12   12   13   14   16   19   22   25   27   30   33   36   39   41
   44   47   48   49   50   49   48   46   44
    62.5-180.0 180.0   5.0 450.0                            LAT/LON1/LON2/DLON/H
   50   47   43   41   38   35   33   31   28   26   24   21   19   18   17   16
   16   17   17   18   17   18   17   17   17   17   17   17   16   16   16   15
   15   15   15   14   14   13   13   13   13   12   13   13   14   14   13   13
   12   12   12   12   13   15   18   21   25   28   31   34   37   41   44   47
   50   53   54   56   56   56   54   53   50
    60.0-180.0 180.0   5.0 450.0                            LAT/LON1/LON2/DLON/H
   56   52   49   45   42   39   36   34   31   29   26   23   20   18   17   16
   16   16   17   17   16   16   16   16   16   16   17   17   17   17   16   16
   16   16   15   15   15   14   14   14   14   14   14   14   14   14   14   13
   13   12   12   13   14   17   20   24   28   32   36   39   42   46   49   52
   55   58   60   62   62   62   61   59   56
    57.5-180.0 180.0   5.0 450.0                            LAT/LON1/LON2/DLON/H
   61   58   54   50   47   43   40   37   34   32   28   25   22   19   18   17
   17   17   17   17   16   16   16   16   16   17   17   18   18   18   18   18
   18   18   18   18   18   18   17   17   16   16   16   16   16   15   15   15
   14   13   13   14   16   19   23   28   32   36   41   44   48   51   54   57
   60   63   65   66   67   67   66   64   61
    55.0-180.0 180.0   5.0 450.0                            LAT/LON1/LON2/DLON/H
   66   63   59   56   52   47   44   41   37   35   31   28   25   22   20   18
   18   18   18   18   17   17   16   16   17   18   20   20   21   21   21   22
   22   23   23   23   23   23   22   22   21   20   20   19   19   18   18   17
   16   15   15   17   19   23   27   32   37   42   46   50   53   56   59   62
   64   67   69   70   71   71   70   69   66
    52.5-180.0 180.0   5.0 450.0                            LAT/LON1/LON2/DLON/H
   71   68   65   61   57   52   48   45   41   38   35   32   28   25   22   21
   21   21   21   20   19   19   19   19   20   22   24   24   25   26   26   27
   28   28   29   29   29   30   29   27   27   25   24   23   23   22   21   20
   19   19   19   20   23   27   32   37   43   48   52   56   60   62   65   67
   68   71   72   74   74   75   74   73   71
    50.0-180.0 180.0   5.0 450.0                            LAT/LON1/LON2/DLON/H
   76   74   71   67   63   58   53   49   45   42   39   35   32   29   26   25
   25   25   24   24   23   23   23   24   26   27   29   30   31   32   32   33
   34   35   36   36   36   36   35   34   32   31   29   28   27   26   25   24
   23   23   23   25   28   33   37   43   49   54   59   62   65   68   69   71
   73   74   75   76   77   78   78   78   76
    47.5-180.0 180.0   5.0 450.0                            LAT/LON1/LON2/DLON/H
   80   78   76   73   69   64   59   55   51   47   44   40   36   33   31   29
   29   29   29   28   28   28   29   31   32   34   36   37   37   37   38   39
   40   41   42   42   42   42   41   40   38   36   34   33   31   31   30   29
   28   28   29   30   34   39   44   50   56   61   65   68   71   73   74   75
   76   77   78   79   80   81   82   81   80
    45.0-180.0 180.0   5.0 450.0                            LAT/LON1/LON2/DLON/H
   83   82   79   77   73   70   65   60   56   52   48   45   42   38   36   35
   34   34   34   35   34   35   36   38   40   42   43   42   43   42   43   43
   44   45   45   46   46   46   45   43   42   40   39   37   36   35   34   34
   33   33   34   37   40   46   51   57   62   67   70   73   76   78   79   79
   80   80   81   82   83   83   84   84   83
    42.5-180.0 180.0   5.0 450.0                            LAT/LON1/LON2/DLON/H
   84   83   81   80   77   74   70   65   61   57   53   50   47   44   41   40
   39   40   40   41   42   42   44   46   48   49   49   48   47   46   46   47
   47   47   47   48   48   47   47   46   45   44   42   41   40   40   39   38
   38   38   40   43   47   52   58   63   68   72   75   78   80   82   83   84
   84   84   85   86   86   87   87   86   84
    40.0-180.0 180.0   5.0 450.0                            LAT/LON1/LON2/DLON/H
   86   84   82   81   79   77   74   69   65   62   58   56   52   49   47   46
   45   46   47   48   49   50   52   53   54   55   54   52   50   49   48   48
   48   48   48   48   48   48   49   48   47   46   46   45   44   44   43   42
   42   42   44   48   52   58   63   69   72   76   79   82   84   86   88   89
   90   90   90   90   91   91   90   88   86
    37.5-180.0 180.0   5.0 450.0                            LAT/LON1/LON2/DLON/H
   88   84   82   80   79   78   76   72   69   66   63   61   58   55   53   51
   51   52   53   54   56   57   59   59   60   59   57   54   51   49   48   48
   48   47   47   47   48   48   49   49   49   48   49   48   48   47   46   45
   44   45   47   51   57   63   68   73   77   79   82   85   88   91   94   96
   97   98   98   98   98   97   95   92   88
    35.0-180.0 180.0   5.0 450.0                            LAT/LON1/LON2/DLON/H
   93   87   83   81   80   79   78   75   72   69   67   65   63   61   58   57
   56   57   58   60   61   62   63   63   63   60   58   55   52   50   48   47
   47   47   47   47   48   48   50   50   51   50   51   50   50   49   48   46
   46   46   49   54   60   66   72   76   80   82   85   88   92   97  102  105
  108  108  109  109  108  106  103   99   93
    32.5-180.0 180.0   5.0 450.0                            LAT/LON1/LON2/DLON/H
  103   95   89   84   82   81   79   77   75   72   71   70   68   66   63   62
   61   62   64   65   66   67   66   65   64   61   58   55   52   50   49   48
   48   47   47   47   48   49   50   51   51   51   52   51   51   49   47   46
   45   46   49   55   62   69   75   80   83   86   89   93   99  105  112  117
  121  123  124  124  122  120  117  110  103
    30.0-180.0 180.0   5.0 450.0                            LAT/LON1/LON2/DLON/H
  120  110  101   93   88   86   83   81   79   76   75   74   73   71   68   66
   66   66   67   68   69   69   68   66   63   59   57   54   52   51   50   49
   49   48   48   48   49   50   51   51   52   51   51   51   50   48   46   44
   43   45   49   55   64   71   78   83   87   90   95  100  107  115  124  131
  137  140  142  142  141  139  135  129  120
    27.5-180.0 180.0   5.0 450.0                            LAT/LON1/LON2/DLON/H
  144  133  121  110  102   95   91   87   84   82   80   79   77   74   72   70
   69   69   70   71   71   70   68   65   61   58   56   54   54   53   53   52
   52   51   50   50   50   50   51   51   50   50   49   48   47   45   42   41
   41   43   49   56   65   74   81   87   92   97  102  109  117  128  138  147
  155  159  162  163  163  161  158  152  144
    25.0-180.0 180.0   5.0 450.0                            LAT/LON1/LON2/DLON/H
  173  162  148  134  121  111  104   98   94   90   87   84   82   79   75   73
   72   72   72   72   71   70   67   63   60   57   56   55   56   56   56   56
   55   54   53   51   51   50   50   49   47   46   45   44   43   40   38   36
   37   41   48   57   67   77   85   92   98  104  111  120  130  142  154  164
  173  178  182  184  185  186  184  180  173
    22.5-180.0 180.0   5.0 450.0                            LAT/LON1/LON2/DLON/H
  204  194  179  163  146  133  122  113  106  100   95   91   88   83   79   76
   74   74   73   72   71   70   67   64   60   58   57   58   59   60   60   60
   59   57   55   53   51   49   48   46   44   41   40   39   37   35   33   32
   34   39   48   58   70   81   90   98  106  113  122  132  144  156  169  180
  189  196  200  203  207  209  210  209  204
    20.0-180.0 180.0   5.0 450.0                            LAT/LON1/LON2/DLON/H
  233  225  211  193  174  157  143  132  121  113  106  100   94   88   83   80
   77   76   75   74   72   70   68   65   62   60   60   61   62   64   64   64
   63   60   56   53   50   47   45   42   39   36   35   34   32   30   28   28
   32   39   49   61   74   85   96  105  115  124  134  145  157  170  182  193
  202  209  214  219  224  228  232  234  233
    17.5-180.0 180.0   5.0 450.0                            LAT/LON1/LON2/DLON/H
  255  251  239  221  201  182  166  151  139  128  118  110  102   94   89   84
   81   80   78   76   75   73   71   69   66   65   64   65   66   67   68   67
   65   62   57   52   48   45   42   39   36   32   31   29   28   26   25   26
   30   39   51   64   77   91  102  113  124  134  146  157  169  181  193  203
  211  217  224  229  236  242  248  253  255
    15.0-180.0 180.0   5.0 450.0                            LAT/LON1/LON2/DLON/H
  268  268  258  243  223  203  186  171  157  144  132  122  111  102   96   90
   87   85   83   81   79   78   76   75   73   72   70   69   69   70   70   69
   66   63   57   52   47   43   39   36   32   29   28   26   25   24   23   25
   30   40   52   67   81   95  108  120  132  144  156  167  179  190  200  209
  215  221  227  234  241  248  255  262  268
    12.5-180.0 180.0   5.0 450.0                            LAT/LON1/LON2/DLON/H
  271  273  268  255  237  220  203  187  173  159  146  133  122  112  104   99
   96   93   90   87   85   84   84   83   81   79   76   74   73   72   71   70
   67   63   58   52   46   42   39   35   32   29   27   25   24   23   22   25
   31   41   55   70   85   99  113  126  140  152  165  176  186  196  204  211
  216  221  228  235  241  248  256  263  271
    10.0-180.0 180.0   5.0 450.0                            LAT/LON1/LON2/DLON/H
  266  271  268  259  244  230  215  201  186  172  158  145  133  123  114  109
  105  102   99   96   94   93   92   92   90   87   82   78   75   73   72   70
   68   63   58   52   47   43   40   37   33   30   28   27   26   24   23   26
   33   43   58   72   87  103  117  132  145  158  170  181  191  199  206  211
  215  220  226  233  239  245  251  258  266
     7.5-180.0 180.0   5.0 450.0                            LAT/LON1/LON2/DLON/H
  258  263  262  256  246  234  222  210  197  183  170  156  144  134  126  120
  117  113  109  106  103  101  101  100   97   93   88   82   77   74   73   71
   68   64   59   54   49   45   42   40   36   33   31   30   28   26   26   28
   35   45   59   74   90  105  120  135  149  162  174  184  193  201  207  211
  214  219  225  231  237  241  245  252  258
     5.0-180.0 180.0   5.0 450.0                            LAT/LON1/LON2/DLON/H
  253  256  256  252  244  235  226  216  204  192  179  167  155  146  138  132
  128  124  120  116  112  109  107  107  104   99   92   85   79   75   73   71
   69   65   61   56   52   49   46   43   40   37   35   33   31   29   28   31
   37   48   61   76   90  106  121  137  151  164  175  186  194  201  207  212
  216  220  227  233  238  241  244  248  253
     2.5-180.0 180.0   5.0 450.0                            LAT/LON1/LON2/DLON/H
  254  255  255  250  244  237  229  221  211  200  188  177  166  157  149  143
  138  134  130  125  120  115  112  110  108  103   96   88   82   78   74   72
   69   66   63   59   55   52   49   47   44   41   38   36   34   32   31   34
   40   50   63   77   91  106  121  136  151  164  175  185  193  201  208  213
  219  224  232  238  244  247  249  251  254
