sample_files/i/ionex/irtg0030.21i
     1.0            IONOSPHERE MAPS     MIX                 IONEX VERSION / TYPE
tecrms2ionex_4.awk  UPC-IonSAT          01/03/21  101UT     PGM / RUN BY / DATE
Global ionosphere maps for day   3, 2021 ( 3- 1-2021)       DESCRIPTION
Contact address: Manuel Hernandez-Pajares                   DESCRIPTION
                 IonSAT research group                      DESCRIPTION
                 Technical Univ. of Catalonia (UPC-IonSAT)  DESCRIPTION
                 Mod. C3 Campus Nord UPC                    DESCRIPTION
                 E08034-Barcelona, SPAIN                    DESCRIPTION
                 e-mail:  manuel@ma4.upc.edu                DESCRIPTION
                                                            DESCRIPTION
                 warning: irregular time interval           DESCRIPTION
Generated by single_epoch_2_ionex_unfixed_time_interval.py  DESCRIPTION
  2021     1     3     0     5     0                        EPOCH OF FIRST MAP
  2021     1     3    23    45     0                        EPOCH OF LAST MAP
  1200                                                      INTERVAL
    68                                                      # OF MAPS IN FILE
  COSZ                                                      MAPPING FUNCTION
     0.0                                                    ELEVATION CUTOFF
   999                                                      # OF STATIONS
    99                                                      # OF SATELLITES
  6371.0                                                    BASE RADIUS
     2                                                      MAP DIMENSION
   450.0 450.0   0.0                                        HGT1 / HGT2 / DHGT
    87.5 -87.5  -2.5                                        LAT1 / LAT2 / DLAT
  -180.0 180.0   5.0                                        LON1 / LON2 / DLON
    -1                                                      EXPONENT
TEC values in  0.1 TECUs; 9999 if no value available        COMMENT
                                                            END OF HEADER
[from data line 3432]
     9                                                      START OF TEC MAP
  2021     1     3     4     5     0                        EPOCH OF CURRENT MAP
    87.5-180.0 180.0   5.0 450.0                            LAT/LON1/LON2/DLON/H
   17   17   17   17   17   17   17   17   17   17   17   17   17   17   17   17
   17   16   16   16   16   16   16   16   15   15   15   15   15   15   15   15
   15   15   15   15   15   15   15   15   15   15   15   14   14   14   14   14
   14   14   15   15   15   15   15   15   15   15   15   16   16   16   15   15
   16   16   16   16   16   17   17   17   17
    85.0-180.0 180.0   5.0 450.0                            LAT/LON1/LON2/DLON/H
   18   18   18   18   18   18   18   18   18   18   18   18   18   18   18   18
   18   17   17   17   16   17   17   16   16   16   16   16   16   15   15   15
   15   15   15   15   15   14   14   14   14   14   14   14   14   14   14   14
   14   14   14   14   14   15   15   15   15   16   16   16   16   17   17   17
   17   17   17   17   17   17   18   18   18
    82.5-180.0 180.0   5.0 450.0                            LAT/LON1/LON2/DLON/H
   18   18   18   19   19   19   19   19   19   19   20   19   19   19   19   19
   19   18   18   17   17   17   16   16   16   15   15   15   15   15   15   15
   15   15   15   15   15   14   14   14   14   14   14   14   14   13   13   14
   14   14   14   14   15   15   16   16   17   17   17   18   18   18   18   18
   18   18   18   18   18   18   18   18   18
    80.0-180.0 180.0   5.0 450.0                            LAT/LON1/LON2/DLON/H
   18   18   18   18   19   19   19   19   20   19   20   19   19   20   19   19
   18   18   18   17   17   16   16   16   15   15   15   15   15   15   15   15
   15   15   15   15   15   15   15   15   15   14   13   14   13   13   13   13
   14   14   14   15   16   17   17   18   19   19   20   20   20   20   20   20
   20   20   19   19   19   18   18   18   18
    77.5-180.0 180.0   5.0 450.0                            LAT/LON1/LON2/DLON/H
   17   17   18   18   17   18   18   19   19   19   19   19   19   19   19   19
   18   18   17   16   16   15   15   15   15   14   14   14   14   14   14   15
   15   15   16   15   16   15   15   15   14   14   14   13   13   13   13   13
   13   14   15   16   17   18   19   21   22   22   23   23   23   23   23   22
   22   21   21   20   19   19   18   18   17
    75.0-180.0 180.0   5.0 450.0                            LAT/LON1/LON2/DLON/H
   17   17   16   17   16   16   17   17   17   18   17   18   18   18   17   17
   17   16   15   15   15   14   14   13   13   13   13   13   13   13   13   13
   14   14   14   15   15   15   14   14   14   13   13   12   12   12   12   13
   14   15   16   17   19   21   22   23   24   25   27   27   27   27   26   25
   25   24   23   21   21   19   18   18   17
    72.5-180.0 180.0   5.0 450.0                            LAT/LON1/LON2/DLON/H
   17   16   16   15   15   15   15   15   15   16   16   16   16   16   16   15
   15   14   14   14   13   13   13   12   12   11   11   11   11   11   11   12
   12   12   12   13   13   13   13   13   13   12   11   11   11   11   11   12
   13   14   16   18   21   22   25   26   28   29   30   31   31   31   30   29
   28   27   25   24   22   21   19   18   17
    70.0-180.0 180.0   5.0 450.0                            LAT/LON1/LON2/DLON/H
   18   16   16   15   14   13   13   13   13   13   13   14   14   14   14   14
   13   13   13   12   12   12   11   11   11   10   10    9    9    9    9    9
   10   10   10   11   11   11   11   11   11   10   10    9   10   10   10   11
   13   14   17   19   22   25   27   29   31   33   34   35   35   35   35   34
   32   31   29   27   25   23   21   19   18
    67.5-180.0 180.0   5.0 450.0                            LAT/LON1/LON2/DLON/H
   20   18   17   15   14   13   12   12   11   11   11   12   11   12   12   12
   12   12   11   11   11   11   11   10   10   10    9    9    8    8    8    8
    7    7    8    8    8    9    9    9    9    9    8    8    8    8    9   10
   12   15   17   20   23   26   30   32   34   36   38   39   40   40   40   39
   37   36   33   31   29   26   24   22   20
    65.0-180.0 180.0   5.0 450.0                            LAT/LON1/LON2/DLON/H
   23   21   19   17   15   13   12   11   10   10   10   10   10   11   11   11
   11   11   11   11   11   11   11   11   10   10    9    9    8    7    7    7
    7    7    7    8    8    8    9    8    9    8    8    8    8    8    9   10
   13   16   18   22   25   28   32   35   38   40   43   44   45   46   46   45
   44   41   39   37   33   30   28   25   23
    62.5-180.0 180.0   5.0 450.0                            LAT/LON1/LON2/DLON/H
   26   23   21   19   16   14   12   11   10    9    9   10   10   11   11   11
   11   11   11   12   12   12   12   12   11   11   10    9    9    9    8    8
    8    8    9    9    9    9   10    9    9    9    9    9    8    9   10   12
   14   17   20   24   28   31   35   38   41   44   47   49   51   52   53   52
   51   48   46   43   39   36   32   29   26
    60.0-180.0 180.0   5.0 450.0                            LAT/LON1/LON2/DLON/H
   30   27   24   21   18   15   13   12   11   10   10   10   11   11   12   12
   12   13   13   14   14   13   13   13   13   12   12   12   11   12   12   12
   12   12   12   13   13   13   13   13   12   11   11   11   11   11   12   14
   16   19   23   27   31   35   38   42   46   50   53   56   58   59   59   59
   57   55   52   49   45   41   37   34   30
    57.5-180.0 180.0   5.0 450.0                            LAT/LON1/LON2/DLON/H
   34   30   27   24   21   18   16   14   12   12   12   12   13   13   14   14
   15   16   16   16   16   16   16   16   16   16   15   15   16   16   17   18
   18   19   19   19   18   18   18   17   17   16   15   14   15   14   16   17
   20   23   27   31   35   39   43   47   51   55   59   62   64   66   66   66
   64   62   59   55   50   46   42   38   34
    55.0-180.0 180.0   5.0 450.0                            LAT/LON1/LON2/DLON/H
   38   34   31   27   24   21   19   17   15   15   14   15   16   16   17   18
   18   19   19   20   20   20   20   20   19   20   20   21   22   23   24   26
   26   26   27   27   26   25   24   24   23   22   21   20   19   20   20   23
   25   29   32   37   41   45   49   53   58   62   66   68   71   72   72   72
   70   67   65   61   56   51   47   42   38
    52.5-180.0 180.0   5.0 450.0                            LAT/LON1/LON2/DLON/H
   42   39   35   31   28   25   22   21   19   19   18   19   20   21   22   23
   23   24   24   24   24   25   25   25   25   25   26   27   28   30   32   34
   34   35   35   35   34   33   32   31   30   28   27   26   26   25   26   28
   32   35   40   44   48   52   56   60   65   68   72   75   76   76   77   76
   74   72   69   65   61   56   51   46   42
    50.0-180.0 180.0   5.0 450.0                            LAT/LON1/LON2/DLON/H
   47   43   39   36   32   30   27   25   24   23   23   24   24   25   27   27
   28   29   30   30   30   31   31   31   32   32   33   34   35   37   39   41
   42   43   44   43   42   40   39   38   36   34   33   32   32   32   33   35
   38   43   47   51   56   60   64   68   72   75   78   80   81   80   79   78
   77   75   72   69   65   61   56   51   47
    47.5-180.0 180.0   5.0 450.0                            LAT/LON1/LON2/DLON/H
   51   48   44   41   38   35   33   31   29   29   29   29   30   31   32   33
   35   35   36   37   37   37   38   38   39   40   40   41   42   43   45   47
   48   49   49   49   48   47   45   43   41   40   39   38   38   38   40   42
   46   51   55   60   64   68   72   75   79   81   83   84   84   82   81   80
   78   77   75   72   69   64   60   55   51
    45.0-180.0 180.0   5.0 450.0                            LAT/LON1/LON2/DLON/H
   56   53   49   46   43   40   38   37   35   34   34   35   35   37   38   39
   40   42   42   43   44   44   45   46   46   47   46   47   47   48   49   51
   52   53   53   53   52   51   50   48   46   45   43   43   43   44   46   50
   53   58   63   68   73   76   80   82   85   87   88   88   87   85   82   81
   79   78   77   75   72   68   64   60   56
    42.5-180.0 180.0   5.0 450.0                            LAT/LON1/LON2/DLON/H
   61   58   55   52   49   46   43   42   41   40   39   40   41   42   44   45
   46   48   49   50   51   51   52   53   53   53   52   51   51   51   52   53
   54   55   55   55   55   54   53   51   49   48   47   48   48   50   53   56
   60   65   70   75   80   84   87   89   91   93   93   92   90   87   85   83
   82   81   79   78   75   72   68   64   61
    40.0-180.0 180.0   5.0 450.0                            LAT/LON1/LON2/DLON/H
   65   63   60   56   53   50   48   46   45   44   43   44   45   47   49   51
   53   54   56   57   57   57   58   58   58   57   56   54   53   52   53   54
   55   55   56   57   57   56   55   53   52   51   50   51   53   55   58   62
   66   71   76   82   86   90   93   96   98   98   99   97   96   93   91   89
   87   86   84   82   79   76   72   69   65
    37.5-180.0 180.0   5.0 450.0                            LAT/LON1/LON2/DLON/H
   70   67   64   60   57   53   51   49   48   48   47   48   50   51   54   56
   58   60   61   62   63   63   62   62   62   60   58   55   54   53   53   54
   55   56   57   57   57   57   56   55   54   53   53   54   56   59   63   67
   71   76   81   87   92   97  100  103  105  106  107  106  105  103  101   99
   96   94   92   89   85   81   77   73   70
    35.0-180.0 180.0   5.0 450.0                            LAT/LON1/LON2/DLON/H
   75   71   68   64   60   56   53   51   50   50   50   51   53   55   58   60
   63   64   66   67   67   66   65   64   63   61   58   55   53   52   53   54
   55   56   57   58   58   58   58   57   56   54   54   55   58   62   67   71
   75   80   86   92   98  104  108  111  114  116  118  119  119  117  116  114
  111  108  103   99   93   88   84   79   75
    32.5-180.0 180.0   5.0 450.0                            LAT/LON1/LON2/DLON/H
   81   76   72   68   63   59   55   53   52   52   52   53   55   58   61   64
   66   68   70   70   69   68   66   64   62   60   57   54   53   52   53   55
   56   57   58   59   60   59   59   58   56   55   54   56   59   65   70   75
   79   84   90   97  104  111  116  122  126  129  132  135  136  137  135  133
  129  125  119  112  105   98   92   86   81
    30.0-180.0 180.0   5.0 450.0                            LAT/LON1/LON2/DLON/H
   89   83   78   72   67   61   58   55   54   53   54   55   57   60   63   66
   69   71   72   72   71   68   65   63   60   58   55   53   52   53   54   56
   58   59   59   60   60   60   60   58   56   55   54   56   61   66   72   78
   83   88   95  103  111  120  127  134  140  145  150  155  158  159  159  157
  152  146  138  130  121  112  104   96   89
    27.5-180.0 180.0   5.0 450.0                            LAT/LON1/LON2/DLON/H
  101   94   87   80   72   66   62   59   56   56   56   57   59   62   65   68
   71   73   74   73   71   68   64   61   58   56   53   52   52   54   56   58
   59   60   60   60   61   60   59   57   55   53   53   55   60   67   75   81
   87   93  101  110  121  131  140  149  156  163  170  176  180  183  183  181
  176  169  161  151  141  130  120  111  101
    25.0-180.0 180.0   5.0 450.0                            LAT/LON1/LON2/DLON/H
  117  107   99   90   82   74   68   64   61   60   59   59   60   63   66   70
   73   74   75   74   71   66   63   60   57   54   53   52   53   55   58   59
   60   61   61   60   60   59   57   55   53   50   50   54   60   68   76   85
   92  100  109  121  133  145  155  165  174  182  190  197  203  206  206  204
  199  193  184  174  163  152  140  128  117
    22.5-180.0 180.0   5.0 450.0                            LAT/LON1/LON2/DLON/H
  136  125  114  104   94   85   77   72   69   66   63   62   63   65   68   71
   74   75   76   74   70   66   62   59   56   55   53   53   54   56   59   60
   61   60   60   59   57   56   54   51   48   47   48   52   60   69   79   89
   98  108  119  133  147  160  172  181  191  200  209  217  222  225  226  224
  220  214  206  197  187  175  162  149  136
    20.0-180.0 180.0   5.0 450.0                            LAT/LON1/LON2/DLON/H
  157  144  132  120  109   99   90   83   78   74   70   67   67   68   71   74
   76   77   77   74   70   66   63   60   58   55   54   54   56   57   59   60
   60   59   58   56   55   53   50   47   44   43   45   51   59   70   82   93
  105  117  131  146  162  176  187  197  206  216  224  232  237  239  240  239
  236  231  225  218  209  198  185  172  157
    17.5-180.0 180.0   5.0 450.0                            LAT/LON1/LON2/DLON/H
  179  165  151  139  126  114  104   96   89   83   78   74   72   72   75   77
   79   80   78   75   71   68   65   62   60   58   56   56   56   58   59   59
   58   57   55   53   51   48   45   42   40   39   43   49   60   72   85   98
  112  127  143  161  177  191  202  211  219  228  236  242  247  248  248  248
  247  244  241  235  229  219  207  193  179
    15.0-180.0 180.0   5.0 450.0                            LAT/LON1/LON2/DLON/H
  198  184  171  157  144  131  119  110  102   95   87   82   78   78   80   82
   83   83   81   78   74   70   67   66   63   60   58   57   57   58   57   57
   56   54   53   50   48   45   42   38   36   37   41   50   61   75   89  104
  120  137  156  174  191  204  213  221  228  235  242  248  251  252  252  252
  252  252  250  248  243  235  225  212  198
    12.5-180.0 180.0   5.0 450.0                            LAT/LON1/LON2/DLON/H
  214  201  188  175  161  147  134  123  114  105   97   90   86   85   86   87
   88   87   85   81   77   74   71   69   66   63   59   57   57   57   56   55
   54   52   50   48   46   43   39   36   34   36   41   51   64   78   93  109
  126  146  166  185  201  214  222  228  234  240  245  250  252  253  252  253
  254  256  257  255  252  246  238  226  214
    10.0-180.0 180.0   5.0 450.0                            LAT/LON1/LON2/DLON/H
  225  215  202  190  176  161  148  136  125  115  106   98   93   92   93   93
   93   92   89   85   81   78   75   72   68   64   60   57   56   55   55   54
   53   51   50   47   45   42   39   35   34   36   43   53   67   81   96  113
  132  153  174  193  209  220  227  232  236  241  246  250  252  252  252  252
  255  258  260  260  257  252  245  236  225
     7.5-180.0 180.0   5.0 450.0                            LAT/LON1/LON2/DLON/H
  234  224  213  202  188  174  160  147  135  124  114  106  101   99   99   99
   99   97   94   90   86   82   78   74   70   64   59   56   55   54   54   53
   53   52   50   48   46   43   39   36   35   38   45   57   70   84  100  117
  136  157  178  197  212  223  229  233  237  241  246  250  252  252  253  254
  257  261  263  262  259  255  249  242  234
     5.0-180.0 180.0   5.0 450.0                            LAT/LON1/LON2/DLON/H
  240  232  222  211  199  184  170  156  143  132  121  113  108  106  105  105
  104  102   99   95   90   86   81   76   70   64   58   54   53   53   54   54
   54   53   51   49   47   44   41   38   37   40   48   59   73   87  102  119
  138  159  179  198  213  223  228  232  236  241  246  250  253  255  257  259
  262  265  266  265  261  256  251  246  240
     2.5-180.0 180.0   5.0 450.0                            LAT/LON1/LON2/DLON/H
  245  238  230  220  208  193  178  163  150  138  127  119  114  112  111  111
  109  107  105  101   95   90   83   77   70   62   57   53   53   54   55   56
   56   55   54   51   49   46   43   41   40   43   51   62   74   88  102  119
  138  158  178  196  210  220  226  231  236  242  248  253  258  261  263  267
  270  273  273  271  266  260  254  250  245
