sample_files/i/ionex/irtg0020.21i
     1.0            IONOSPHERE MAPS     GPS                 IONEX VERSION / TYPE
tecrms2ionex_4.awk  UPC-IonSAT          06/17/21  206UT     PGM / RUN BY / DATE
Global ionosphere maps for day   2, 2021 ( 2- 1-2021)       DESCRIPTION
Contact address: Manuel Hernandez-Pajares                   DESCRIPTION
                 IonSAT research group                      DESCRIPTION
                 Technical Univ. of Catalonia (UPC-IonSAT)  DESCRIPTION
                 Mod. C3 Campus Nord UPC                    DESCRIPTION
                 E08034-Barcelona, SPAIN                    DESCRIPTION
                 e-mail:  manuel@ma4.upc.edu                DESCRIPTION
                                                            DESCRIPTION
  2021     1     2     1    15     0                        EPOCH OF FIRST MAP
  2021     1     2    23    35     0                        EPOCH OF LAST MAP
  1200                                                      INTERVAL
    68                                                      # OF MAPS IN FILE
  COSZ                                                      MAPPING FUNCTION
     0.0                                                    ELEVATION CUTOFF
    99                                                      # OF STATIONS
    33                                                      # OF SATELLITES
  6371.0                                                    BASE RADIUS
     2                                                      MAP DIMENSION
   450.0 450.0   0.0                                        HGT1 / HGT2 / DHGT
    87.5 -87.5  -2.5                                        LAT1 / LAT2 / DLAT
  -180.0 180.0   5.0                                        LON1 / LON2 / DLON
    -1                                                      EXPONENT
TEC values in  0.1 TECUs; 9999 if no value available        COMMENT
Validation with JASON: <TEC_JASON - TEC_GPS>  [TECU]        DESCRIPTION
         (reference day of year: 002)                       DESCRIPTION
                                                            DESCRIPTION
           Bias   Sigma     RMS    VTEC   %ERR    #OBS      DESCRIPTION
          -3.07    2.93    4.24    9.47   44.8   45369      DESCRIPTION
                                                            DESCRIPTION
UT(hours)  Bias   Sigma     RMS    VTEC   %ERR    #OBS      DESCRIPTION
   2.00   -2.82    3.07    4.17    9.30   44.8    4307      DESCRIPTION
   4.00   -2.99    2.49    3.89    9.45   41.2    4602      DESCRIPTION
   6.00   -3.28    3.44    4.75   11.64   40.8    4080      DESCRIPTION
   8.00   -1.98    3.86    4.33   13.85   31.3    3412      DESCRIPTION
  10.00   -3.38    3.27    4.70    9.11   51.6    4161      DESCRIPTION
  12.00   -3.13    2.45    3.97    6.16   64.5    3539      DESCRIPTION
  14.00   -3.06    1.94    3.62    9.13   39.7    4256      DESCRIPTION
  16.00   -3.67    2.73    4.58    8.29   55.2    4060      DESCRIPTION
  18.00   -2.50    3.70    4.46    8.61   51.8    3326      DESCRIPTION
  20.00   -3.11    2.52    4.00    9.94   40.3    4070      DESCRIPTION
  22.00   -3.72    2.44    4.45   10.14   43.9    3862      DESCRIPTION
  24.00   -2.84    1.81    3.37    6.44   52.2    1694      DESCRIPTION
                                                            DESCRIPTION
Lat(deg)   Bias   Sigma     RMS    VTEC   %ERR    #OBS      DESCRIPTION
 -60.00   -1.75    2.63    3.16    9.14   34.6   11405      DESCRIPTION
 -40.00   -2.23    2.72    3.52    9.42   37.3    8887      DESCRIPTION
 -20.00   -3.79    3.04    4.86   13.62   35.7    6951      DESCRIPTION
   0.00   -4.98    2.80    5.71   12.62   45.2    6388      DESCRIPTION
  20.00   -4.08    2.69    4.89    9.41   51.9    5314      DESCRIPTION
  40.00   -3.54    2.25    4.20    3.56  117.9    4266      DESCRIPTION
  60.00   -2.08    2.05    2.92    0.59  497.6    2158      DESCRIPTION
                                                            END OF HEADER
[from data line 24453]
    58                                                      START OF TEC MAP
  2021     1     2    20    15     0                        EPOCH OF CURRENT MAP
    87.5-180.0 180.0   5.0 450.0                            LAT/LON1/LON2/DLON/H
   17   17   17   17   17   17   17   18   18   18   18   18   19   19   19   19
   19   19   19   19   19   19   19   19   18   18   18   18   18   18   18   17
   18   18   18   17   17   17   17   17   17   17   17   17   17   17   17   17
   17   17   16   16   16   16   16   16   16   16   16   16   16   16   16   16
   16   16   16   16   16   17   17   17   17
    85.0-180.0 180.0   5.0 450.0                            LAT/LON1/LON2/DLON/H
   16   16   16   17   17   18   18   19   20   20   20   21   21   21   21   22
   22   22   22   22   22   21   21   21   20   19   19   19   18   18   18   18
   17   17   17   17   17   17   17   16   16   16   16   16   17   16   16   16
   16   16   16   16   16   16   16   16   16   16   15   15   15   15   15   15
   15   15   15   15   15   15   15   15   16
    82.5-180.0 180.0   5.0 450.0                            LAT/LON1/LON2/DLON/H
   15   15   16   16   17   17   18   19   21   21   22   23   23   24   24   25
   25   25   25   24   24   23   23   22   21   20   19   19   19   18   17   17
   17   17   16   16   16   16   16   16   16   16   16   16   16   17   17   17
   16   16   17   17   17   16   16   16   16   15   15   15   15   15   15   15
   15   14   14   14   14   14   14   14   15
    80.0-180.0 180.0   5.0 450.0                            LAT/LON1/LON2/DLON/H
   14   14   15   15   16   17   18   20   21   23   24   25   26   27   28   29
   29   28   28   28   27   26   25   24   22   21   19   19   18   18   17   16
   16   16   16   16   16   16   17   17   17   17   17   17   17   17   17   17
   17   17   17   17   17   17   16   16   16   16   16   16   15   15   15   14
   14   14   14   13   13   13   13   13   14
    77.5-180.0 180.0   5.0 450.0                            LAT/LON1/LON2/DLON/H
   13   13   14   15   16   18   19   21   23   24   26   28   29   30   31   32
   32   32   31   30   29   28   26   24   23   21   19   18   17   17   16   16
   16   16   17   17   17   17   17   17   17   17   17   17   17   18   18   17
   17   17   17   17   16   16   16   16   16   16   16   15   15   15   14   14
   14   14   14   13   12   13   12   13   13
    75.0-180.0 180.0   5.0 450.0                            LAT/LON1/LON2/DLON/H
   14   14   15   16   18   19   21   23   25   27   29   30   32   34   35   35
   35   34   34   33   31   29   27   25   23   21   19   17   16   16   15   15
   15   16   17   17   17   17   17   17   17   17   17   17   17   17   17   17
   17   17   17   17   16   16   16   16   16   16   15   15   15   15   15   15
   15   15   14   14   13   13   14   13   14
    72.5-180.0 180.0   5.0 450.0                            LAT/LON1/LON2/DLON/H
   16   16   17   19   20   22   24   26   29   30   33   35   36   37   38   38
   38   38   37   35   33   31   28   26   23   21   18   16   15   14   15   15
   16   17   17   17   18   18   18   17   17   17   17   16   16   16   16   16
   16   16   16   16   15   15   15   15   15   15   15   15   15   15   16   16
   16   15   16   15   15   15   15   15   16
    70.0-180.0 180.0   5.0 450.0                            LAT/LON1/LON2/DLON/H
   18   19   20   22   24   27   29   31   33   36   37   39   41   41   42   42
   41   40   39   37   35   32   29   26   23   20   17   16   14   14   14   15
   15   16   16   17   17   17   17   16   16   15   15   15   15   15   15   16
   15   15   15   15   15   14   14   14   14   14   14   15   15   16   16   17
   17   17   17   17   17   16   17   18   18
    67.5-180.0 180.0   5.0 450.0                            LAT/LON1/LON2/DLON/H
   21   23   24   27   29   32   35   37   40   42   43   45   46   47   47   46
   45   44   42   40   37   34   31   27   24   21   18   16   15   14   14   14
   15   15   16   16   16   16   16   15   15   14   14   14   13   14   14   14
   14   15   15   15   15   14   13   13   13   14   14   14   15   16   16   17
   18   18   18   18   18   19   19   19   21
    65.0-180.0 180.0   5.0 450.0                            LAT/LON1/LON2/DLON/H
   24   26   29   32   35   38   41   44   47   49   51   52   53   54   53   52
   51   48   46   43   40   37   33   30   26   23   20   17   15   14   13   14
   15   15   15   15   15   15   14   14   13   13   13   13   13   13   14   14
   14   15   15   15   15   14   13   13   13   14   14   15   15   16   17   18
   19   19   19   20   20   20   21   22   24
    62.5-180.0 180.0   5.0 450.0                            LAT/LON1/LON2/DLON/H
   26   29   33   37   40   44   48   51   54   56   58   60   61   61   60   58
   57   54   51   48   44   41   37   33   30   26   22   19   17   15   15   14
   14   15   15   14   15   14   14   13   13   13   14   14   14   14   15   15
   15   16   16   16   16   16   15   14   14   14   15   15   16   17   18   18
   19   20   20   20   20   21   22   24   26
    60.0-180.0 180.0   5.0 450.0                            LAT/LON1/LON2/DLON/H
   29   33   37   42   46   50   54   57   60   63   65   67   68   68   67   66
   64   61   57   53   49   45   42   38   34   31   26   23   20   18   17   16
   15   15   15   15   15   15   15   15   15   16   16   17   17   17   17   18
   19   19   19   19   20   19   18   17   17   16   16   17   18   19   20   20
   20   21   21   21   21   22   23   26   29
    57.5-180.0 180.0   5.0 450.0                            LAT/LON1/LON2/DLON/H
   32   36   41   46   51   56   60   64   67   69   72   74   75   75   75   74
   71   68   63   59   55   51   47   44   40   36   32   28   25   22   20   19
   18   18   17   17   17   17   18   19   20   21   22   22   22   22   23   22
   23   24   24   24   24   24   23   22   21   20   20   20   20   21   22   22
   22   22   22   22   22   23   25   28   32
    55.0-180.0 180.0   5.0 450.0                            LAT/LON1/LON2/DLON/H
   35   40   45   51   57   61   66   70   73   76   78   80   81   81   81   80
   78   75   70   65   61   57   54   50   46   43   39   35   31   28   26   24
   22   21   22   21   21   22   23   25   27   28   29   29   29   29   29   29
   29   30   30   30   30   29   28   27   26   25   25   25   25   25   25   25
   25   24   23   23   24   25   27   31   35
    52.5-180.0 180.0   5.0 450.0                            LAT/LON1/LON2/DLON/H
   40   46   51   58   64   69   73   76   79   81   83   85   86   87   87   86
   84   80   76   71   67   63   60   57   54   50   47   43   38   35   32   30
   28   27   27   27   28   29   31   33   35   36   37   37   37   37   37   37
   37   37   38   37   37   36   34   33   32   31   31   30   30   29   29   28
   28   27   26   25   26   28   31   35   40
    50.0-180.0 180.0   5.0 450.0                            LAT/LON1/LON2/DLON/H
   46   52   58   65   70   76   80   84   86   88   89   90   90   91   90   90
   88   85   82   77   73   70   67   64   62   58   54   50   46   42   39   37
   35   34   34   34   34   37   38   40   43   44   45   46   45   45   45   45
   45   45   45   45   45   44   42   41   40   38   37   37   36   35   34   33
   32   30   29   29   30   32   35   40   46
    47.5-180.0 180.0   5.0 450.0                            LAT/LON1/LON2/DLON/H
   53   60   66   73   79   84   88   92   94   95   96   96   95   94   94   93
   92   90   87   83   79   76   74   71   69   66   62   58   53   50   46   43
   42   41   40   41   42   43   45   48   50   51   52   53   53   53   53   53
   53   53   53   53   52   51   49   48   46   45   44   43   42   40   39   38
   36   35   33   33   34   36   41   47   53
    45.0-180.0 180.0   5.0 450.0                            LAT/LON1/LON2/DLON/H
   61   68   74   81   86   92   96  100  102  104  104  102  100   98   96   96
   95   94   91   89   85   82   80   79   76   74   69   64   60   55   52   49
   47   46   46   47   49   50   52   54   56   57   58   59   59   60   60   61
   61   61   60   59   58   57   56   55   54   52   51   49   48   46   44   42
   40   38   37   37   39   43   48   54   61
    42.5-180.0 180.0   5.0 450.0                            LAT/LON1/LON2/DLON/H
   68   74   81   87   93   98  103  108  111  112  111  109  106  102  100   99
   98   98   96   94   92   90   88   86   83   80   76   71   65   60   56   54
   52   51   51   53   54   55   57   59   60   62   62   64   65   65   67   67
   67   66   65   64   63   62   61   61   60   58   57   54   53   51   48   46
   44   41   41   41   44   48   55   61   68
    40.0-180.0 180.0   5.0 450.0                            LAT/LON1/LON2/DLON/H
   74   81   87   93   98  104  109  114  118  121  121  117  113  108  104  103
  103  102  102  101   99   97   95   93   90   86   81   75   69   63   59   57
   55   55   57   58   59   60   62   62   64   65   67   68   69   70   71   71
   72   71   69   68   66   66   66   65   65   63   62   59   57   54   52   49
   46   45   44   46   49   54   61   68   74
    37.5-180.0 180.0   5.0 450.0                            LAT/LON1/LON2/DLON/H
   81   86   92   97  102  107  113  119  124  127  128  125  120  115  111  108
  107  107  108  107  107  104  103  100   96   92   85   79   72   66   62   59
   59   60   61   62   63   65   65   66   67   68   70   71   72   73   74   75
   74   73   71   69   68   68   68   68   68   66   64   62   59   56   54   52
   49   48   47   49   54   60   67   74   81
    35.0-180.0 180.0   5.0 450.0                            LAT/LON1/LON2/DLON/H
   86   91   96  100  105  109  115  121  127  131  134  132  128  123  118  115
  114  114  114  114  113  111  110  106  102   96   89   82   75   70   66   64
   63   65   66   68   69   69   70   70   71   71   73   74   75   75   76   76
   76   74   71   70   69   69   69   69   69   68   65   63   60   58   55   53
   51   50   50   53   58   65   73   80   86
    32.5-180.0 180.0   5.0 450.0                            LAT/LON1/LON2/DLON/H
   91   96  100  105  108  112  116  122  128  134  138  138  135  131  126  123
  121  121  121  121  120  119  116  112  107  101   93   86   80   75   71   70
   70   71   73   74   75   75   74   74   74   75   76   77   76   76   77   76
   75   73   72   70   69   69   69   69   68   67   65   63   60   58   56   54
   52   51   52   56   62   70   78   86   91
    30.0-180.0 180.0   5.0 450.0                            LAT/LON1/LON2/DLON/H
   98  103  107  111  114  117  120  124  129  135  140  142  141  138  134  131
  130  128  128  128  126  125  121  117  112  106   99   93   87   83   80   80
   79   81   82   82   82   81   79   78   78   78   79   78   78   76   76   75
   74   72   70   69   68   67   68   67   67   65   63   61   59   57   56   55
   53   53   55   59   66   76   84   92   98
    27.5-180.0 180.0   5.0 450.0                            LAT/LON1/LON2/DLON/H
  105  112  117  121  124  125  126  129  132  138  143  146  147  146  143  141
  138  136  135  134  132  130  127  122  118  112  106  101   97   94   93   91
   92   92   92   90   89   86   84   82   81   81   81   80   78   75   74   73
   72   71   69   67   66   65   65   65   64   61   59   57   56   55   55   55
   54   55   58   63   71   81   90   99  105
    25.0-180.0 180.0   5.0 450.0                            LAT/LON1/LON2/DLON/H
  114  122  129  135  138  139  139  138  140  143  148  153  154  154  152  150
  147  144  141  140  137  135  133  129  124  120  116  112  110  108  107  106
  105  103  101   98   95   90   87   84   82   82   81   79   76   74   72   71
   70   69   67   66   65   64   63   61   59   57   55   53   53   53   54   55
   55   56   60   66   76   86   97  106  114
    22.5-180.0 180.0   5.0 450.0                            LAT/LON1/LON2/DLON/H
  124  134  144  152  157  158  156  153  153  155  159  162  165  165  164  161
  157  153  149  145  144  141  139  136  133  130  127  126  125  124  123  121
  118  114  109  104   98   93   88   84   82   81   79   76   73   70   69   68
   68   67   66   65   63   62   60   58   55   53   50   50   50   51   53   54
   55   57   62   70   80   92  103  114  124
    20.0-180.0 180.0   5.0 450.0                            LAT/LON1/LON2/DLON/H
  134  147  159  171  178  181  178  175  172  172  174  177  179  179  177  175
  169  163  158  154  152  149  148  146  144  143  142  142  141  141  138  135
  129  122  114  107  100   93   87   83   80   77   75   72   69   66   65   64
   65   65   65   63   61   59   57   55   52   49   47   46   47   49   51   52
   54   58   64   73   85   97  110  122  134
    17.5-180.0 180.0   5.0 450.0                            LAT/LON1/LON2/DLON/H
  143  159  175  189  199  203  203  199  196  194  195  197  198  197  195  191
  184  177  170  165  162  160  160  159  159  159  159  159  159  156  152  145
  137  128  117  108   99   91   85   80   76   73   70   67   64   62   61   61
   63   63   63   61   59   57   55   53   49   47   45   44   45   47   49   51
   53   58   65   76   89  103  116  129  143
    15.0-180.0 180.0   5.0 450.0                            LAT/LON1/LON2/DLON/H
  152  170  188  205  218  225  226  224  221  220  219  220  220  219  215  210
  202  193  184  178  175  175  174  175  175  176  177  177  175  170  163  154
  142  129  117  106   98   90   83   77   73   70   67   63   59   57   57   58
   60   61   61   60   58   56   54   51   49   46   44   44   44   45   47   48
   52   58   66   80   94  109  123  137  152
    12.5-180.0 180.0   5.0 450.0                            LAT/LON1/LON2/DLON/H
  160  178  198  217  233  241  245  246  245  244  244  244  244  242  238  231
  221  211  201  194  192  191  192  193  194  196  195  194  189  182  172  159
  145  130  117  106   97   89   83   77   73   68   64   60   56   55   55   56
   59   59   59   58   57   55   54   52   50   47   45   44   44   45   46   47
   50   57   68   83   98  114  128  143  160
    10.0-180.0 180.0   5.0 450.0                            LAT/LON1/LON2/DLON/H
  166  185  205  224  241  252  259  263  263  265  265  266  266  264  259  251
  242  230  220  214  210  210  212  213  214  214  212  210  203  192  179  163
  147  132  118  107   98   92   86   81   76   70   65   61   57   55   55   56
   58   59   59   58   57   56   55   54   52   49   48   46   46   45   45   46
   49   58   70   86  103  119  134  150  166
     7.5-180.0 180.0   5.0 450.0                            LAT/LON1/LON2/DLON/H
  171  189  208  227  244  257  266  272  275  278  280  282  283  282  278  271
  261  250  239  232  229  230  231  232  232  231  229  223  215  202  186  168
  151  135  123  112  105   99   94   88   84   77   71   66   61   59   58   59
   60   61   60   60   59   58   57   57   55   53   51   48   47   46   45   45
   49   58   72   89  108  124  139  155  171
     5.0-180.0 180.0   5.0 450.0                            LAT/LON1/LON2/DLON/H
  176  193  211  228  244  258  267  275  279  284  288  292  294  294  292  286
  277  266  257  251  248  248  249  250  248  246  242  235  225  211  194  176
  158  143  132  122  116  111  106  100   95   88   81   75   69   66   64   65
   65   65   64   63   62   62   61   60   58   56   54   51   49   48   46   46
   50   60   75   93  111  129  144  160  176
     2.5-180.0 180.0   5.0 450.0                            LAT/LON1/LON2/DLON/H
  180  196  212  228  242  255  265  273  279  283  288  293  298  300  300  297
  289  281  273  267  265  265  265  265  263  259  254  247  236  221  204  187
  170  155  145  136  130  125  120  115  109  102   95   87   81   76   74   74
   73   72   70   68   67   66   65   63   61   58   56   54   51   49   47   47
   52   62   78   96  115  132  148  164  180
