sample_files/i/ionex/irtg0050.21i
     1.0            IONOSPHERE MAPS     GPS                 IONEX VERSION / TYPE
tecrms2ionex_4.awk  UPC-IonSAT          01/22/21 1001UT     PGM / RUN BY / DATE
Global ionosphere maps for day   5, 2021 ( 5- 1-2021)       DESCRIPTION
Contact address: Manuel Hernandez-Pajares                   DESCRIPTION
                 IonSAT research group                      DESCRIPTION
                 Technical Univ. of Catalonia (UPC-IonSAT)  DESCRIPTION
                 Mod. C3 Campus Nord UPC                    DESCRIPTION
                 E08034-Barcelona, SPAIN                    DESCRIPTION
                 e-mail:  manuel@ma4.upc.edu                DESCRIPTION
                                                            DESCRIPTION
  2021     1     5     0     0     0                        EPOCH OF FIRST MAP
  2021     1     5    23    40     0                        EPOCH OF LAST MAP
  1200                                                      INTERVAL
    72                                                      # OF MAPS IN FILE
  COSZ                                                      MAPPING FUNCTION
     0.0                                                    ELEVATION CUTOFF
    99                                                      # OF STATIONS
    33                                                      # OF SATELLITES
  6371.0                                                    BASE RADIUS
     2                                                      MAP DIMENSION
   450.0 450.0   0.0                                        HGT1 / HGT2 / DHGT
    87.5 -87.5  -2.5                                        LAT1 / LAT2 / DLAT
  -180.0 180.0   5.0                                        LON1 / LON2 / DLON
    -1                                                      EXPONENT
TEC values in  0.1 TECUs; 9999 if no value available        COMMENT
Validation with JASON: <TEC_JASON - TEC_GPS>  [TECU]        DESCRIPTION
         (reference day of year: 005)                       DESCRIPTION
                                                            DESCRIPTION
           Bias   Sigma     RMS    VTEC   %ERR    #OBS      DESCRIPTION
          -3.01    3.20    4.40    9.61   45.8   48783      DESCRIPTION
                                                            DESCRIPTION
UT(hours)  Bias   Sigma     RMS    VTEC   %ERR    #OBS      DESCRIPTION
   0.00   -5.30    3.16    6.17   12.09   51.0    1947      DESCRIPTION
   2.00   -3.73    2.64    4.58    7.63   60.0    4225      DESCRIPTION
   4.00   -2.79    2.12    3.50    7.70   45.5    4513      DESCRIPTION
   6.00   -2.27    2.82    3.62   12.46   29.1    3515      DESCRIPTION
   8.00   -4.32    2.71    5.10    8.27   61.7    4472      DESCRIPTION
  10.00   -3.43    3.84    5.14    8.00   64.3    4628      DESCRIPTION
  12.00   -3.41    2.22    4.07    5.33   76.3    3865      DESCRIPTION
  14.00   -2.48    2.41    3.46    9.24   37.4    4090      DESCRIPTION
  16.00   -1.97    2.64    3.30   10.92   30.2    3787      DESCRIPTION
  18.00   -1.52    2.84    3.22   10.81   29.8    3980      DESCRIPTION
  20.00   -3.11    3.04    4.34   10.19   42.6    4732      DESCRIPTION
  22.00   -2.98    4.70    5.56   13.49   41.2    3690      DESCRIPTION
  24.00   -1.86    5.23    5.55   14.64   37.9    1339      DESCRIPTION
                                                            DESCRIPTION
Lat(deg)   Bias   Sigma     RMS    VTEC   %ERR    #OBS      DESCRIPTION
 -60.00   -1.75    2.19    2.81    8.96   31.4   12108      DESCRIPTION
 -40.00   -2.60    2.68    3.73   10.28   36.3    9198      DESCRIPTION
 -20.00   -3.79    3.84    5.40   12.66   42.6    7035      DESCRIPTION
   0.00   -5.19    3.06    6.02   11.92   50.5    6758      DESCRIPTION
  20.00   -3.67    4.01    5.44   10.39   52.3    6245      DESCRIPTION
  40.00   -2.88    2.32    3.70    4.85   76.3    4962      DESCRIPTION
  60.00   -1.14    2.34    2.60    2.91   89.6    2477      DESCRIPTION
                                                            END OF HEADER
[from data line 17589]
    42                                                      START OF TEC MAP
  2021     1     5    13    40     0                        EPOCH OF CURRENT MAP
    87.5-180.0 180.0   5.0 450.0                            LAT/LON1/LON2/DLON/H
   22   22   22   22   22   22   22   22   22   22   22   22   22   22   22   22
   21   21   21   21   21   21   21   21   21   21   21   21   21   21   21   21
   21   21   21   21   21   21   21   21   21   21   21   21   21   21   21   21
   20   21   21   21   21   21   21   21   21   21   21   21   22   22   22   22
   22   22   22   22   22   22   22   22   22
    85.0-180.0 180.0   5.0 450.0                            LAT/LON1/LON2/DLON/H
   23   23   23   23   23   23   23   23   23   23   23   23   22   23   22   22
   22   22   22   22   21   21   21   21   21   21   21   21   21   21   21   22
   22   22   21   21   21   21   21   21   21   21   21   20   20   20   20   20
   20   20   21   21   21   21   21   21   21   21   22   22   22   22   22   22
   23   23   23   23   23   23   23   23   23
    82.5-180.0 180.0   5.0 450.0                            LAT/LON1/LON2/DLON/H
   23   23   23   24   23   23   24   24   23   23   23   23   23   23   22   22
   22   22   22   22   21   21   21   21   22   22   22   22   22   22   22   23
   23   23   23   23   23   23   22   22   22   22   21   21   21   21   20   20
   20   20   20   20   20   20   20   21   21   21   21   22   22   22   23   23
   23   23   23   23   23   24   23   23   23
    80.0-180.0 180.0   5.0 450.0                            LAT/LON1/LON2/DLON/H
   23   23   23   23   23   23   23   24   24   23   23   24   23   23   23   22
   22   22   22   22   21   22   22   22   22   23   23   24   24   24   25   25
   25   26   25   25   25   25   25   24   24   23   23   22   21   21   20   20
   19   19   19   19   19   19   20   20   20   21   21   21   22   22   23   23
   23   23   23   23   23   23   23   23   23
    77.5-180.0 180.0   5.0 450.0                            LAT/LON1/LON2/DLON/H
   21   21   21   22   22   22   23   23   24   23   24   24   23   23   23   22
   22   22   22   22   22   22   22   23   24   25   25   26   27   27   28   28
   28   29   29   28   28   28   27   27   26   25   24   23   23   22   21   20
   20   19   19   18   19   18   19   19   20   20   20   21   22   22   22   22
   22   23   22   22   22   22   22   21   21
    75.0-180.0 180.0   5.0 450.0                            LAT/LON1/LON2/DLON/H
   20   20   20   21   21   21   22   23   23   23   23   23   23   23   22   22
   22   22   22   21   22   22   23   24   25   26   27   29   30   30   31   32
   32   32   32   31   31   31   30   29   28   28   27   25   24   23   22   21
   20   19   19   19   18   18   18   18   19   19   20   20   21   21   22   22
   22   22   22   21   21   21   20   20   20
    72.5-180.0 180.0   5.0 450.0                            LAT/LON1/LON2/DLON/H
   18   18   19   19   20   20   21   22   22   22   22   23   22   22   22   21
   21   21   21   21   22   23   24   25   27   28   30   31   32   33   34   35
   35   35   34   34   34   33   32   32   31   30   29   28   26   25   24   23
   21   21   19   19   18   18   18   18   18   18   19   20   21   21   21   22
   22   21   21   20   19   19   19   18   18
    70.0-180.0 180.0   5.0 450.0                            LAT/LON1/LON2/DLON/H
   18   18   18   19   19   20   20   21   21   22   22   22   21   21   21   21
   20   20   20   21   21   23   24   26   28   30   32   33   35   37   37   38
   38   38   38   37   36   36   35   34   33   32   31   29   28   27   25   24
   23   22   20   19   18   18   17   17   17   18   18   19   20   21   21   21
   21   21   20   19   19   18   17   17   18
    67.5-180.0 180.0   5.0 450.0                            LAT/LON1/LON2/DLON/H
   17   17   18   18   19   19   20   20   21   20   20   20   20   20   19   19
   19   19   19   20   21   23   25   27   29   32   34   36   38   40   41   42
   42   42   41   40   39   38   37   37   35   34   33   31   30   29   27   25
   24   22   21   20   19   18   17   17   17   17   18   18   19   20   20   20
   20   20   20   19   18   18   17   17   17
    65.0-180.0 180.0   5.0 450.0                            LAT/LON1/LON2/DLON/H
   18   18   19   19   19   20   20   19   19   19   19   19   19   18   18   18
   18   18   19   20   21   23   25   28   31   34   37   40   42   44   45   46
   46   46   45   44   43   42   41   39   39   37   36   34   33   30   28   26
   24   23   22   20   19   18   18   18   17   17   17   18   19   19   20   20
   20   20   19   19   18   18   18   17   18
    62.5-180.0 180.0   5.0 450.0                            LAT/LON1/LON2/DLON/H
   19   20   20   20   20   20   20   19   19   19   19   18   18   18   18   18
   18   18   19   20   22   24   27   30   33   37   40   43   46   49   51   52
   52   52   51   49   48   46   45   44   43   41   39   37   35   32   30   28
   25   23   22   21   20   19   19   18   18   18   18   18   18   19   20   20
   20   20   20   19   19   19   18   19   19
    60.0-180.0 180.0   5.0 450.0                            LAT/LON1/LON2/DLON/H
   21   22   22   22   22   21   21   20   19   19   19   19   19   18   18   18
   18   18   20   21   23   26   29   33   37   41   45   48   52   55   57   59
   59   59   58   56   55   53   51   49   48   46   44   42   39   35   32   29
   26   24   22   22   21   20   19   19   19   18   19   19   19   19   20   21
   21   21   21   21   20   20   20   21   21
    57.5-180.0 180.0   5.0 450.0                            LAT/LON1/LON2/DLON/H
   23   24   24   24   24   23   23   22   21   21   21   20   20   20   20   19
   20   20   22   24   26   29   33   37   41   46   50   55   59   62   65   67
   68   68   66   64   62   60   58   56   54   52   50   46   43   39   35   31
   28   26   24   23   22   22   22   21   21   20   20   20   20   21   21   22
   22   22   23   22   22   22   22   23   23
    55.0-180.0 180.0   5.0 450.0                            LAT/LON1/LON2/DLON/H
   26   26   26   26   26   26   25   24   24   24   24   23   23   23   22   22
   22   24   25   27   30   34   38   43   47   52   57   62   67   70   73   75
   76   76   75   72   70   67   65   63   61   59   56   53   49   44   39   35
   31   29   27   26   25   25   24   24   23   23   22   22   22   23   23   24
   25   25   25   25   25   25   25   25   26
    52.5-180.0 180.0   5.0 450.0                            LAT/LON1/LON2/DLON/H
   29   28   29   29   29   29   29   28   29   28   28   28   27   27   26   26
   26   27   29   32   35   39   44   49   54   60   65   70   74   78   81   82
   83   83   81   79   77   74   72   70   68   66   64   60   56   51   45   41
   36   34   31   30   29   28   28   27   27   26   26   25   25   26   26   27
   28   28   28   28   28   28   28   28   29
    50.0-180.0 180.0   5.0 450.0                            LAT/LON1/LON2/DLON/H
   32   31   31   32   32   32   33   33   33   34   33   33   32   31   30   30
   30   32   35   38   42   46   51   57   63   68   74   78   81   84   86   87
   87   87   86   84   82   80   78   76   74   73   70   67   63   58   53   47
   43   40   37   35   34   33   32   32   31   31   30   30   30   29   30   31
   31   31   32   32   32   32   32   32   32
    47.5-180.0 180.0   5.0 450.0                            LAT/LON1/LON2/DLON/H
   35   34   35   35   36   36   37   38   38   39   39   38   37   36   34   34
   35   37   40   44   48   53   59   65   71   77   81   85   87   89   89   90
   90   89   88   86   85   84   82   82   80   78   76   73   70   65   60   55
   51   46   43   41   39   38   37   37   36   35   35   34   34   34   35   35
   35   36   36   36   35   36   35   35   35
    45.0-180.0 180.0   5.0 450.0                            LAT/LON1/LON2/DLON/H
   38   37   38   38   39   40   41   42   43   44   43   43   41   39   38   38
   39   42   46   50   55   61   68   74   79   85   88   90   91   91   91   90
   89   89   88   88   87   87   87   86   85   83   82   80   76   72   68   62
   58   54   50   47   45   44   42   42   41   40   40   39   39   39   39   39
   40   40   39   39   39   39   39   38   38
    42.5-180.0 180.0   5.0 450.0                            LAT/LON1/LON2/DLON/H
   41   40   40   41   42   43   44   45   46   48   48   47   45   43   42   42
   43   47   51   57   62   69   75   81   87   91   93   95   94   93   91   90
   89   88   88   89   90   91   91   91   90   89   87   85   82   79   74   69
   65   61   57   53   50   49   47   46   46   45   45   44   44   43   44   43
   43   43   42   42   41   41   41   41   41
    40.0-180.0 180.0   5.0 450.0                            LAT/LON1/LON2/DLON/H
   42   41   42   42   43   45   46   47   49   50   50   50   48   46   44   45
   48   52   57   62   68   74   81   87   93   97   98   98   96   94   93   91
   90   90   91   93   95   97   97   97   96   95   92   90   87   84   80   75
   71   66   62   59   55   53   52   51   50   49   49   48   48   47   47   47
   46   45   43   43   42   43   43   43   42
    37.5-180.0 180.0   5.0 450.0                            LAT/LON1/LON2/DLON/H
   43   42   42   43   43   45   46   47   49   50   51   51   49   48   47   48
   51   56   62   68   74   80   87   92   97  100  101  101   99   98   97   96
   96   97   98  101  103  106  107  106  104  102   99   96   93   89   85   80
   75   71   67   63   60   57   56   54   53   52   52   52   51   51   50   49
   48   46   45   43   42   43   43   43   43
    35.0-180.0 180.0   5.0 450.0                            LAT/LON1/LON2/DLON/H
   42   42   42   42   43   43   44   45   47   49   51   51   50   50   49   51
   55   61   66   72   79   85   90   96  101  103  105  105  105  105  105  106
  107  109  111  114  117  119  120  118  115  111  107  103   99   95   90   85
   80   75   71   67   64   61   59   58   57   56   55   54   54   53   52   51
   49   46   44   42   41   42   42   43   42
    32.5-180.0 180.0   5.0 450.0                            LAT/LON1/LON2/DLON/H
   42   41   41   41   41   41   42   42   44   47   49   50   50   50   51   54
   59   64   70   77   82   88   93   98  103  106  108  110  113  116  119  122
  126  128  131  133  136  137  136  133  128  122  117  112  107  101   95   90
   85   81   76   73   69   66   64   61   60   59   57   57   56   54   53   51
   49   47   44   42   41   41   41   42   42
    30.0-180.0 180.0   5.0 450.0                            LAT/LON1/LON2/DLON/H
   41   40   40   39   39   39   39   40   42   44   47   48   49   51   53   57
   62   68   74   80   85   91   96  101  105  109  113  118  124  131  137  144
  149  152  155  156  157  157  155  150  143  136  130  123  117  110  104   98
   93   88   83   79   76   72   70   66   64   62   61   59   58   56   54   52
   50   47   44   42   40   40   41   41   41
    27.5-180.0 180.0   5.0 450.0                            LAT/LON1/LON2/DLON/H
   40   39   39   39   39   38   37   37   39   42   45   46   48   50   54   59
   65   71   77   83   88   93   99  104  109  114  120  128  138  149  159  168
  175  178  180  180  179  177  173  167  159  151  143  137  129  122  115  109
  103   98   93   89   84   81   77   73   69   66   64   61   59   57   55   53
   51   48   45   43   42   41   41   41   40
    25.0-180.0 180.0   5.0 450.0                            LAT/LON1/LON2/DLON/H
   41   40   39   39   39   38   37   36   37   40   42   44   46   50   54   61
   68   74   80   86   91   97  102  108  114  121  130  141  154  168  181  192
  200  203  204  202  199  195  190  182  174  166  158  151  144  136  128  122
  116  111  105  100   96   90   86   80   75   71   67   64   62   59   57   54
   52   50   48   46   44   43   43   42   41
    22.5-180.0 180.0   5.0 450.0                            LAT/LON1/LON2/DLON/H
   42   41   41   41   40   39   37   36   37   38   40   42   44   49   55   62
   70   78   83   89   95  101  107  113  121  129  141  155  170  186  201  212
  221  224  223  220  215  210  204  196  188  180  173  166  159  151  144  137
  132  126  120  114  108  102   95   88   82   76   72   68   65   62   59   57
   55   53   51   49   48   47   46   45   42
    20.0-180.0 180.0   5.0 450.0                            LAT/LON1/LON2/DLON/H
   45   43   43   43   42   41   39   37   37   38   39   40   42   47   55   64
   72   81   87   93  100  106  113  121  129  140  153  169  185  202  216  228
  236  238  236  231  225  220  213  206  199  193  187  181  174  167  160  154
  148  142  135  128  121  114  106   98   89   82   76   72   68   65   61   59
   58   56   55   54   52   51   49   47   45
    17.5-180.0 180.0   5.0 450.0                            LAT/LON1/LON2/DLON/H
   47   45   45   44   44   43   41   39   38   38   38   38   40   46   55   65
   75   84   91   98  105  112  120  129  139  151  166  181  198  213  226  237
  243  246  243  237  231  226  220  215  209  204  199  195  188  182  176  170
  163  157  149  141  133  125  116  106   97   88   81   76   72   68   65   63
   61   59   58   57   56   55   52   49   47
    15.0-180.0 180.0   5.0 450.0                            LAT/LON1/LON2/DLON/H
   48   46   45   45   45   43   42   40   39   38   37   37   39   46   55   66
   77   87   96  104  111  120  129  139  150  163  178  192  207  220  231  240
  246  247  245  239  234  230  226  222  218  214  211  207  202  195  189  183
  177  170  161  152  143  134  124  113  103   94   87   81   76   72   69   66
   64   62   60   59   57   56   54   51   48
    12.5-180.0 180.0   5.0 450.0                            LAT/LON1/LON2/DLON/H
   49   46   45   45   44   43   41   40   39   37   36   35   38   46   56   68
   80   91  101  110  119  128  138  149  161  174  188  201  214  224  232  240
  244  246  244  240  236  234  232  230  227  225  222  219  213  207  201  194
  187  180  170  160  151  141  130  119  109   99   92   86   81   76   73   70
   67   63   61   59   58   57   54   51   49
    10.0-180.0 180.0   5.0 450.0                            LAT/LON1/LON2/DLON/H
   47   45   43   43   42   41   40   39   38   36   34   35   38   46   57   70
   83   95  106  116  126  136  147  159  171  184  197  208  217  225  232  237
  242  244  244  242  240  240  240  239  238  236  233  229  223  217  210  203
  196  187  177  167  156  146  135  124  114  105   97   90   85   81   78   73
   69   65   61   58   57   55   53   50   47
     7.5-180.0 180.0   5.0 450.0                            LAT/LON1/LON2/DLON/H
   45   42   41   40   38   37   37   36   35   34   33   34   38   47   59   72
   86   99  111  123  133  144  156  168  180  192  203  213  220  226  231  237
  242  245  246  246  247  249  250  251  249  247  244  239  233  225  218  210
  202  193  182  171  161  150  139  129  118  109  102   96   90   86   82   78
   72   66   61   58   55   53   51   48   45
     5.0-180.0 180.0   5.0 450.0                            LAT/LON1/LON2/DLON/H
   44   41   38   37   35   34   33   33   33   32   32   33   39   48   61   75
   89  103  116  128  140  151  163  175  188  199  208  216  222  227  232  239
  245  250  253  255  258  261  263  263  262  258  255  249  242  234  226  218
  209  198  188  176  165  154  144  133  123  114  107  101   96   92   87   82
   75   68   62   58   55   52   50   47   44
     2.5-180.0 180.0   5.0 450.0                            LAT/LON1/LON2/DLON/H
   43   40   37   35   33   31   31   31   31   31   31   34   40   50   63   77
   91  105  119  133  145  157  169  181  193  203  211  218  224  230  236  244
  252  258  264  267  271  274  277  276  274  270  264  258  251  242  234  225
  216  205  194  182  171  160  148  138  129  120  113  106  101   97   93   87
   80   72   65   60   56   53   50   47   43
