sample_files/i/ionex/irtg0080.21i
     1.0            IONOSPHERE MAPS     GPS                 IONEX VERSION / TYPE
tecrms2ionex_4.awk  UPC-IonSAT          01/22/21 1001UT     PGM / RUN BY / DATE
Global ionosphere maps for day   8, 2021 ( 8- 1-2021)       DESCRIPTION
Contact address: Manuel Hernandez-Pajares                   DESCRIPTION
                 IonSAT research group                      DESCRIPTION
                 Technical Univ. of Catalonia (UPC-IonSAT)  DESCRIPTION
                 Mod. C3 Campus Nord UPC                    DESCRIPTION
                 E08034-Barcelona, SPAIN                    DESCRIPTION
                 e-mail:  manuel@ma4.upc.edu                DESCRIPTION
                                                            DESCRIPTION
  2021     1     8     0     0     0                        EPOCH OF FIRST MAP
  2021     1     8    23    40     0                        EPOCH OF LAST MAP
  1200                                                      INTERVAL
    72                                                      # OF MAPS IN FILE
  COSZ                                                      MAPPING FUNCTION
     0.0                                                    ELEVATION CUTOFF
    99                                                      # OF STATIONS
    33                                                      # OF SATELLITES
  6371.0                                                    BASE RADIUS
     2                                                      MAP DIMENSION
   450.0 450.0   0.0                                        HGT1 / HGT2 / DHGT
    87.5 -87.5  -2.5                                        LAT1 / LAT2 / DLAT
  -180.0 180.0   5.0                                        LON1 / LON2 / DLON
    -1                                                      EXPONENT
TEC values in  0.1 TECUs; 9999 if no value available        COMMENT
Validation with JASON: <TEC_JASON - TEC_GPS>  [TECU]        DESCRIPTION
         (reference day of year: 008)                       DESCRIPTION
                                                            DESCRIPTION
           Bias   Sigma     RMS    VTEC   %ERR    #OBS      DESCRIPTION
          -3.77    2.71    4.64    7.48   62.1   48734      DESCRIPTION
                                                            DESCRIPTION
UT(hours)  Bias   Sigma     RMS    VTEC   %ERR    #OBS      DESCRIPTION
   0.00   -3.63    2.02    4.16    2.38  174.3    1977      DESCRIPTION
   2.00   -4.54    3.34    5.64    7.12   79.2    5235      DESCRIPTION
   4.00   -2.85    2.40    3.73    8.00   46.6    4018      DESCRIPTION
   6.00   -2.84    2.33    3.67   10.74   34.2    3682      DESCRIPTION
   8.00   -3.37    2.62    4.27    8.81   48.4    4804      DESCRIPTION
  10.00   -4.23    2.61    4.97    6.69   74.3    4089      DESCRIPTION
  12.00   -3.95    2.36    4.61    6.24   73.9    4131      DESCRIPTION
  14.00   -3.69    2.19    4.29    7.94   54.1    4477      DESCRIPTION
  16.00   -3.27    2.36    4.03    6.28   64.2    3679      DESCRIPTION
  18.00   -3.91    2.57    4.68    7.75   60.4    3951      DESCRIPTION
  20.00   -4.59    3.34    5.68    7.91   71.7    3890      DESCRIPTION
  22.00   -4.20    2.85    5.07    8.46   60.0    3957      DESCRIPTION
  24.00   -3.22    1.92    3.74    2.23  167.8     844      DESCRIPTION
                                                            DESCRIPTION
Lat(deg)   Bias   Sigma     RMS    VTEC   %ERR    #OBS      DESCRIPTION
 -60.00   -2.52    2.01    3.22    6.65   48.5   12340      DESCRIPTION
 -40.00   -3.61    2.17    4.21    6.68   63.0    9818      DESCRIPTION
 -20.00   -5.49    3.02    6.26    9.16   68.3    6917      DESCRIPTION
   0.00   -5.16    2.40    5.69   11.19   50.9    6950      DESCRIPTION
  20.00   -4.16    3.20    5.25    9.36   56.1    5709      DESCRIPTION
  40.00   -3.39    2.35    4.12    3.85  107.2    4597      DESCRIPTION
  60.00   -1.74    1.87    2.55    1.88  135.8    2403      DESCRIPTION
                                                            END OF HEADER
[from data line 18018]
    43                                                      START OF TEC MAP
  2021     1     8    14     0     0                        EPOCH OF CURRENT MAP
    87.5-180.0 180.0   5.0 450.0                            LAT/LON1/LON2/DLON/H
   21   21   21   21   21   21   21   21   21   21   21   21   21   21   21   21
   21   21   21   22   22   22   22   22   22   22   23   23   23   23   23   23
   23   23   23   24   24   23   23   23   23   23   23   23   23   23   23   23
   23   23   23   23   23   23   23   23   22   22   22   22   22   22   22   22
   22   21   21   21   21   21   21   21   21
    85.0-180.0 180.0   5.0 450.0                            LAT/LON1/LON2/DLON/H
   19   19   19   19   19   19   19   19   19   19   20   20   20   20   20   20
   20   21   21   21   21   21   22   22   22   22   22   23   23   23   24   24
   24   24   24   24   24   24   24   24   24   24   24   24   24   24   24   24
   24   23   23   23   23   23   23   22   23   22   22   22   22   21   21   21
   21   20   20   20   20   20   20   20   19
    82.5-180.0 180.0   5.0 450.0                            LAT/LON1/LON2/DLON/H
   18   17   17   17   17   17   17   17   18   17   18   18   18   18   18   19
   19   19   19   19   20   20   21   21   22   22   23   23   23   24   25   25
   25   25   25   25   25   25   25   25   24   24   24   24   24   23   23   23
   23   22   22   23   22   22   22   22   22   22   21   21   21   21   20   20
   19   19   19   18   18   18   18   18   18
    80.0-180.0 180.0   5.0 450.0                            LAT/LON1/LON2/DLON/H
   16   15   16   16   16   16   16   16   16   16   17   17   17   17   17   17
   17   18   18   18   19   19   20   21   22   22   23   24   25   25   26   26
   26   26   26   26   26   26   25   25   24   24   24   23   23   23   23   22
   22   22   22   22   22   22   21   21   21   21   21   21   20   20   20   19
   19   18   18   17   17   17   16   16   16
    77.5-180.0 180.0   5.0 450.0                            LAT/LON1/LON2/DLON/H
   15   14   14   14   15   15   15   15   15   16   16   16   16   17   16   16
   16   17   17   17   18   19   20   21   22   23   24   25   26   27   27   28
   28   28   28   27   27   26   26   25   25   24   23   23   22   22   22   22
   21   21   21   21   20   20   20   20   20   20   20   20   20   19   19   19
   19   18   17   16   16   15   15   15   15
    75.0-180.0 180.0   5.0 450.0                            LAT/LON1/LON2/DLON/H
   14   14   14   14   14   14   14   15   15   15   16   16   16   15   16   16
   15   16   16   17   17   19   20   21   23   24   25   27   28   29   30   30
   30   30   29   29   28   27   26   25   25   24   23   22   22   21   21   21
   20   20   20   20   20   20   20   20   20   20   20   19   19   20   19   19
   18   17   17   16   15   15   14   14   14
    72.5-180.0 180.0   5.0 450.0                            LAT/LON1/LON2/DLON/H
   14   14   14   14   14   14   14   15   15   15   15   15   15   15   15   15
   15   15   16   16   17   19   20   22   24   26   28   29   31   32   32   33
   33   32   32   31   30   29   27   26   25   24   23   22   21   21   20   20
   20   19   19   19   19   19   19   19   19   19   19   19   19   19   19   19
   19   18   17   17   16   15   15   14   14
    70.0-180.0 180.0   5.0 450.0                            LAT/LON1/LON2/DLON/H
   15   15   14   15   15   15   15   15   15   15   15   15   15   15   15   15
   15   15   15   16   17   19   21   23   26   28   30   32   34   35   36   36
   36   35   34   33   32   30   29   27   26   25   24   22   22   21   20   19
   19   18   18   18   18   17   18   17   18   18   18   19   19   19   19   19
   19   19   18   17   16   16   15   15   15
    67.5-180.0 180.0   5.0 450.0                            LAT/LON1/LON2/DLON/H
   16   16   16   16   15   15   15   15   15   15   15   15   15   15   15   15
   15   15   15   17   18   20   22   25   28   31   33   36   37   39   40   40
   40   39   38   36   34   33   31   30   28   27   25   24   22   21   20   19
   19   18   18   17   17   17   17   16   16   16   17   18   18   19   19   19
   19   19   19   18   17   17   17   17   16
    65.0-180.0 180.0   5.0 450.0                            LAT/LON1/LON2/DLON/H
   18   18   17   17   17   16   16   15   15   15   15   15   15   15   15   15
   15   15   15   17   19   21   24   27   30   33   37   39   42   43   44   44
   44   43   42   40   38   36   35   33   31   30   28   26   24   22   21   19
   18   18   17   16   16   16   16   15   15   16   16   17   18   19   19   19
   20   20   19   19   19   18   18   18   18
    62.5-180.0 180.0   5.0 450.0                            LAT/LON1/LON2/DLON/H
   19   19   19   18   18   17   16   16   15   15   15   15   15   15   15   15
   15   15   16   17   20   22   26   29   33   36   40   43   46   48   49   50
   49   48   47   45   43   42   40   38   36   34   32   30   27   24   22   20
   19   17   17   16   16   15   15   15   15   16   16   17   18   19   19   20
   20   20   20   20   20   19   19   19   19
    60.0-180.0 180.0   5.0 450.0                            LAT/LON1/LON2/DLON/H
   21   21   21   20   20   19   18   16   16   16   15   15   16   16   16   16
   16   16   17   19   22   25   28   32   36   40   44   48   51   53   55   57
   57   55   54   52   50   47   45   44   42   40   37   34   31   28   25   22
   20   18   17   17   17   16   16   16   17   17   17   18   18   19   20   21
   21   21   21   21   21   21   21   21   21
    57.5-180.0 180.0   5.0 450.0                            LAT/LON1/LON2/DLON/H
   23   23   23   22   21   20   19   18   17   17   17   17   17   17   17   17
   17   18   19   21   24   28   31   36   40   45   49   54   57   60   62   64
   64   63   61   59   56   54   52   50   49   46   44   40   37   32   29   26
   23   21   20   19   19   19   19   18   19   19   20   20   21   22   22   23
   23   24   23   24   24   23   23   23   23
    55.0-180.0 180.0   5.0 450.0                            LAT/LON1/LON2/DLON/H
   26   26   25   25   24   23   22   21   20   20   20   19   19   19   18   18
   19   21   22   25   28   32   37   41   46   51   56   60   64   67   70   71
   71   70   68   66   64   61   59   57   56   54   51   48   43   39   34   31
   28   25   24   23   23   23   22   23   23   23   23   24   24   25   25   26
   26   27   27   27   27   27   27   26   26
    52.5-180.0 180.0   5.0 450.0                            LAT/LON1/LON2/DLON/H
   30   29   29   28   27   27   26   25   24   24   23   23   22   21   21   21
   23   24   27   30   34   38   43   48   53   58   63   67   71   74   76   78
   78   77   75   73   70   68   66   64   63   61   58   55   51   46   42   37
   34   32   30   29   29   28   28   28   28   28   28   29   29   29   30   30
   31   31   31   31   31   31   30   30   30
    50.0-180.0 180.0   5.0 450.0                            LAT/LON1/LON2/DLON/H
   34   33   33   33   32   32   31   30   30   29   28   28   26   25   25   25
   27   29   32   36   41   46   51   56   62   67   71   75   78   80   82   83
   83   82   80   77   75   73   72   70   69   67   65   62   59   54   50   45
   42   39   37   36   35   35   35   34   35   34   34   34   34   34   35   35
   36   36   36   36   36   36   35   34   34
    47.5-180.0 180.0   5.0 450.0                            LAT/LON1/LON2/DLON/H
   39   38   38   37   37   37   37   36   36   35   34   32   30   29   29   30
   32   35   39   44   49   55   60   66   71   76   79   82   84   85   86   86
   86   84   83   81   79   77   76   75   74   73   72   69   66   62   58   54
   50   47   45   44   43   42   42   42   41   41   40   40   40   40   40   41
   41   41   41   41   41   40   40   39   39
    45.0-180.0 180.0   5.0 450.0                            LAT/LON1/LON2/DLON/H
   43   42   42   42   41   42   42   42   42   41   40   38   35   34   34   35
   38   42   47   52   58   64   70   75   81   85   87   88   89   89   88   87
   86   85   84   83   82   81   80   80   79   78   77   75   73   69   65   61
   58   55   52   50   49   48   48   47   47   46   45   45   45   45   45   45
   45   45   45   45   45   44   44   44   43
    42.5-180.0 180.0   5.0 450.0                            LAT/LON1/LON2/DLON/H
   46   46   45   45   45   46   46   47   47   46   45   43   41   39   38   41
   44   49   55   61   67   73   79   85   89   92   94   94   92   90   89   87
   85   85   85   85   86   86   85   85   84   83   82   80   78   75   72   68
   64   60   58   56   54   54   53   52   52   51   50   50   50   49   49   49
   49   48   48   47   47   47   47   47   46
    40.0-180.0 180.0   5.0 450.0                            LAT/LON1/LON2/DLON/H
   48   48   47   47   48   48   48   49   50   50   49   47   45   44   44   46
   51   57   63   70   76   81   87   92   96   98  100   98   95   93   89   87
   86   86   87   89   91   92   93   92   90   89   87   85   82   80   76   72
   69   65   62   60   58   57   56   56   55   54   54   53   53   53   52   52
   51   50   49   48   48   48   48   49   48
    37.5-180.0 180.0   5.0 450.0                            LAT/LON1/LON2/DLON/H
   49   49   48   48   48   48   48   50   51   52   52   51   49   48   50   53
   58   64   71   77   83   88   92   97  101  103  104  102   99   95   92   90
   89   91   94   97  100  102  103  101   99   96   93   90   87   83   80   76
   71   68   64   62   61   60   59   58   58   57   56   56   56   55   55   54
   52   51   49   47   47   47   48   49   49
    35.0-180.0 180.0   5.0 450.0                            LAT/LON1/LON2/DLON/H
   48   48   47   47   47   47   47   49   51   52   53   53   52   53   55   59
   64   71   78   84   89   92   96  100  104  106  107  106  104  101   99   97
   98  100  105  109  113  117  117  114  110  106  101   97   92   88   83   79
   74   70   67   65   63   62   62   61   60   59   59   58   57   57   56   54
   53   51   49   47   46   46   47   47   48
    32.5-180.0 180.0   5.0 450.0                            LAT/LON1/LON2/DLON/H
   46   46   46   45   44   44   45   46   49   51   53   54   54   56   59   64
   70   77   83   88   92   95   98  102  105  109  111  112  111  111  111  112
  113  116  121  126  131  134  134  130  124  118  111  105   99   94   88   82
   77   73   70   68   66   66   65   64   63   62   61   60   59   58   57   56
   54   51   49   46   45   45   46   46   46
    30.0-180.0 180.0   5.0 450.0                            LAT/LON1/LON2/DLON/H
   45   45   44   44   42   42   42   44   46   49   51   53   55   58   62   68
   74   81   87   91   94   97   99  102  107  111  116  120  123  125  128  131
  134  138  142  147  152  154  152  147  140  132  124  116  109  103   95   89
   84   79   75   73   72   71   69   68   66   65   63   62   61   60   58   57
   55   53   50   47   45   45   45   45   45
    27.5-180.0 180.0   5.0 450.0                            LAT/LON1/LON2/DLON/H
   44   44   43   42   41   40   39   41   43   46   49   52   54   58   63   70
   77   84   89   94   96   98  100  103  108  115  123  130  137  144  149  154
  158  162  166  170  173  174  171  165  156  147  138  130  122  114  106   99
   93   87   83   81   79   78   76   73   71   68   66   65   63   61   60   59
   58   55   52   50   48   46   45   45   44
    25.0-180.0 180.0   5.0 450.0                            LAT/LON1/LON2/DLON/H
   45   44   43   42   41   39   38   39   41   43   46   49   52   57   64   71
   79   85   91   95   97  100  102  105  112  121  132  143  155  164  173  179
  184  187  189  191  192  192  188  181  172  163  154  145  137  129  121  112
  105   99   94   92   89   87   84   80   76   73   70   67   65   63   62   61
   60   59   56   53   50   48   47   46   45
    22.5-180.0 180.0   5.0 450.0                            LAT/LON1/LON2/DLON/H
   46   45   44   43   41   39   38   38   39   41   43   46   50   56   63   72
   79   86   92   97  100  102  105  110  118  130  143  158  172  185  196  204
  208  210  210  209  208  206  202  195  186  178  169  161  154  146  137  127
  119  113  107  104  100   96   92   87   81   77   73   70   67   65   63   63
   63   62   60   57   54   52   49   47   46
    20.0-180.0 180.0   5.0 450.0                            LAT/LON1/LON2/DLON/H
   47   46   45   44   43   41   39   39   39   39   41   43   47   54   63   71
   80   87   94   99  103  106  111  117  127  140  156  173  190  204  216  224
  228  227  225  222  219  216  212  205  197  190  183  177  170  163  153  144
  135  127  121  116  111  106   99   93   87   81   77   72   69   66   64   64
   64   64   63   60   58   54   52   49   47
    17.5-180.0 180.0   5.0 450.0                            LAT/LON1/LON2/DLON/H
   48   47   46   45   43   42   41   39   38   38   39   40   45   53   62   72
   81   89   96  102  107  112  118  127  138  152  170  187  204  219  231  239
  241  239  235  230  226  223  218  213  207  201  196  191  186  178  169  159
  149  140  133  127  120  114  106   98   91   85   79   75   70   67   65   65
   65   65   63   61   59   56   53   50   48
    15.0-180.0 180.0   5.0 450.0                            LAT/LON1/LON2/DLON/H
   48   46   45   44   44   42   41   40   38   37   37   39   44   52   62   73
   83   92   99  107  113  120  128  138  150  166  183  200  216  230  240  247
  248  245  241  235  230  226  223  219  214  210  207  204  199  191  182  171
  161  151  143  135  127  119  111  102   94   87   82   77   72   68   65   64
   64   63   63   61   59   56   53   50   48
    12.5-180.0 180.0   5.0 450.0                            LAT/LON1/LON2/DLON/H
   47   45   44   43   42   42   41   40   38   36   36   38   44   53   65   76
   86   96  105  112  120  129  138  150  164  179  194  210  223  235  245  250
  251  248  243  237  233  230  227  225  222  219  217  214  209  202  192  181
  170  159  150  140  131  122  113  105   97   90   85   79   74   69   66   63
   62   61   60   58   56   54   51   49   47
    10.0-180.0 180.0   5.0 450.0                            LAT/LON1/LON2/DLON/H
   44   42   41   40   39   39   39   38   37   35   35   38   45   55   67   79
   91  101  111  119  128  138  149  162  176  190  204  217  228  238  245  250
  251  249  245  240  237  235  234  232  231  228  226  223  218  210  200  188
  176  165  154  144  134  125  115  107  100   94   88   82   77   71   67   63
   61   58   56   55   53   52   49   46   44
     7.5-180.0 180.0   5.0 450.0                            LAT/LON1/LON2/DLON/H
   41   39   38   36   35   36   36   35   34   34   34   38   45   57   70   83
   95  106  116  126  136  147  160  173  187  200  211  221  230  237  244  248
  251  251  249  246  244  243  242  242  241  239  236  231  225  216  206  194
  182  170  158  147  136  127  117  110  103   98   92   87   81   75   69   65
   60   57   55   53   51   49   47   44   41
     5.0-180.0 180.0   5.0 450.0                            LAT/LON1/LON2/DLON/H
   40   37   35   33   32   32   33   33   32   32   33   38   47   59   73   87
  100  112  122  133  144  156  169  182  196  207  216  224  230  236  242  248
  253  255  256  255  254  254  254  254  253  250  245  239  232  223  212  200
  187  175  163  152  140  130  121  114  109  104   99   93   87   80   74   67
   62   58   54   52   50   48   45   43   40
     2.5-180.0 180.0   5.0 450.0                            LAT/LON1/LON2/DLON/H
   40   37   34   31   30   29   30   30   29   30   32   38   48   61   76   90
  103  116  128  139  151  163  176  190  202  212  219  225  229  235  242  250
  257  262  265  267  267  267  267  267  265  261  255  248  239  229  218  206
  194  182  170  157  145  135  126  120  115  111  106  100   94   87   80   73
   66   61   57   53   51   49   46   44   40
