sample_files/i/ionex/irtg0100.21i
     1.0            IONOSPHERE MAPS     MIX                 IONEX VERSION / TYPE
tecrms2ionex_4.awk  UPC-IonSAT          01/10/21  101UT     PGM / RUN BY / DATE
Global ionosphere maps for day  10, 2021 (10- 1-2021)       DESCRIPTION
Contact address: Manuel Hernandez-Pajares                   DESCRIPTION
                 IonSAT research group                      DESCRIPTION
                 Technical Univ. of Catalonia (UPC-IonSAT)  DESCRIPTION
                 Mod. C3 Campus Nord UPC                    DESCRIPTION
                 E08034-Barcelona, SPAIN                    DESCRIPTION
                 e-mail:  manuel@ma4.upc.edu                DESCRIPTION
                                                            DESCRIPTION
Generated by single_epoch_2_ionex_unfixed_time_interval.py  DESCRIPTION
  2021     1    10     0     0     0                        EPOCH OF FIRST MAP
  2021     1    10    23    40     0                        EPOCH OF LAST MAP
  1200                                                      INTERVAL
    68                                                      # OF MAPS IN FILE
  COSZ                                                      MAPPING FUNCTION
     0.0                                                    ELEVATION CUTOFF
   999                                                      # OF STATIONS
    99                                                      # OF SATELLITES
  6371.0                                                    BASE RADIUS
     2                                                      MAP DIMENSION
   450.0 450.0   0.0                                        HGT1 / HGT2 / DHGT
    87.5 -87.5  -2.5                                        LAT1 / LAT2 / DLAT
  -180.0 180.0   5.0                                        LON1 / LON2 / DLON
    -1                                                      EXPONENT
TEC values in  0.1 TECUs; 9999 if no value available        COMMENT
                                                            END OF HEADER
[from data line 1716]
     5                                                      START OF TEC MAP
  2021     1    10     2    40     0                        EPOCH OF CURRENT MAP
    87.5-180.0 180.0   5.0 450.0                            LAT/LON1/LON2/DLON/H
   16   16   16   16   16   16   16   16   16   16   16   15   15   15   15   15
   15   15   14   14   14   14   14   13   13   13   13   13   12   12   12   12
   12   12   12   12   12   12   12   12   12   12   12   12   12   12   12   12
   12   12   12   12   13   13   13   13   14   14   14   14   14   14   15   15
   15   15   15   15   15   16   16   16   16
    85.0-180.0 180.0   5.0 450.0                            LAT/LON1/LON2/DLON/H
   18   18   18   18   18   18   18   18   18   18   18   18   18   17   17   17
   16   16   15   15   15   14   14   13   13   13   13   12   12   12   11   11
   11   11   10   11   10   10   10   10   10   10   10   10   10   11   11   11
   11   11   12   12   12   13   13   13   14   14   14   15   15   15   16   16
   16   17   17   17   17   18   18   18   18
    82.5-180.0 180.0   5.0 450.0                            LAT/LON1/LON2/DLON/H
   19   19   19   19   19   20   20   19   19   19   19   19   19   19   19   18
   18   17   17   16   15   15   14   14   13   13   12   12   12   12   11   11
   11   11   11   11   11   11   11   11   11   11   11   11   11   11   11   11
   11   11   12   12   12   13   13   13   14   15   15   16   16   17   17   17
   18   18   19   19   19   19   19   19   19
    80.0-180.0 180.0   5.0 450.0                            LAT/LON1/LON2/DLON/H
   19   19   19   20   19   19   19   20   20   20   20   20   20   20   20   19
   19   18   17   17   16   15   15   15   14   13   13   13   12   12   12   12
   12   12   13   12   13   13   12   12   12   12   12   12   12   12   12   11
   12   12   12   12   12   13   13   14   15   15   16   17   17   18   18   19
   20   20   19   20   20   20   20   19   19
    77.5-180.0 180.0   5.0 450.0                            LAT/LON1/LON2/DLON/H
   19   19   19   18   19   19   19   19   19   20   20   20   20   20   20   20
   19   19   18   17   17   16   16   15   15   14   14   14   14   13   14   13
   13   14   14   14   14   15   14   14   14   14   14   14   14   13   13   13
   13   13   12   13   13   13   14   15   15   16   17   18   19   20   20   20
   21   21   21   21   21   20   20   20   19
    75.0-180.0 180.0   5.0 450.0                            LAT/LON1/LON2/DLON/H
   20   19   18   17   18   17   18   18   18   19   19   19   20   20   19   19
   19   19   18   17   17   16   16   16   15   15   15   15   15   14   15   15
   15   15   16   16   16   16   16   16   16   16   15   15   14   14   14   13
   13   13   13   13   13   14   15   15   16   17   18   19   20   21   22   22
   23   23   24   23   23   22   21   20   20
    72.5-180.0 180.0   5.0 450.0                            LAT/LON1/LON2/DLON/H
   21   20   19   18   17   17   17   17   17   18   18   18   19   19   19   18
   19   18   18   17   17   17   16   16   16   16   15   15   15   15   16   15
   15   16   16   17   17   17   17   17   17   16   16   15   15   15   14   14
   13   14   13   14   14   15   15   16   17   18   19   20   22   23   24   25
   26   26   27   26   26   25   23   22   21
    70.0-180.0 180.0   5.0 450.0                            LAT/LON1/LON2/DLON/H
   25   23   21   20   18   18   17   17   17   17   18   18   18   18   18   18
   17   17   17   17   17   16   17   16   16   16   16   16   16   15   15   15
   15   15   16   16   16   16   16   16   16   16   15   15   15   14   14   13
   13   13   14   14   14   15   16   17   18   19   21   22   23   25   26   28
   29   30   31   31   31   30   28   26   25
    67.5-180.0 180.0   5.0 450.0                            LAT/LON1/LON2/DLON/H
   30   27   25   23   21   20   19   18   18   18   17   17   17   17   17   16
   16   16   16   16   16   16   16   16   16   16   15   15   15   15   14   14
   14   14   15   14   15   14   14   14   14   14   14   14   14   14   13   13
   13   13   13   14   14   16   17   18   19   21   22   24   26   28   30   32
   33   35   36   36   36   36   34   32   30
    65.0-180.0 180.0   5.0 450.0                            LAT/LON1/LON2/DLON/H
   36   34   31   28   25   23   21   20   19   18   17   17   16   16   16   16
   15   16   16   16   16   16   16   16   15   15   15   15   15   14   14   14
   14   14   13   13   13   13   13   13   13   13   13   13   13   13   12   12
   12   12   13   14   15   16   17   19   21   23   24   26   28   31   34   36
   38   40   42   43   44   43   41   39   36
    62.5-180.0 180.0   5.0 450.0                            LAT/LON1/LON2/DLON/H
   44   41   37   33   30   27   25   23   21   19   19   17   16   16   15   15
   15   15   15   16   15   15   15   15   15   15   15   15   14   14   14   14
   14   14   14   14   14   13   13   13   13   13   13   13   13   13   12   12
   12   12   13   14   15   17   19   21   23   25   27   29   32   35   38   41
   44   46   48   50   50   50   49   47   44
    60.0-180.0 180.0   5.0 450.0                            LAT/LON1/LON2/DLON/H
   51   48   44   40   36   32   29   26   23   21   19   18   17   16   15   16
   16   16   15   15   15   15   15   15   15   15   16   16   16   16   16   17
   17   16   17   16   16   16   15   15   15   15   15   15   14   14   14   13
   12   13   14   15   17   19   21   24   26   29   31   34   36   40   43   46
   49   52   54   56   57   57   57   54   51
    57.5-180.0 180.0   5.0 450.0                            LAT/LON1/LON2/DLON/H
   58   54   50   46   41   37   33   29   26   23   21   19   18   17   17   16
   17   17   16   16   16   16   16   16   17   17   18   19   19   20   20   21
   21   21   22   21   21   21   20   19   19   19   18   18   18   17   16   15
   14   14   15   17   19   22   25   28   30   33   36   39   42   45   48   51
   55   57   60   61   63   63   63   61   58
    55.0-180.0 180.0   5.0 450.0                            LAT/LON1/LON2/DLON/H
   63   60   56   52   47   42   38   34   29   26   23   21   20   19   19   18
   19   19   18   18   18   18   18   19   20   21   22   23   24   25   26   27
   27   28   29   28   28   27   26   25   25   24   23   23   22   20   19   18
   17   17   18   20   23   26   29   33   36   39   42   45   48   51   53   56
   59   62   64   66   68   68   67   66   63
    52.5-180.0 180.0   5.0 450.0                            LAT/LON1/LON2/DLON/H
   68   65   61   57   53   48   43   39   34   30   26   24   22   21   21   21
   22   21   21   21   21   21   22   23   25   26   28   30   31   32   33   34
   35   36   36   36   35   34   33   32   31   29   29   28   26   25   24   22
   21   21   23   25   28   32   35   39   42   45   48   52   54   57   59   62
   64   66   68   70   71   71   71   70   68
    50.0-180.0 180.0   5.0 450.0                            LAT/LON1/LON2/DLON/H
   71   69   66   63   59   54   49   44   39   35   31   28   26   25   25   25
   25   25   25   25   25   26   27   29   31   33   36   37   38   39   40   41
   41   42   42   42   42   41   40   38   36   35   34   33   32   30   28   27
   26   26   28   31   35   39   42   45   49   52   55   58   61   63   65   67
   68   69   71   72   73   74   74   73   71
    47.5-180.0 180.0   5.0 450.0                            LAT/LON1/LON2/DLON/H
   74   72   70   67   64   60   55   50   45   41   36   33   31   30   30   29
   29   30   30   31   31   33   34   37   39   41   44   45   45   45   45   45
   46   47   47   47   47   45   44   42   40   39   38   37   36   35   33   32
   32   33   35   38   42   46   50   53   56   59   62   64   67   68   70   72
   72   73   74   74   75   75   75   75   74
    45.0-180.0 180.0   5.0 450.0                            LAT/LON1/LON2/DLON/H
   76   74   73   71   69   65   61   57   52   47   43   40   37   36   35   35
   35   35   36   37   38   40   42   45   47   49   51   51   50   49   49   48
   48   49   50   50   49   48   46   45   43   42   42   41   40   39   38   37
   37   39   42   46   50   54   57   60   63   65   68   71   73   74   76   76
   77   77   77   77   77   77   77   76   76
    42.5-180.0 180.0   5.0 450.0                            LAT/LON1/LON2/DLON/H
   77   76   74   73   71   69   66   61   58   54   50   46   44   42   41   41
   41   42   43   44   46   48   50   53   55   56   56   56   54   52   50   49
   49   49   50   50   49   49   48   46   45   44   44   44   43   43   42   42
   42   45   49   54   58   62   65   67   69   72   75   77   79   81   82   82
   82   82   81   81   80   79   79   78   77
    40.0-180.0 180.0   5.0 450.0                            LAT/LON1/LON2/DLON/H
   78   76   75   73   72   70   67   65   62   59   55   53   50   48   47   47
   47   48   49   51   53   56   57   59   60   61   60   58   55   52   49   48
   48   48   48   49   49   48   48   47   46   46   46   46   47   46   46   46
   48   51   56   61   65   69   71   73   75   78   81   83   86   88   89   89
   89   89   87   86   85   83   82   80   78
    37.5-180.0 180.0   5.0 450.0                            LAT/LON1/LON2/DLON/H
   80   77   75   73   71   69   68   66   64   62   60   57   55   54   53   53
   53   54   56   58   60   62   63   64   64   63   61   58   55   51   48   46
   46   46   47   47   48   47   48   48   48   48   49   49   49   49   49   50
   52   56   62   67   72   75   77   79   81   85   88   91   94   97   99  100
  100   98   96   94   93   90   87   84   80
    35.0-180.0 180.0   5.0 450.0                            LAT/LON1/LON2/DLON/H
   85   80   76   73   70   68   67   66   65   64   62   61   59   58   58   57
   59   60   62   64   65   66   67   66   65   63   61   57   54   50   47   46
   45   46   47   48   48   48   48   49   49   50   51   51   51   51   52   53
   56   61   67   73   77   80   82   84   87   91   96  100  104  108  111  112
  113  111  109  106  103  100   96   91   85
    32.5-180.0 180.0   5.0 450.0                            LAT/LON1/LON2/DLON/H
   95   88   82   76   72   69   67   67   66   65   64   64   62   62   61   61
   62   64   65   67   68   68   68   66   64   62   59   56   53   50   48   46
   46   47   48   49   49   49   49   50   51   52   53   53   53   53   53   55
   58   64   70   76   81   84   87   90   94   99  105  111  116  121  126  128
  129  127  124  121  118  114  108  102   95
    30.0-180.0 180.0   5.0 450.0                            LAT/LON1/LON2/DLON/H
  111  102   93   85   79   74   71   69   68   67   66   65   64   64   64   64
   65   66   67   68   69   68   67   65   63   61   58   56   53   51   50   49
   49   50   51   51   51   51   51   51   52   53   53   53   52   52   53   55
   59   66   73   79   84   88   91   96  101  108  116  123  131  137  143  146
  147  145  143  140  137  133  127  119  111
    27.5-180.0 180.0   5.0 450.0                            LAT/LON1/LON2/DLON/H
  132  122  112  101   92   85   80   76   74   71   70   68   67   66   66   65
   66   67   68   68   68   67   66   64   61   59   58   56   55   54   54   53
   53   54   54   54   53   52   51   51   52   52   52   51   51   50   51   54
   59   66   74   81   87   91   96  102  109  118  128  136  145  153  160  165
  166  165  164  161  159  155  150  142  132
    25.0-180.0 180.0   5.0 450.0                            LAT/LON1/LON2/DLON/H
  160  149  137  125  114  104   95   89   84   79   76   72   70   68   68   67
   67   67   67   67   66   66   65   63   61   60   60   59   59   59   59   58
   58   58   57   56   54   53   51   50   49   50   49   47   46   46   47   51
   58   66   75   82   88   94  101  109  118  129  140  150  160  169  177  182
  185  185  184  183  183  181  176  169  160
    22.5-180.0 180.0   5.0 450.0                            LAT/LON1/LON2/DLON/H
  190  180  168  155  141  129  117  108   99   91   84   79   75   73   71   69
   68   67   66   66   65   65   65   63   63   62   63   63   64   64   63   63
   62   61   60   57   55   51   49   47   46   45   44   42   41   41   43   48
   56   66   75   84   91   98  106  116  127  140  151  162  172  183  191  197
  200  201  202  204  205  206  204  198  190
    20.0-180.0 180.0   5.0 450.0                            LAT/LON1/LON2/DLON/H
  220  211  200  186  172  157  143  130  118  107   96   88   83   78   75   73
   71   69   67   66   66   66   66   66   66   67   68   68   69   69   68   67
   65   63   61   58   53   49   46   43   41   39   37   36   34   35   38   45
   54   65   76   85   94  103  113  124  136  149  161  172  183  193  201  208
  211  214  217  220  225  227  228  225  220
    17.5-180.0 180.0   5.0 450.0                            LAT/LON1/LON2/DLON/H
  244  238  229  216  201  186  170  154  139  124  111  101   93   88   83   79
   76   73   71   69   69   70   71   71   72   72   73   73   74   73   72   70
   67   64   61   56   52   47   42   39   36   34   32   30   29   29   34   42
   53   65   77   87   97  107  119  132  145  158  169  180  191  200  208  214
  218  222  226  232  238  244  246  247  244
    15.0-180.0 180.0   5.0 450.0                            LAT/LON1/LON2/DLON/H
  260  257  250  240  226  210  194  177  159  141  127  115  106   98   93   88
   84   80   77   76   75   76   77   78   78   78   78   78   77   75   74   71
   68   64   60   55   50   45   40   36   32   30   29   26   26   27   32   41
   53   65   78   89  101  113  125  138  152  164  175  186  195  204  211  217
  221  226  232  238  246  253  258  260  260
    12.5-180.0 180.0   5.0 450.0                            LAT/LON1/LON2/DLON/H
  267  267  262  254  243  228  213  195  176  158  142  129  120  111  105  100
   95   91   87   85   84   84   85   85   84   84   82   81   79   76   74   72
   69   65   60   55   49   45   39   35   32   29   28   25   24   25   31   41
   54   67   80   92  104  117  131  145  158  170  180  189  198  205  212  217
  221  226  233  240  248  255  261  265  267
    10.0-180.0 180.0   5.0 450.0                            LAT/LON1/LON2/DLON/H
  266  267  264  259  250  238  225  208  190  172  156  143  133  126  119  113
  108  104  100   97   95   94   93   92   90   88   85   83   80   77   75   72
   70   65   61   56   51   46   41   36   33   31   29   27   26   27   33   43
   56   70   82   95  107  121  135  149  162  173  183  192  200  206  212  216
  221  226  232  239  246  253  258  263  266
     7.5-180.0 180.0   5.0 450.0                            LAT/LON1/LON2/DLON/H
  259  261  260  256  250  241  231  217  200  184  169  157  147  139  132  127
  122  118  114  110  106  103  101   97   94   90   87   83   80   77   75   73
   71   67   63   58   53   49   44   40   37   34   32   30   29   31   36   46
   59   72   84   97  110  124  139  153  165  176  186  194  201  208  212  217
  222  227  233  239  244  249  253  256  259
     5.0-180.0 180.0   5.0 450.0                            LAT/LON1/LON2/DLON/H
  253  254  253  251  247  241  233  222  208  193  180  169  160  152  145  140
  136  131  126  121  116  111  106  101   96   92   88   84   80   77   75   74
   72   70   65   60   56   52   49   44   41   39   37   35   34   35   41   50
   62   75   87   99  112  126  141  155  167  178  187  197  204  210  216  221
  226  231  236  241  244  247  249  251  253
     2.5-180.0 180.0   5.0 450.0                            LAT/LON1/LON2/DLON/H
  251  251  250  247  244  240  235  227  215  202  190  180  171  163  156  151
  147  142  137  130  123  116  109  103   96   92   87   83   80   78   76   76
   75   72   67   63   59   56   52   49   46   43   41   39   38   40   45   54
   66   77   88  100  113  127  142  155  167  179  190  200  208  215  221  228
  233  239  243  247  249  250  251  251  251
