sample_files/i/ionex/irtg0070.21i
     1.0            IONOSPHERE MAPS     GPS                 IONEX VERSION / TYPE
tecrms2ionex_4.awk  UPC-IonSAT          01/22/21 1001UT     PGM / RUN BY / DATE
Global ionosphere maps for day   7, 2021 ( 7- 1-2021)       DESCRIPTION
Contact address: Manuel Hernandez-Pajares                   DESCRIPTION
                 IonSAT research group                      DESCRIPTION
                 Technical Univ. of Catalonia (UPC-IonSAT)  DESCRIPTION
                 Mod. C3 Campus Nord UPC                    DESCRIPTION
                 E08034-Barcelona, SPAIN                    DESCRIPTION
                 e-mail:  manuel@ma4.upc.edu                DESCRIPTION
                                                            DESCRIPTION
  2021     1     7     0     0     0                        EPOCH OF FIRST MAP
  2021     1     7    23    40     0                        EPOCH OF LAST MAP
  1200                                                      INTERVAL
    72                                                      # OF MAPS IN FILE
  COSZ                                                      MAPPING FUNCTION
     0.0                                                    ELEVATION CUTOFF
    99                                                      # OF STATIONS
    33                                                      # OF SATELLITES
  6371.0                                                    BASE RADIUS
     2                                                      MAP DIMENSION
   450.0 450.0   0.0                                        HGT1 / HGT2 / DHGT
    87.5 -87.5  -2.5                                        LAT1 / LAT2 / DLAT
  -180.0 180.0   5.0                                        LON1 / LON2 / DLON
    -1                                                      EXPONENT
TEC values in  0.1 TECUs; 9999 if no value available        COMMENT
Validation with JASON: <TEC_JASON - TEC_GPS>  [TECU]        DESCRIPTION
         (reference day of year: 007)                       DESCRIPTION
                                                            DESCRIPTION
           Bias   Sigma     RMS    VTEC   %ERR    #OBS      DESCRIPTION
          -3.67    2.87    4.66    7.92   58.8   47431      DESCRIPTION
                                                            DESCRIPTION
UT(hours)  Bias   Sigma     RMS    VTEC   %ERR    #OBS      DESCRIPTION
   0.00   -2.86    1.67    3.31    5.21   63.6    1521      DESCRIPTION
   2.00   -4.16    3.29    5.31    7.36   72.1    5126      DESCRIPTION
   4.00   -3.60    2.53    4.40    8.91   49.4    4500      DESCRIPTION
   6.00   -2.86    3.58    4.59   12.52   36.6    3224      DESCRIPTION
   8.00   -4.14    2.42    4.79    8.81   54.4    3746      DESCRIPTION
  10.00   -3.76    2.08    4.30    4.22  102.0    3386      DESCRIPTION
  12.00   -4.81    2.32    5.34    5.81   91.9    4033      DESCRIPTION
  14.00   -3.88    2.27    4.50    8.26   54.4    4223      DESCRIPTION
  16.00   -3.19    2.29    3.93    6.27   62.6    3656      DESCRIPTION
  18.00   -3.23    2.43    4.04    7.66   52.8    3862      DESCRIPTION
  20.00   -4.40    2.89    5.26    7.85   67.1    4412      DESCRIPTION
  22.00   -3.04    3.54    4.67    9.52   49.1    3872      DESCRIPTION
  24.00   -1.90    4.02    4.45   10.67   41.7    1870      DESCRIPTION
                                                            DESCRIPTION
Lat(deg)   Bias   Sigma     RMS    VTEC   %ERR    #OBS      DESCRIPTION
 -60.00   -2.77    1.87    3.34    6.74   49.6   12612      DESCRIPTION
 -40.00   -4.22    2.36    4.83    6.66   72.6    9760      DESCRIPTION
 -20.00   -4.56    3.79    5.94   12.01   49.4    6887      DESCRIPTION
   0.00   -4.78    2.89    5.58   11.48   48.6    6062      DESCRIPTION
  20.00   -3.79    3.78    5.35    8.93   59.9    5636      DESCRIPTION
  40.00   -2.84    2.05    3.50    4.59   76.2    3915      DESCRIPTION
  60.00   -1.97    1.80    2.67    1.96  136.6    2559      DESCRIPTION
                                                            END OF HEADER
[from data line 9009]
    22                                                      START OF TEC MAP
  2021     1     7     7     0     0                        EPOCH OF CURRENT MAP
    87.5-180.0 180.0   5.0 450.0                            LAT/LON1/LON2/DLON/H
   22   22   22   22   22   22   21   21   21   21   21   21   21   20   20   20
   20   20   19   19   19   19   19   19   19   19   19   19   19   19   19   19
   19   19   20   20   20   20   20   20   20   20   20   20   20   20   20   21
   21   21   21   21   21   21   21   21   21   21   21   21   22   22   22   22
   22   22   22   22   22   22   22   22   22
    85.0-180.0 180.0   5.0 450.0                            LAT/LON1/LON2/DLON/H
   24   23   23   23   23   23   22   22   22   21   21   20   20   19   19   18
   18   18   18   17   17   17   17   17   17   17   17   18   18   18   18   19
   19   19   19   19   19   19   20   20   20   20   20   20   20   20   20   20
   20   20   21   21   21   20   21   21   21   21   21   21   22   22   22   22
   22   22   23   23   23   23   23   23   24
    82.5-180.0 180.0   5.0 450.0                            LAT/LON1/LON2/DLON/H
   24   24   24   24   24   23   23   23   22   21   20   20   19   18   17   17
   16   15   15   15   14   15   15   15   15   15   16   16   17   17   18   18
   18   19   19   19   19   19   20   19   20   20   20   20   20   20   20   20
   20   20   20   21   21   21   21   21   21   21   21   21   21   21   21   22
   22   22   22   23   22   23   23   24   24
    80.0-180.0 180.0   5.0 450.0                            LAT/LON1/LON2/DLON/H
   23   24   24   24   24   24   23   23   22   21   20   19   18   16   16   14
   14   13   13   13   12   12   13   13   13   14   14   15   16   16   17   18
   18   19   19   19   19   19   19   20   19   19   20   19   20   20   20   21
   21   21   21   21   21   21   21   21   21   21   21   21   21   21   21   21
   21   21   22   22   22   22   23   23   23
    77.5-180.0 180.0   5.0 450.0                            LAT/LON1/LON2/DLON/H
   22   23   23   23   23   23   23   22   21   20   19   18   17   15   14   13
   12   12   11   11   11   12   12   13   13   13   14   15   16   17   18   18
   19   19   19   19   20   19   19   19   19   19   19   19   20   20   21   21
   22   23   23   23   23   23   23   23   23   23   22   22   22   21   21   20
   20   20   20   20   20   20   21   22   22
    75.0-180.0 180.0   5.0 450.0                            LAT/LON1/LON2/DLON/H
   20   21   21   21   22   22   21   21   20   19   18   17   16   14   13   13
   12   12   12   11   12   11   12   12   13   14   15   15   17   17   18   18
   19   19   19   19   19   19   18   18   18   18   18   19   20   21   22   23
   24   25   26   26   27   27   27   27   26   26   25   24   23   22   21   20
   20   19   19   18   18   18   19   19   20
    72.5-180.0 180.0   5.0 450.0                            LAT/LON1/LON2/DLON/H
   17   17   18   19   19   20   20   20   19   18   17   16   15   14   13   12
   12   12   12   12   12   13   13   14   14   14   15   16   17   17   18   18
   19   18   19   18   17   17   16   17   17   17   18   19   20   22   24   25
   27   28   30   31   32   32   32   32   30   30   29   27   26   24   23   21
   20   19   18   17   16   16   16   17   17
    70.0-180.0 180.0   5.0 450.0                            LAT/LON1/LON2/DLON/H
   14   15   15   16   17   17   17   18   17   17   16   15   15   14   13   13
   13   13   14   14   14   15   15   15   15   15   15   16   16   17   17   18
   18   17   17   17   15   15   15   15   16   17   18   20   22   24   27   29
   31   33   35   36   37   37   37   37   36   35   33   32   29   28   26   24
   22   20   18   17   15   15   14   14   14
    67.5-180.0 180.0   5.0 450.0                            LAT/LON1/LON2/DLON/H
   13   13   13   14   14   15   16   16   16   16   15   15   14   14   14   14
   14   15   15   15   16   16   16   16   15   15   15   15   16   17   17   17
   17   17   16   15   14   14   13   14   15   17   19   22   25   28   31   33
   36   39   40   42   43   43   43   43   41   40   38   36   34   32   29   27
   24   22   20   18   16   14   13   13   13
    65.0-180.0 180.0   5.0 450.0                            LAT/LON1/LON2/DLON/H
   12   12   12   12   13   14   15   15   15   16   15   15   15   15   15   15
   15   16   16   17   17   17   17   16   16   15   15   15   16   16   17   17
   16   16   15   14   13   13   14   14   16   19   22   25   29   32   35   39
   42   45   46   48   49   50   49   49   47   46   44   41   39   36   34   31
   28   25   22   20   17   15   14   13   12
    62.5-180.0 180.0   5.0 450.0                            LAT/LON1/LON2/DLON/H
   13   13   13   13   14   14   15   16   16   16   16   16   16   15   16   16
   16   16   17   17   17   17   17   16   16   15   15   16   16   17   17   17
   17   17   15   15   14   14   15   16   19   22   26   30   34   38   41   45
   48   50   53   55   56   56   56   55   53   51   49   47   44   41   38   35
   32   29   25   22   20   17   15   14   13
    60.0-180.0 180.0   5.0 450.0                            LAT/LON1/LON2/DLON/H
   16   15   15   15   15   16   16   16   17   17   17   17   17   17   17   17
   17   17   17   17   17   17   17   16   17   16   17   17   18   18   19   19
   19   18   18   17   16   17   18   20   24   28   32   36   40   44   48   51
   54   57   59   61   62   63   62   61   60   58   55   52   50   47   43   40
   36   33   29   25   23   20   18   17   16
    57.5-180.0 180.0   5.0 450.0                            LAT/LON1/LON2/DLON/H
   19   19   18   18   18   18   18   19   18   19   19   18   18   18   18   18
   18   18   18   18   17   18   18   18   18   19   20   20   21   22   22   23
   22   22   21   20   20   21   23   26   30   34   39   44   48   51   55   58
   61   64   66   68   69   70   69   68   66   64   61   58   56   52   49   45
   41   37   33   29   27   24   22   20   19
    55.0-180.0 180.0   5.0 450.0                            LAT/LON1/LON2/DLON/H
   24   23   23   23   22   22   21   21   21   21   21   21   20   20   20   20
   19   19   19   19   19   20   20   21   22   23   24   25   26   27   27   27
   27   26   26   25   25   27   29   33   38   42   47   52   56   59   63   65
   68   71   73   76   77   77   77   75   73   70   68   65   62   58   54   50
   46   41   37   34   30   28   26   25   24
    52.5-180.0 180.0   5.0 450.0                            LAT/LON1/LON2/DLON/H
   28   28   28   27   27   26   25   25   24   24   24   24   24   23   23   23
   22   23   23   23   23   24   25   27   28   30   31   32   33   33   33   32
   32   31   31   30   31   33   36   41   46   51   56   60   64   67   70   73
   76   78   81   83   84   84   83   81   79   76   73   71   67   64   60   56
   51   46   42   38   35   32   30   29   28
    50.0-180.0 180.0   5.0 450.0                            LAT/LON1/LON2/DLON/H
   33   33   33   32   32   30   30   29   28   28   27   27   26   27   26   27
   27   27   28   29   30   31   33   35   36   38   39   40   39   39   39   38
   38   37   37   37   38   40   44   48   54   59   64   69   73   76   79   81
   83   86   88   89   90   90   89   87   84   81   78   76   72   69   65   61
   56   51   47   43   40   37   35   34   33
    47.5-180.0 180.0   5.0 450.0                            LAT/LON1/LON2/DLON/H
   37   37   37   37   36   35   34   33   32   32   32   31   31   31   31   32
   33   34   35   36   38   40   42   44   46   47   48   47   47   46   44   43
   42   42   41   42   44   46   51   56   62   67   72   77   81   84   87   89
   91   92   94   95   95   95   93   91   88   85   82   79   77   74   70   66
   61   57   52   48   44   42   40   38   37
    45.0-180.0 180.0   5.0 450.0                            LAT/LON1/LON2/DLON/H
   41   41   41   40   40   39   38   38   37   37   37   36   36   36   37   38
   40   42   44   46   48   50   52   54   55   55   55   54   52   51   49   48
   46   46   46   47   49   53   57   63   69   75   80   84   88   91   94   96
   97   98   99   99   99   97   96   92   90   86   84   81   80   77   75   71
   66   62   57   53   50   47   44   42   41
    42.5-180.0 180.0   5.0 450.0                            LAT/LON1/LON2/DLON/H
   45   44   43   43   43   42   42   42   42   42   42   42   42   42   43   45
   47   49   52   55   57   60   61   63   63   62   61   59   57   54   52   51
   50   49   50   51   54   58   63   69   75   81   86   91   95   98  101  102
  104  104  103  102  101  100   97   94   91   88   85   83   82   80   78   74
   71   67   63   58   54   51   49   46   45
    40.0-180.0 180.0   5.0 450.0                            LAT/LON1/LON2/DLON/H
   47   46   45   45   45   45   45   46   46   47   47   47   47   48   49   51
   54   57   60   63   66   68   69   69   68   67   64   62   59   56   54   53
   52   51   52   54   58   63   68   74   81   87   92   97  101  105  107  109
  109  108  107  106  104  102   99   96   92   89   87   85   84   82   80   78
   75   71   67   63   59   55   51   49   47
    37.5-180.0 180.0   5.0 450.0                            LAT/LON1/LON2/DLON/H
   48   47   46   46   46   46   47   48   50   51   52   52   52   53   55   57
   60   63   66   69   72   74   74   73   71   68   66   62   60   57   55   54
   53   53   54   56   61   66   72   79   86   92   97  102  107  110  113  114
  115  114  113  111  109  107  104  101   97   94   92   90   88   86   83   81
   78   74   71   66   62   58   54   51   48
    35.0-180.0 180.0   5.0 450.0                            LAT/LON1/LON2/DLON/H
   50   48   47   46   46   46   48   50   52   54   55   55   56   58   59   62
   65   67   71   74   76   77   76   74   71   67   65   62   59   57   55   54
   53   53   54   58   62   69   76   83   90   96  102  107  112  116  119  121
  122  122  121  120  118  116  113  110  107  104  101   98   95   92   88   85
   82   78   74   69   65   60   56   52   50
    32.5-180.0 180.0   5.0 450.0                            LAT/LON1/LON2/DLON/H
   50   48   47   47   46   47   48   50   53   55   56   57   59   60   63   65
   68   70   72   75   77   77   75   73   69   65   62   60   57   55   54   53
   52   52   54   58   64   71   78   85   93  100  106  112  117  122  125  128
  131  133  133  133  132  130  128  126  123  120  116  112  106  101   96   91
   87   82   77   72   66   61   57   53   50
    30.0-180.0 180.0   5.0 450.0                            LAT/LON1/LON2/DLON/H
   51   49   48   47   47   47   48   50   52   55   56   58   59   62   65   67
   69   71   73   75   76   76   73   70   65   62   59   56   55   54   53   52
   51   51   53   58   65   72   80   88   96  103  110  117  123  129  133  138
  143  147  149  151  151  150  149  148  145  142  137  131  123  114  107  100
   94   89   83   76   70   64   58   54   51
    27.5-180.0 180.0   5.0 450.0                            LAT/LON1/LON2/DLON/H
   54   52   50   49   48   48   48   50   51   54   55   56   58   61   65   68
   70   71   72   73   74   73   70   66   62   58   55   54   53   52   51   50
   49   49   52   58   65   73   82   90   98  106  115  123  130  137  143  151
  158  164  169  172  174  174  174  173  172  169  163  155  145  133  121  113
  105   99   91   83   75   67   62   57   54
    25.0-180.0 180.0   5.0 450.0                            LAT/LON1/LON2/DLON/H
   59   56   55   53   51   50   49   50   51   52   52   54   56   60   64   67
   68   69   70   70   71   70   67   63   59   55   53   51   50   50   49   47
   46   47   51   57   65   74   84   92  101  110  120  130  139  147  155  165
  175  184  191  195  198  199  200  201  200  196  190  181  168  153  140  128
  119  111  102   93   83   74   68   62   59
    22.5-180.0 180.0   5.0 450.0                            LAT/LON1/LON2/DLON/H
   66   63   60   58   56   53   52   51   51   51   51   51   54   58   62   65
   67   68   68   68   69   67   65   61   57   53   50   48   48   47   47   45
   44   46   49   57   66   76   86   95  105  115  127  138  149  159  169  181
  192  203  212  217  220  223  224  225  225  222  216  206  192  175  160  147
  137  128  118  107   95   85   76   70   66
    20.0-180.0 180.0   5.0 450.0                            LAT/LON1/LON2/DLON/H
   75   71   68   64   62   58   56   54   53   51   50   50   52   56   60   64
   65   66   66   66   67   66   63   60   56   52   49   47   46   45   45   43
   42   44   49   58   68   78   89   99  110  122  134  147  160  172  183  196
  208  220  229  235  239  241  243  245  244  243  237  227  213  196  180  166
  156  146  136  123  110   98   88   81   75
    17.5-180.0 180.0   5.0 450.0                            LAT/LON1/LON2/DLON/H
   87   81   76   72   68   64   61   58   56   53   52   51   52   55   59   62
   64   64   65   66   66   65   63   60   56   52   48   45   44   43   43   42
   41   44   50   60   71   82   92  104  116  129  143  158  171  184  196  209
  221  233  242  247  251  253  255  256  257  255  251  243  230  214  198  184
  174  165  154  141  128  114  103   94   87
    15.0-180.0 180.0   5.0 450.0                            LAT/LON1/LON2/DLON/H
   98   91   85   79   74   70   66   64   60   58   55   53   53   55   59   61
   64   64   65   65   66   65   63   60   56   52   48   44   43   42   42   40
   41   44   51   63   74   86   97  109  122  136  152  167  181  194  207  219
  230  241  248  253  256  258  260  261  261  261  258  251  241  227  213  201
  191  183  173  160  146  131  118  107   98
    12.5-180.0 180.0   5.0 450.0                            LAT/LON1/LON2/DLON/H
  110  100   92   85   80   75   72   69   66   62   60   57   56   57   59   62
   64   64   64   65   65   65   63   60   57   52   47   44   42   42   41   40
   40   45   54   66   78   90  102  114  128  143  160  175  189  202  214  225
  235  244  250  253  256  258  260  261  261  261  259  255  248  237  225  215
  206  198  188  176  162  147  133  120  110
    10.0-180.0 180.0   5.0 450.0                            LAT/LON1/LON2/DLON/H
  119  108   97   90   84   79   76   73   70   68   64   61   59   59   61   63
   64   65   65   66   66   65   63   60   56   52   47   43   42   41   41   40
   41   46   56   69   82   94  106  120  134  149  165  181  194  207  218  227
  235  242  248  251  254  256  258  259  259  258  257  256  251  244  235  225
  217  209  201  189  175  160  145  132  119
     7.5-180.0 180.0   5.0 450.0                            LAT/LON1/LON2/DLON/H
  126  114  102   92   86   82   79   77   74   71   68   65   63   62   63   64
   65   66   66   66   66   64   62   60   56   51   46   43   42   42   41   40
   41   47   58   72   85   97  110  123  137  153  168  183  196  208  218  226
  233  239  244  248  252  256  259  259  258  257  257  257  255  250  242  233
  225  217  208  197  184  169  155  140  126
     5.0-180.0 180.0   5.0 450.0                            LAT/LON1/LON2/DLON/H
  131  118  105   95   88   83   81   78   76   73   71   68   66   64   65   65
   67   67   66   66   65   63   61   59   55   51   46   43   42   42   41   40
   42   48   60   74   87   99  111  125  139  154  169  182  195  206  216  224
  231  237  243  248  254  259  263  263  262  260  260  261  260  256  249  240
  231  222  213  202  189  175  161  146  131
     2.5-180.0 180.0   5.0 450.0                            LAT/LON1/LON2/DLON/H
  135  120  107   96   89   84   81   79   77   74   72   69   67   66   66   67
   67   67   67   65   64   62   60   57   54   50   46   43   42   42   40   39
   41   49   61   75   88  100  112  125  139  153  166  179  192  203  213  221
  229  236  244  251  260  267  272  273  271  269  268  268  268  264  256  246
  236  225  215  204  191  178  164  150  135
