sample_files/i/ionex/irtg0010.21i
     1.0            IONOSPHERE MAPS     GPS                 IONEX VERSION / TYPE
tecrms2ionex_4.awk  UPC-IonSAT          06/17/21  206UT     PGM / RUN BY / DATE
Global ionosphere maps for day   1, 2021 ( 1- 1-2021)       DESCRIPTION
Contact address: Manuel Hernandez-Pajares                   DESCRIPTION
                 IonSAT research group                      DESCRIPTION
                 Technical Univ. of Catalonia (UPC-IonSAT)  DESCRIPTION
                 Mod. C3 Campus Nord UPC                    DESCRIPTION
                 E08034-Barcelona, SPAIN                    DESCRIPTION
                 e-mail:  manuel@ma4.upc.edu                DESCRIPTION
                                                            DESCRIPTION
  2021     1     1     1    35     0                        EPOCH OF FIRST MAP
  2021     1     1    23    35     0                        EPOCH OF LAST MAP
  1200                                                      INTERVAL
    67                                                      # OF MAPS IN FILE
  COSZ                                                      MAPPING FUNCTION
     0.0                                                    ELEVATION CUTOFF
    99                                                      # OF STATIONS
    33                                                      # OF SATELLITES
  6371.0                                                    BASE RADIUS
     2                                                      MAP DIMENSION
   450.0 450.0   0.0                                        HGT1 / HGT2 / DHGT
    87.5 -87.5  -2.5                                        LAT1 / LAT2 / DLAT
  -180.0 180.0   5.0                                        LON1 / LON2 / DLON
    -1                                                      EXPONENT
TEC values in  0.1 TECUs; 9999 if no value available        COMMENT
Validation with JASON: <TEC_JASON - TEC_GPS>  [TECU]        DESCRIPTION
         (reference day of year: 001)                       DESCRIPTION
                                                            DESCRIPTION
           Bias   Sigma     RMS    VTEC   %ERR    #OBS      DESCRIPTION
          -2.72    3.35    4.31   10.13   42.6   45699      DESCRIPTION
                                                            DESCRIPTION
UT(hours)  Bias   Sigma     RMS    VTEC   %ERR    #OBS      DESCRIPTION
   2.00   -1.91    3.09    3.64   12.14   30.0    3413      DESCRIPTION
   4.00   -2.47    2.93    3.83    8.39   45.7    4902      DESCRIPTION
   6.00   -1.55    2.52    2.95   10.82   27.3    3548      DESCRIPTION
   8.00   -2.03    3.43    3.99   16.17   24.7    2698      DESCRIPTION
  10.00   -2.74    3.25    4.25    9.71   43.7    4667      DESCRIPTION
  12.00   -2.98    2.67    4.00    5.12   78.2    3639      DESCRIPTION
  14.00   -4.05    2.99    5.03    8.25   61.0    4371      DESCRIPTION
  16.00   -3.25    3.44    4.73   11.00   43.0    4537      DESCRIPTION
  18.00   -2.86    2.63    3.89    6.87   56.6    3055      DESCRIPTION
  20.00   -3.60    2.96    4.66    8.82   52.8    4882      DESCRIPTION
  22.00   -2.61    3.27    4.18   11.25   37.2    4063      DESCRIPTION
  24.00   -0.95    6.46    6.53   20.10   32.5    1924      DESCRIPTION
                                                            DESCRIPTION
Lat(deg)   Bias   Sigma     RMS    VTEC   %ERR    #OBS      DESCRIPTION
 -60.00   -1.41    2.51    2.88    9.20   31.3   11143      DESCRIPTION
 -40.00   -2.30    2.35    3.29    9.37   35.1    9346      DESCRIPTION
 -20.00   -2.83    5.02    5.77   16.82   34.3    6453      DESCRIPTION
   0.00   -4.88    3.61    6.07   13.35   45.4    6357      DESCRIPTION
  20.00   -3.49    3.26    4.77   10.60   45.0    5597      DESCRIPTION
  40.00   -3.25    2.14    3.89    3.88  100.2    4519      DESCRIPTION
  60.00   -1.61    1.74    2.37    1.07  221.5    2284      DESCRIPTION
                                                            END OF HEADER
[from data line 23595]
    56                                                      START OF TEC MAP
  2021     1     1    19    55     0                        EPOCH OF CURRENT MAP
    87.5-180.0 180.0   5.0 450.0                            LAT/LON1/LON2/DLON/H
   19   19   19   19   20   20   20   20   20   21   21   21   21   21   21   21
   21   21   21   21   21   21   21   21   21   20   20   20   20   20   20   20
   20   19   19   19   19   19   19   19   18   18   18   18   18   18   18   18
   18   18   18   18   18   18   18   18   18   18   18   18   18   18   17   18
   18   18   18   18   18   18   18   19   19
    85.0-180.0 180.0   5.0 450.0                            LAT/LON1/LON2/DLON/H
   17   18   18   18   19   19   20   21   21   22   22   23   23   24   24   24
   24   24   24   24   24   23   23   23   23   22   22   21   21   20   21   20
   20   19   19   19   18   18   18   18   18   18   18   18   18   18   19   18
   18   18   18   19   18   18   18   18   18   18   17   17   18   18   18   17
   17   17   17   18   17   17   17   17   17
    82.5-180.0 180.0   5.0 450.0                            LAT/LON1/LON2/DLON/H
   16   17   17   18   18   19   20   21   22   23   24   25   26   27   27   28
   28   28   28   28   27   26   26   24   24   23   23   22   21   21   20   20
   19   19   19   19   19   19   19   19   19   18   18   18   18   19   19   19
   19   19   19   19   19   19   19   19   19   19   19   19   19   18   18   17
   17   17   16   16   16   16   16   16   16
    80.0-180.0 180.0   5.0 450.0                            LAT/LON1/LON2/DLON/H
   15   15   16   17   18   19   20   22   23   25   27   28   29   31   32   32
   32   32   32   31   29   29   27   26   24   23   23   21   21   20   20   19
   19   19   19   19   19   18   18   18   19   19   19   19   19   19   19   20
   20   20   20   20   20   20   21   21   20   20   20   19   19   19   19   18
   18   17   16   16   16   16   15   15   15
    77.5-180.0 180.0   5.0 450.0                            LAT/LON1/LON2/DLON/H
   14   15   15   16   17   19   20   23   24   27   29   31   33   34   36   36
   36   36   35   34   32   30   29   27   25   23   21   21   20   19   19   19
   19   19   19   19   19   19   19   19   19   19   19   19   19   19   20   20
   20   21   21   22   21   21   22   22   21   21   20   20   20   20   19   19
   19   18   17   16   16   15   15   14   14
    75.0-180.0 180.0   5.0 450.0                            LAT/LON1/LON2/DLON/H
   14   15   15   16   18   19   21   24   27   29   32   34   36   39   39   40
   40   39   38   37   35   32   30   27   24   22   20   19   19   18   18   18
   19   19   20   20   20   19   19   19   19   19   19   19   18   19   20   21
   21   21   22   22   22   22   22   22   21   21   21   21   21   20   20   20
   20   19   18   17   17   16   15   15   14
    72.5-180.0 180.0   5.0 450.0                            LAT/LON1/LON2/DLON/H
   16   16   17   18   19   21   24   27   30   32   36   38   41   43   44   44
   45   44   42   40   37   33   31   27   24   21   19   18   17   17   17   18
   19   19   20   20   20   20   19   18   18   18   18   18   18   18   19   20
   20   21   22   22   22   22   22   21   21   21   21   20   20   20   20   20
   20   20   19   18   18   16   16   15   16
    70.0-180.0 180.0   5.0 450.0                            LAT/LON1/LON2/DLON/H
   17   17   19   20   22   24   27   30   34   38   40   44   46   48   49   50
   49   48   46   43   39   35   32   27   24   21   19   17   16   15   16   17
   18   19   20   20   19   19   18   17   16   16   16   16   16   17   18   19
   20   21   22   22   21   21   21   20   19   19   19   19   19   20   20   20
   20   20   19   19   18   17   17   16   17
    67.5-180.0 180.0   5.0 450.0                            LAT/LON1/LON2/DLON/H
   18   20   21   23   27   30   33   36   40   44   47   50   52   53   55   55
   54   52   50   46   42   38   34   29   25   21   19   17   15   15   16   16
   17   18   18   18   18   17   17   15   14   14   14   14   15   16   18   18
   19   20   21   21   20   19   18   18   17   17   17   18   18   18   19   19
   19   19   19   19   18   17   17   18   18
    65.0-180.0 180.0   5.0 450.0                            LAT/LON1/LON2/DLON/H
   20   22   25   28   31   35   40   43   47   50   54   56   58   60   61   61
   60   57   55   51   46   42   37   33   28   24   21   18   16   15   15   15
   16   16   17   17   17   16   14   14   13   13   13   14   15   16   17   19
   19   19   19   19   19   18   17   16   16   15   16   16   17   17   18   19
   19   19   19   18   18   17   17   18   20
    62.5-180.0 180.0   5.0 450.0                            LAT/LON1/LON2/DLON/H
   21   24   28   33   37   42   46   50   54   58   61   64   65   67   68   68
   66   64   61   57   52   47   42   37   32   28   24   20   18   16   15   14
   15   16   15   15   15   14   14   13   12   13   13   14   15   17   18   20
   20   20   20   19   19   18   17   16   16   15   15   16   16   17   17   18
   18   18   17   17   17   17   18   19   21
    60.0-180.0 180.0   5.0 450.0                            LAT/LON1/LON2/DLON/H
   24   28   33   38   44   49   53   58   61   65   68   70   73   74   75   75
   73   71   68   63   59   53   49   43   38   33   29   25   22   19   17   16
   16   15   15   15   15   15   14   14   15   15   16   17   19   20   20   21
   22   22   21   21   20   19   18   18   17   17   17   17   17   17   18   18
   18   18   17   17   16   17   18   20   24
    57.5-180.0 180.0   5.0 450.0                            LAT/LON1/LON2/DLON/H
   26   32   37   43   50   56   61   65   69   71   74   76   79   80   82   82
   81   79   75   71   66   61   56   50   46   40   36   31   28   24   21   19
   18   17   17   17   17   17   18   19   19   20   22   22   23   25   25   25
   25   25   25   24   24   23   22   21   21   21   20   20   20   20   20   20
   20   20   19   18   17   18   19   22   26
    55.0-180.0 180.0   5.0 450.0                            LAT/LON1/LON2/DLON/H
   30   36   43   50   56   63   68   72   76   78   80   82   84   86   87   88
   87   85   82   78   73   69   63   59   54   49   44   39   35   30   27   24
   23   22   22   22   21   22   23   24   26   27   29   29   30   31   31   31
   31   30   30   30   29   28   28   28   27   26   26   25   25   25   24   24
   24   22   21   20   19   20   22   25   30
    52.5-180.0 180.0   5.0 450.0                            LAT/LON1/LON2/DLON/H
   35   42   49   56   63   70   75   79   82   84   86   87   89   91   92   93
   93   91   88   85   80   76   71   67   63   58   53   48   43   38   34   31
   29   27   27   27   28   29   30   32   34   35   36   37   38   38   38   38
   38   38   37   37   37   37   36   36   35   34   33   33   32   31   30   29
   28   26   24   23   23   23   26   29   35
    50.0-180.0 180.0   5.0 450.0                            LAT/LON1/LON2/DLON/H
   41   48   55   63   71   77   83   86   90   92   92   93   94   94   95   97
   97   96   94   91   87   83   79   75   72   67   62   57   51   46   42   38
   36   35   34   34   36   37   38   40   42   43   45   45   45   46   45   45
   45   45   45   45   45   44   44   44   44   43   42   40   39   38   37   35
   33   31   29   28   27   28   31   35   41
    47.5-180.0 180.0   5.0 450.0                            LAT/LON1/LON2/DLON/H
   48   55   63   71   78   85   90   94   97   99  100  100   99   99   99  100
  100  100   99   96   93   90   87   84   80   76   71   65   59   54   49   45
   43   42   41   42   43   44   46   48   50   51   52   52   53   53   53   53
   54   54   54   53   53   53   53   53   53   52   50   49   46   45   43   41
   39   36   34   32   32   33   37   41   48
    45.0-180.0 180.0   5.0 450.0                            LAT/LON1/LON2/DLON/H
   54   62   69   77   84   91   97  102  106  108  108  107  106  104  103  103
  103  103  102  101   99   96   94   91   88   84   79   73   66   60   55   51
   49   49   48   49   50   52   53   55   57   58   59   59   59   59   59   60
   61   61   61   61   61   61   61   60   60   59   58   56   53   52   49   46
   43   40   38   36   36   38   42   48   54
    42.5-180.0 180.0   5.0 450.0                            LAT/LON1/LON2/DLON/H
   61   68   75   82   90   97  104  110  114  117  117  116  114  111  109  107
  107  107  106  106  104  103  101   98   95   91   86   79   72   65   59   56
   54   53   53   55   56   57   59   61   62   63   64   64   64   65   65   66
   67   67   67   67   66   66   67   67   66   66   64   62   59   56   54   50
   46   43   40   38   40   42   47   54   61
    40.0-180.0 180.0   5.0 450.0                            LAT/LON1/LON2/DLON/H
   66   73   80   87   94  101  109  116  121  125  126  126  123  119  116  113
  112  111  111  111  110  109  107  106  102   98   92   84   76   68   63   59
   58   58   59   60   61   63   64   66   67   68   68   68   69   69   70   70
   71   72   71   71   70   70   70   70   71   70   69   65   63   60   57   53
   48   44   42   41   42   46   52   59   66
    37.5-180.0 180.0   5.0 450.0                            LAT/LON1/LON2/DLON/H
   71   78   84   90   97  105  112  120  127  132  135  135  132  128  124  120
  118  117  116  117  117  116  114  112  109  104   97   89   79   72   66   63
   63   64   64   65   67   68   69   71   71   72   72   73   73   73   74   74
   74   74   73   72   72   71   72   72   73   72   70   68   65   62   58   54
   50   46   43   42   44   49   56   63   71
    35.0-180.0 180.0   5.0 450.0                            LAT/LON1/LON2/DLON/H
   76   83   89   95  100  107  114  122  130  137  140  142  140  136  131  127
  125  123  123  124  124  123  121  119  115  110  102   93   85   77   71   69
   69   70   72   73   74   75   75   76   76   76   77   77   78   77   76   76
   76   75   73   73   71   72   72   72   73   73   71   69   66   63   59   55
   51   47   44   44   47   53   61   69   76
    32.5-180.0 180.0   5.0 450.0                            LAT/LON1/LON2/DLON/H
   82   89   95  100  104  109  116  124  132  139  144  146  146  143  139  135
  132  131  131  130  130  129  128  125  121  116  108  100   91   84   79   78
   78   80   81   82   82   82   82   82   82   82   82   81   81   80   78   77
   76   75   73   72   71   70   71   72   73   72   70   68   65   63   60   57
   52   48   46   46   51   58   66   75   82
    30.0-180.0 180.0   5.0 450.0                            LAT/LON1/LON2/DLON/H
   91   97  102  107  111  115  120  126  133  140  145  148  149  148  145  142
  140  139  138  138  137  136  134  131  127  123  116  109  101   95   91   90
   90   92   93   93   91   90   89   88   87   87   86   85   84   82   79   78
   75   74   72   70   69   69   69   70   70   70   68   66   64   62   60   57
   54   50   49   50   55   63   73   82   91
    27.5-180.0 180.0   5.0 450.0                            LAT/LON1/LON2/DLON/H
  100  107  113  117  121  123  127  131  136  141  146  149  152  151  151  148
  148  146  145  145  143  142  140  138  135  131  126  120  115  110  106  106
  106  106  106  104  101   98   95   93   91   90   89   88   86   83   80   77
   74   72   71   69   68   67   67   68   68   67   65   63   61   60   59   58
   56   53   52   55   61   70   80   91  100
    25.0-180.0 180.0   5.0 450.0                            LAT/LON1/LON2/DLON/H
  111  119  126  131  135  137  138  140  143  146  149  152  155  156  156  155
  154  154  153  152  150  149  147  146  143  142  139  135  131  127  125  124
  123  122  119  115  110  105  100   96   94   91   90   88   85   82   78   74
   72   71   69   68   67   66   65   65   64   63   61   59   58   58   58   58
   57   56   56   60   67   78   89  101  111
    22.5-180.0 180.0   5.0 450.0                            LAT/LON1/LON2/DLON/H
  122  132  141  147  152  154  154  155  155  156  157  159  161  162  163  164
  163  163  161  159  157  155  155  154  154  154  153  152  150  147  144  142
  138  135  129  123  116  108  103   98   93   90   88   86   83   79   75   72
   70   69   68   67   65   64   63   62   60   59   56   54   54   54   55   56
   57   57   59   65   73   85   98  110  122
    20.0-180.0 180.0   5.0 450.0                            LAT/LON1/LON2/DLON/H
  132  144  155  165  171  175  175  174  173  173  172  173  173  175  175  175
  174  172  170  167  165  164  164  164  166  168  170  170  169  167  162  157
  151  144  137  127  118  109  102   96   91   88   84   81   78   73   71   68
   67   68   67   66   64   62   60   59   57   54   52   50   49   50   52   54
   56   58   61   68   78   91  105  119  132
    17.5-180.0 180.0   5.0 450.0                            LAT/LON1/LON2/DLON/H
  140  155  168  180  190  196  198  197  197  195  194  192  192  191  191  191
  189  186  181  178  175  174  175  178  181  184  187  188  188  185  178  170
  160  150  139  128  117  108  100   93   87   83   79   75   71   68   65   64
   64   65   65   65   63   60   58   56   54   52   49   46   46   47   48   51
   53   56   61   69   81   96  111  126  140
    15.0-180.0 180.0   5.0 450.0                            LAT/LON1/LON2/DLON/H
  146  162  179  194  206  215  220  222  222  221  220  218  216  214  212  211
  207  203  196  191  188  187  189  192  196  201  204  206  205  199  190  178
  165  152  138  126  115  105   98   90   85   80   75   71   66   63   60   61
   62   64   64   63   62   59   57   55   53   50   47   44   43   44   45   47
   50   54   60   70   83   99  114  131  146
    12.5-180.0 180.0   5.0 450.0                            LAT/LON1/LON2/DLON/H
  151  168  187  204  219  230  239  244  247  248  248  246  244  241  238  235
  229  222  215  208  204  203  205  209  213  217  220  222  219  212  199  184
  168  151  137  124  113  104   97   90   84   78   74   68   64   60   59   59
   61   63   64   64   61   59   57   56   53   50   47   44   42   42   43   44
   46   51   58   70   84  100  117  134  151
    10.0-180.0 180.0   5.0 450.0                            LAT/LON1/LON2/DLON/H
  154  172  192  210  227  241  253  261  268  272  273  272  270  268  264  260
  253  244  236  228  222  221  223  226  230  233  235  235  231  222  207  190
  171  152  137  125  114  107  100   94   88   82   76   70   65   61   59   60
   62   65   65   65   63   61   59   57   55   53   49   46   43   42   41   42
   45   49   58   71   86  103  120  137  154
     7.5-180.0 180.0   5.0 450.0                            LAT/LON1/LON2/DLON/H
  157  175  194  214  232  247  260  272  282  289  293  294  293  291  289  284
  277  267  257  248  243  240  241  243  245  248  248  247  242  231  216  196
  176  158  142  130  120  113  107  102   96   90   84   77   71   67   66   66
   68   69   69   69   66   65   64   61   60   56   52   49   46   44   43   42
   44   49   59   72   89  106  123  140  157
     5.0-180.0 180.0   5.0 450.0                            LAT/LON1/LON2/DLON/H
  161  179  197  216  233  249  264  278  290  299  304  307  309  309  307  303
  297  288  278  269  263  259  259  260  260  260  259  257  252  241  225  207
  187  168  153  141  132  126  120  114  109  103   96   89   82   78   76   76
   77   77   76   75   73   71   69   68   65   61   57   54   50   48   45   44
   46   51   62   76   93  110  127  144  161
     2.5-180.0 180.0   5.0 450.0                            LAT/LON1/LON2/DLON/H
  166  183  201  218  234  249  265  279  291  301  308  312  315  318  319  317
  312  305  296  287  281  278  276  275  274  272  270  266  261  252  238  221
  202  185  169  158  149  142  136  130  124  119  112  105   99   94   91   90
   89   88   85   82   80   78   76   74   70   66   62   58   55   52   50   48
   50   55   67   82   99  116  133  149  166
