sample_files/i/ionex/irtg0020.21i
     1.0            IONOSPHERE MAPS     GPS                 IONEX VERSION / TYPE
tecrms2ionex_4.awk  UPC-IonSAT          06/17/21  206UT     PGM / RUN BY / DATE
Global ionosphere maps for day   2, 2021 ( 2- 1-2021)       DESCRIPTION
Contact address: Manuel Hernandez-Pajares                   DESCRIPTION
                 IonSAT research group                      DESCRIPTION
                 Technical Univ. of Catalonia (UPC-IonSAT)  DESCRIPTION
                 Mod. C3 Campus Nord UPC                    DESCRIPTION
                 E08034-Barcelona, SPAIN                    DESCRIPTION
                 e-mail:  manuel@ma4.upc.edu                DESCRIPTION
                                                            DESCRIPTION
  2021     1     2     1    15     0                        EPOCH OF FIRST MAP
  2021     1     2    23    35     0                        EPOCH OF LAST MAP
  1200                                                      INTERVAL
    68                                                      # OF MAPS IN FILE
  COSZ                                                      MAPPING FUNCTION
     0.0                                                    ELEVATION CUTOFF
    99                                                      # OF STATIONS
    33                                                      # OF SATELLITES
  6371.0                                                    BASE RADIUS
     2                                                      MAP DIMENSION
   450.0 450.0   0.0                                        HGT1 / HGT2 / DHGT
    87.5 -87.5  -2.5                                        LAT1 / LAT2 / DLAT
  -180.0 180.0   5.0                                        LON1 / LON2 / DLON
    -1                                                      EXPONENT
TEC values in  0.1 TECUs; 9999 if no value available        COMMENT
Validation with JASON: <TEC_JASON - TEC_GPS>  [TECU]        DESCRIPTION
         (reference day of year: 002)                       DESCRIPTION
                                                            DESCRIPTION
           Bias   Sigma     RMS    VTEC   %ERR    #OBS      DESCRIPTION
          -3.07    2.93    4.24    9.47   44.8   45369      DESCRIPTION
                                                            DESCRIPTION
UT(hours)  Bias   Sigma     RMS    VTEC   %ERR    #OBS      DESCRIPTION
   2.00   -2.82    3.07    4.17    9.30   44.8    4307      DESCRIPTION
   4.00   -2.99    2.49    3.89    9.45   41.2    4602      DESCRIPTION
   6.00   -3.28    3.44    4.75   11.64   40.8    4080      DESCRIPTION
   8.00   -1.98    3.86    4.33   13.85   31.3    3412      DESCRIPTION
  10.00   -3.38    3.27    4.70    9.11   51.6    4161      DESCRIPTION
  12.00   -3.13    2.45    3.97    6.16   64.5    3539      DESCRIPTION
  14.00   -3.06    1.94    3.62    9.13   39.7    4256      DESCRIPTION
  16.00   -3.67    2.73    4.58    8.29   55.2    4060      DESCRIPTION
  18.00   -2.50    3.70    4.46    8.61   51.8    3326      DESCRIPTION
  20.00   -3.11    2.52    4.00    9.94   40.3    4070      DESCRIPTION
  22.00   -3.72    2.44    4.45   10.14   43.9    3862      DESCRIPTION
  24.00   -2.84    1.81    3.37    6.44   52.2    1694      DESCRIPTION
                                                            DESCRIPTION
Lat(deg)   Bias   Sigma     RMS    VTEC   %ERR    #OBS      DESCRIPTION
 -60.00   -1.75    2.63    3.16    9.14   34.6   11405      DESCRIPTION
 -40.00   -2.23    2.72    3.52    9.42   37.3    8887      DESCRIPTION
 -20.00   -3.79    3.04    4.86   13.62   35.7    6951      DESCRIPTION
   0.00   -4.98    2.80    5.71   12.62   45.2    6388      DESCRIPTION
  20.00   -4.08    2.69    4.89    9.41   51.9    5314      DESCRIPTION
  40.00   -3.54    2.25    4.20    3.56  117.9    4266      DESCRIPTION
  60.00   -2.08    2.05    2.92    0.59  497.6    2158      DESCRIPTION
                                                            END OF HEADER
[from data line 9009]
    22                                                      START OF TEC MAP
  2021     1     2     8    15     0                        EPOCH OF CURRENT MAP
    87.5-180.0 180.0   5.0 450.0                            LAT/LON1/LON2/DLON/H
   20   20   20   20   20   20   20   20   19   19   19   19   19   19   19   19
   19   19   19   19   18   18   18   18   18   18   18   18   18   18   18   18
   18   19   19   19   19   19   19   19   19   19   19   19   20   19   19   19
   19   19   19   19   19   19   20   20   20   20   20   20   20   20   20   20
   20   20   20   20   20   20   20   20   20
    85.0-180.0 180.0   5.0 450.0                            LAT/LON1/LON2/DLON/H
   19   20   20   19   20   20   19   19   19   19   19   19   18   18   17   17
   17   16   16   16   16   16   16   16   16   16   16   16   16   16   17   17
   17   17   17   18   18   18   18   18   18   18   18   18   19   19   19   19
   19   19   19   19   19   19   19   19   19   19   19   19   19   19   19   19
   19   20   19   19   20   19   20   20   19
    82.5-180.0 180.0   5.0 450.0                            LAT/LON1/LON2/DLON/H
   19   19   19   19   19   19   19   18   18   18   17   17   17   16   15   15
   14   14   14   13   13   13   13   13   13   13   13   14   14   14   14   14
   15   16   16   16   16   17   17   17   18   18   18   18   19   19   18   18
   18   18   18   18   18   18   18   18   18   18   18   18   18   18   18   18
   18   18   19   18   19   18   19   19   19
    80.0-180.0 180.0   5.0 450.0                            LAT/LON1/LON2/DLON/H
   18   17   17   18   18   18   17   17   17   16   16   15   15   14   13   12
   12   11   11   11   10   10   10   10   11   11   11   11   12   12   12   13
   13   14   14   15   15   15   16   16   17   18   18   18   18   19   19   19
   19   19   19   19   18   18   18   18   18   17   17   17   17   17   17   17
   17   17   17   17   17   17   17   17   18
    77.5-180.0 180.0   5.0 450.0                            LAT/LON1/LON2/DLON/H
   15   16   16   15   16   16   16   15   15   15   14   13   12   12   11   10
   10    9    8    8    8    8    8    8    9    9    9   10   10   11   11   11
   12   13   13   13   14   15   16   16   17   17   18   19   19   20   20   20
   20   21   20   20   20   19   19   18   18   18   17   17   17   17   16   16
   16   16   16   15   16   16   15   15   15
    75.0-180.0 180.0   5.0 450.0                            LAT/LON1/LON2/DLON/H
   13   13   13   14   14   14   14   15   14   13   13   12   11   10   10    8
    8    8    7    7    7    7    7    7    7    8    8    8    9    9   10   10
   11   11   12   12   13   14   15   16   17   18   19   20   22   23   23   23
   24   24   23   23   22   21   21   20   19   19   18   18   17   17   16   16
   16   15   15   14   14   14   14   14   13
    72.5-180.0 180.0   5.0 450.0                            LAT/LON1/LON2/DLON/H
   11   11   12   12   12   12   13   13   12   12   12   11   10    9    8    8
    7    7    6    6    7    7    7    7    7    7    8    8    8    9    9   10
   10   10   11   11   12   14   15   17   18   20   22   23   25   27   28   28
   29   29   28   28   27   25   24   23   22   21   20   20   18   18   17   17
   16   15   15   14   13   13   12   12   11
    70.0-180.0 180.0   5.0 450.0                            LAT/LON1/LON2/DLON/H
   10   10   10   11   11   11   12   12   12   11   11   11   10    9    8    8
    7    7    7    7    7    7    7    7    8    8    8    9    9    8    8    8
    9    9   10   11   12   13   15   18   20   23   26   28   30   32   34   35
   35   36   35   34   33   31   29   27   25   24   22   22   21   20   18   18
   17   16   15   14   13   11   11   10   10
    67.5-180.0 180.0   5.0 450.0                            LAT/LON1/LON2/DLON/H
   10    9    9    9   10   11   12   12   12   12   11   11   10   10    9    8
    8    8    8    8    8    8    8    8    9    8    8    9    9    9    8    8
    8    9    9   11   12   14   17   19   23   26   30   33   37   39   41   43
   44   44   43   41   39   37   35   32   31   28   26   25   23   22   20   19
   17   16   15   14   12   11   10   10   10
    65.0-180.0 180.0   5.0 450.0                            LAT/LON1/LON2/DLON/H
    9    9    9   10   10   11   12   12   13   12   12   12   11   11   10    9
    9    9    9    9    9    9    9    9    9    9    9    9    9    9    9    8
    8    8    9   11   13   15   19   23   26   31   35   39   43   46   50   51
   53   53   52   51   48   45   42   38   35   33   30   28   26   24   22   20
   18   17   16   14   13   12   11   10    9
    62.5-180.0 180.0   5.0 450.0                            LAT/LON1/LON2/DLON/H
   10   10   10   11   11   12   12   13   13   13   13   13   13   12   12   11
   11   11   11   10   10   10   10   10    9   10   10   10   10   10    9    9
    9    9   10   12   15   18   23   27   32   37   41   46   50   54   58   60
   61   62   62   59   57   54   49   46   42   38   35   32   29   26   24   21
   19   18   17   15   14   13   12   11   10
    60.0-180.0 180.0   5.0 450.0                            LAT/LON1/LON2/DLON/H
   13   12   12   13   13   13   14   15   15   15   15   15   15   14   14   13
   13   13   12   12   11   11   11   11   11   11   12   12   12   12   11   11
   11   11   13   14   18   22   28   33   38   44   48   54   57   62   65   68
   70   71   71   69   66   62   58   53   49   44   40   36   32   29   26   23
   21   19   17   16   15   15   14   13   13
    57.5-180.0 180.0   5.0 450.0                            LAT/LON1/LON2/DLON/H
   15   15   15   15   16   16   17   17   18   18   17   17   17   17   16   16
   15   15   14   14   13   13   13   13   13   14   14   14   14   15   14   14
   13   14   16   19   23   28   34   40   46   51   56   60   65   69   72   75
   77   79   79   77   75   71   67   62   56   51   46   41   37   32   29   25
   23   20   19   18   17   16   16   16   15
    55.0-180.0 180.0   5.0 450.0                            LAT/LON1/LON2/DLON/H
   19   20   19   20   20   21   20   21   21   20   20   20   20   20   19   19
   19   19   18   17   17   16   16   16   16   17   17   18   18   19   18   18
   18   19   21   25   30   36   42   48   54   59   63   67   71   74   78   81
   83   85   86   85   83   79   75   70   64   58   53   48   42   37   33   29
   25   23   21   21   20   20   19   19   19
    52.5-180.0 180.0   5.0 450.0                            LAT/LON1/LON2/DLON/H
   24   24   25   25   25   25   25   25   25   24   24   24   24   24   24   24
   23   23   23   23   22   21   21   21   21   22   22   23   24   23   23   23
   23   24   27   32   38   44   50   57   63   67   71   74   77   80   83   85
   88   90   91   90   89   86   81   77   72   66   60   55   49   43   38   33
   30   27   25   25   24   24   24   24   24
    50.0-180.0 180.0   5.0 450.0                            LAT/LON1/LON2/DLON/H
   30   30   31   31   31   31   30   30   29   29   29   29   28   28   28   29
   29   29   29   29   29   28   28   28   28   28   28   28   29   29   28   28
   29   31   35   40   46   53   60   66   71   75   78   80   83   84   87   89
   91   93   95   94   93   90   87   83   78   72   67   61   55   49   43   39
   35   32   31   29   29   29   29   29   30
    47.5-180.0 180.0   5.0 450.0                            LAT/LON1/LON2/DLON/H
   35   36   37   37   37   37   36   36   35   35   34   34   34   34   34   34
   35   36   36   37   37   37   36   36   35   35   34   35   34   34   34   34
   35   38   43   48   55   62   69   75   80   84   86   87   88   90   90   92
   94   95   96   96   95   93   90   86   83   78   72   67   61   56   50   45
   41   38   36   35   34   34   34   34   35
    45.0-180.0 180.0   5.0 450.0                            LAT/LON1/LON2/DLON/H
   41   42   43   44   44   43   43   42   41   41   41   41   40   40   40   41
   42   43   44   46   46   46   45   44   43   41   41   40   39   39   39   40
   42   45   50   57   64   71   78   83   88   91   93   94   95   95   95   95
   96   97   97   97   96   94   92   89   85   81   77   72   67   61   56   51
   47   44   42   40   40   39   39   39   41
    42.5-180.0 180.0   5.0 450.0                            LAT/LON1/LON2/DLON/H
   46   47   48   49   49   49   49   48   47   47   48   47   47   46   47   47
   49   50   52   54   55   54   53   52   50   47   46   45   44   43   43   44
   47   51   57   65   71   79   85   90   95   98  101  102  102  101  100  100
  100   99   99   98   97   95   93   91   88   85   81   76   72   67   61   57
   53   50   47   45   44   44   44   44   46
    40.0-180.0 180.0   5.0 450.0                            LAT/LON1/LON2/DLON/H
   49   51   52   53   53   53   53   53   54   54   54   53   53   52   52   53
   55   57   59   62   62   62   60   57   55   52   50   48   47   46   46   48
   51   57   64   71   78   85   91   96  101  105  108  109  110  110  109  108
  106  104  102  101   99   97   96   94   92   89   85   82   77   72   67   63
   58   55   52   50   49   48   47   48   49
    37.5-180.0 180.0   5.0 450.0                            LAT/LON1/LON2/DLON/H
   52   53   55   56   56   57   57   57   58   58   59   59   58   58   58   58
   60   63   65   67   68   68   65   61   58   55   52   50   48   48   48   51
   55   61   69   77   83   90   96  102  107  111  115  118  119  119  119  117
  114  112  109  107  104  103  102  100   98   96   92   88   83   78   73   68
   63   59   57   54   53   51   51   51   52
    35.0-180.0 180.0   5.0 450.0                            LAT/LON1/LON2/DLON/H
   53   55   56   57   58   58   59   60   60   62   62   63   63   62   62   63
   65   67   70   71   72   70   67   63   59   55   53   51   49   49   50   52
   58   65   73   81   88   94  101  106  112  118  123  127  130  131  131  130
  127  124  120  117  115  114  112  112  109  106  101   96   91   86   79   74
   69   64   61   58   55   54   53   53   53
    32.5-180.0 180.0   5.0 450.0                            LAT/LON1/LON2/DLON/H
   55   56   57   58   59   59   60   60   61   63   64   65   66   65   65   66
   68   70   72   73   73   70   67   62   58   55   52   50   49   49   50   54
   60   68   77   85   92   98  104  111  117  124  131  138  142  145  146  145
  143  140  136  133  131  130  129  128  124  121  115  109  102   95   89   82
   76   70   65   62   59   57   56   55   55
    30.0-180.0 180.0   5.0 450.0                            LAT/LON1/LON2/DLON/H
   58   57   58   59   59   60   60   60   61   62   64   66   66   67   67   67
   69   71   73   73   72   69   65   61   56   53   51   49   48   48   50   54
   62   71   80   88   95  102  109  116  124  132  140  148  155  160  163  164
  163  160  157  155  153  152  151  149  145  139  132  125  117  109  100   92
   84   78   72   67   63   61   59   58   58
    27.5-180.0 180.0   5.0 450.0                            LAT/LON1/LON2/DLON/H
   61   60   60   60   60   60   59   59   60   61   63   65   66   67   67   68
   69   71   72   72   70   66   62   57   54   51   49   48   47   47   50   55
   64   74   83   92  100  107  114  122  132  141  152  161  169  176  181  184
  184  183  181  179  178  178  177  174  168  162  153  143  133  124  114  104
   96   88   80   74   70   66   64   62   61
    25.0-180.0 180.0   5.0 450.0                            LAT/LON1/LON2/DLON/H
   66   64   63   62   61   60   59   58   58   59   61   63   65   66   67   68
   69   69   70   69   66   63   59   55   51   49   47   45   45   46   49   56
   66   77   88   97  106  113  121  130  140  152  163  175  185  193  200  204
  206  206  205  204  204  204  203  199  193  185  175  164  152  141  129  119
  109   99   91   84   78   74   70   68   66
    22.5-180.0 180.0   5.0 450.0                            LAT/LON1/LON2/DLON/H
   72   70   68   66   64   62   60   58   58   58   60   62   64   65   66   66
   68   68   68   66   63   59   56   52   49   47   45   43   43   44   49   57
   68   81   93  103  112  121  130  140  151  163  176  188  200  210  217  223
  226  227  228  228  228  228  227  222  215  206  194  183  170  158  146  135
  123  113  103   95   88   82   79   75   72
    20.0-180.0 180.0   5.0 450.0                            LAT/LON1/LON2/DLON/H
   80   76   73   70   68   65   62   60   59   58   60   62   63   64   65   65
   66   66   65   63   60   57   53   50   47   45   43   41   41   43   48   58
   71   85   98  110  121  131  141  151  163  176  189  202  214  224  233  239
  242  244  246  246  247  246  245  240  233  223  211  199  187  174  162  150
  138  127  117  107  100   93   88   84   80
    17.5-180.0 180.0   5.0 450.0                            LAT/LON1/LON2/DLON/H
   88   84   79   76   72   69   66   63   61   60   61   62   64   64   64   64
   64   64   63   61   58   54   51   48   46   43   41   39   38   42   49   60
   74   89  104  117  129  140  152  163  175  188  201  215  226  236  245  251
  254  257  258  259  259  259  257  252  245  235  224  213  201  189  176  163
  152  141  130  120  111  104   98   93   88
    15.0-180.0 180.0   5.0 450.0                            LAT/LON1/LON2/DLON/H
   96   91   85   81   77   73   70   67   65   63   63   64   64   64   63   63
   62   62   61   58   55   52   50   48   45   42   38   37   37   41   50   63
   78   95  111  125  138  151  163  174  187  200  213  225  236  246  253  259
  262  264  265  265  266  265  263  259  251  243  233  223  213  201  188  177
  165  153  143  132  122  114  108  101   96
    12.5-180.0 180.0   5.0 450.0                            LAT/LON1/LON2/DLON/H
  103   97   91   86   81   77   74   71   69   67   67   66   66   64   63   62
   61   61   60   57   54   51   49   46   43   40   37   35   36   41   51   66
   82  100  117  133  147  160  173  185  197  209  222  233  243  252  258  263
  266  267  268  269  268  268  265  261  254  247  240  232  222  212  200  188
  177  165  154  143  132  123  115  109  103
    10.0-180.0 180.0   5.0 450.0                            LAT/LON1/LON2/DLON/H
  108  101   95   89   84   81   77   75   73   72   70   70   68   65   63   62
   61   59   58   55   52   50   48   46   43   39   35   33   35   42   54   69
   86  105  122  139  154  168  180  193  205  217  228  238  247  255  260  265
  268  269  270  270  269  269  266  262  257  252  247  240  232  222  211  199
  188  177  164  152  141  130  122  115  108
     7.5-180.0 180.0   5.0 450.0                            LAT/LON1/LON2/DLON/H
  111  104   98   92   88   84   81   78   77   75   73   72   70   66   64   61
   60   59   57   54   51   48   47   45   41   38   34   32   35   43   56   72
   91  109  126  143  159  173  185  198  210  221  232  241  248  255  261  266
  270  272  272  273  272  271  269  266  262  258  255  250  243  234  222  210
  198  186  173  161  148  136  127  119  111
     5.0-180.0 180.0   5.0 450.0                            LAT/LON1/LON2/DLON/H
  114  106  100   94   90   86   83   81   79   77   75   73   70   67   63   61
   59   58   56   53   50   47   45   44   40   37   33   32   36   45   59   76
   93  111  128  145  161  175  188  200  212  223  233  241  248  255  262  268
  274  277  279  279  279  278  276  273  271  269  266  262  255  245  234  221
  209  196  183  168  154  141  131  122  114
     2.5-180.0 180.0   5.0 450.0                            LAT/LON1/LON2/DLON/H
  116  109  102   97   93   89   85   82   80   78   76   74   71   67   64   61
   59   57   55   52   50   47   45   42   40   35   32   32   37   47   62   79
   96  113  129  145  161  175  188  200  212  223  232  241  248  256  264  273
  280  286  289  291  291  290  289  287  285  283  281  277  269  258  245  233
  219  206  191  175  160  146  134  125  116
