sample_files/i/ionex/irtg0120.21i
     1.0            IONOSPHERE MAPS     GPS                 IONEX VERSION / TYPE
tecrms2ionex_4.awk  UPC-IonSAT          01/22/21 1001UT     PGM / RUN BY / DATE
Global ionosphere maps for day  12, 2021 (12- 1-2021)       DESCRIPTION
Contact address: Manuel Hernandez-Pajares                   DESCRIPTION
                 IonSAT research group                      DESCRIPTION
                 Technical Univ. of Catalonia (UPC-IonSAT)  DESCRIPTION
                 Mod. C3 Campus Nord UPC                    DESCRIPTION
                 E08034-Barcelona, SPAIN                    DESCRIPTION
                 e-mail:  manuel@ma4.upc.edu                DESCRIPTION
                                                            DESCRIPTION
  2021     1    12     0     0     0                        EPOCH OF FIRST MAP
  2021     1    12    23    40     0                        EPOCH OF LAST MAP
  1200                                                      INTERVAL
    72                                                      # OF MAPS IN FILE
  COSZ                                                      MAPPING FUNCTION
     0.0                                                    ELEVATION CUTOFF
    99                                                      # OF STATIONS
    33                                                      # OF SATELLITES
  6371.0                                                    BASE RADIUS
     2                                                      MAP DIMENSION
   450.0 450.0   0.0                                        HGT1 / HGT2 / DHGT
    87.5 -87.5  -2.5                                        LAT1 / LAT2 / DLAT
  -180.0 180.0   5.0                                        LON1 / LON2 / DLON
    -1                                                      EXPONENT
TEC values in  0.1 TECUs; 9999 if no value available        COMMENT
Validation with JASON: <TEC_JASON - TEC_GPS>  [TECU]        DESCRIPTION
         (reference day of year: 012)                       DESCRIPTION
                                                            DESCRIPTION
           Bias   Sigma     RMS    VTEC   %ERR    #OBS      DESCRIPTION
          -3.19    2.65    4.15    7.44   55.8   48331      DESCRIPTION
                                                            DESCRIPTION
UT(hours)  Bias   Sigma     RMS    VTEC   %ERR    #OBS      DESCRIPTION
   0.00   -3.95    1.81    4.35    3.36  129.5    2346      DESCRIPTION
   2.00   -1.75    3.51    3.92    9.74   40.2    4606      DESCRIPTION
   4.00   -3.60    2.33    4.29    9.21   46.5    4297      DESCRIPTION
   6.00   -2.89    2.42    3.77    9.94   37.9    3500      DESCRIPTION
   8.00   -2.75    2.07    3.44    7.60   45.3    4244      DESCRIPTION
  10.00   -2.56    1.73    3.09    5.43   57.0    3642      DESCRIPTION
  12.00   -2.90    2.41    3.78    6.88   54.9    4212      DESCRIPTION
  14.00   -3.22    1.96    3.76    7.17   52.5    4141      DESCRIPTION
  16.00   -4.17    2.43    4.82    5.26   91.7    3351      DESCRIPTION
  18.00   -4.06    3.26    5.21    6.05   86.0    4211      DESCRIPTION
  20.00   -4.56    2.96    5.43    6.75   80.5    3829      DESCRIPTION
  22.00   -2.88    2.39    3.74    8.46   44.2    3935      DESCRIPTION
  24.00   -2.52    2.47    3.53    9.82   36.0    2017      DESCRIPTION
                                                            DESCRIPTION
Lat(deg)   Bias   Sigma     RMS    VTEC   %ERR    #OBS      DESCRIPTION
 -60.00   -2.57    2.09    3.31    5.46   60.7   13033      DESCRIPTION
 -40.00   -3.29    2.13    3.92    6.44   61.0    9770      DESCRIPTION
 -20.00   -4.05    2.84    4.95   10.22   48.4    7290      DESCRIPTION
   0.00   -4.21    2.56    4.93   11.37   43.3    6608      DESCRIPTION
  20.00   -3.15    3.71    4.87    9.59   50.8    5356      DESCRIPTION
  40.00   -2.54    2.80    3.78    4.77   79.2    4242      DESCRIPTION
  60.00   -1.80    1.77    2.53    2.23  113.5    2032      DESCRIPTION
                                                            END OF HEADER
[from data line 3861]
    10                                                      START OF TEC MAP
  2021     1    12     3     0     0                        EPOCH OF CURRENT MAP
    87.5-180.0 180.0   5.0 450.0                            LAT/LON1/LON2/DLON/H
   20   20   21   21   21   21   21   21   21   21   21   20   20   20   20   20
   20   19   19   19   19   18   18   17   17   17   17   16   16   16   16   16
   16   16   15   15   15   15   15   15   15   15   15   15   15   15   16   16
   16   16   16   17   16   16   17   17   17   17   18   18   18   18   19   19
   19   19   19   20   20   20   20   20   20
    85.0-180.0 180.0   5.0 450.0                            LAT/LON1/LON2/DLON/H
   23   23   23   24   24   24   24   24   23   24   24   23   23   23   22   22
   21   21   20   20   19   18   18   17   17   16   16   15   15   15   14   14
   14   14   14   14   14   14   13   14   13   14   14   14   14   14   14   14
   15   15   15   15   16   16   17   17   17   18   18   19   19   20   20   20
   20   21   22   22   22   22   22   22   23
    82.5-180.0 180.0   5.0 450.0                            LAT/LON1/LON2/DLON/H
   25   25   25   25   25   26   26   26   26   26   26   26   26   25   24   24
   23   22   22   20   20   19   18   17   16   15   15   14   14   13   13   13
   13   13   13   13   13   13   14   13   14   14   14   14   14   14   14   14
   15   14   15   15   16   16   17   17   18   19   19   20   21   21   22   22
   23   23   23   24   24   24   24   25   25
    80.0-180.0 180.0   5.0 450.0                            LAT/LON1/LON2/DLON/H
   25   25   25   25   26   26   26   27   27   27   27   27   27   26   26   25
   25   23   23   21   20   19   18   17   16   15   15   14   14   14   13   13
   13   14   14   14   14   15   15   15   15   15   15   15   15   15   15   15
   15   15   15   16   16   17   18   19   20   20   21   22   23   24   25   25
   25   26   26   25   26   26   26   25   25
    77.5-180.0 180.0   5.0 450.0                            LAT/LON1/LON2/DLON/H
   26   25   25   24   25   25   25   26   26   26   27   27   27   27   27   26
   25   24   23   22   20   19   18   17   16   15   15   14   14   14   14   15
   15   15   15   15   16   16   16   17   16   17   16   16   16   16   16   15
   15   15   16   16   17   18   19   21   22   23   24   26   27   27   28   28
   28   29   28   28   28   27   26   26   26
    75.0-180.0 180.0   5.0 450.0                            LAT/LON1/LON2/DLON/H
   26   25   24   24   23   23   24   24   24   25   25   26   26   26   26   26
   25   24   23   22   21   19   18   18   17   16   16   16   16   16   16   16
   16   16   16   17   17   18   18   18   18   18   18   17   17   17   16   16
   16   16   16   17   18   20   21   22   25   26   28   29   30   31   32   33
   33   33   32   32   31   30   28   27   26
    72.5-180.0 180.0   5.0 450.0                            LAT/LON1/LON2/DLON/H
   28   26   24   23   22   22   21   22   22   23   23   24   25   25   25   25
   24   23   22   21   20   20   19   18   18   18   17   18   18   18   18   18
   18   18   17   18   18   18   18   18   19   19   18   18   17   17   16   16
   16   16   16   18   19   21   23   25   27   29   31   33   35   36   37   37
   37   37   37   36   35   33   31   29   28
    70.0-180.0 180.0   5.0 450.0                            LAT/LON1/LON2/DLON/H
   31   28   26   24   23   22   21   20   20   21   21   22   22   23   23   23
   23   22   21   20   20   19   19   19   19   19   19   19   19   19   19   18
   18   17   17   17   17   17   17   18   18   18   18   17   17   16   16   15
   15   15   16   18   20   22   25   28   30   33   35   37   39   40   41   42
   42   42   41   41   39   37   35   33   31
    67.5-180.0 180.0   5.0 450.0                            LAT/LON1/LON2/DLON/H
   35   32   29   27   24   22   21   20   19   19   19   20   21   22   22   22
   22   21   21   20   20   19   19   19   19   20   20   20   20   19   19   18
   17   17   16   16   15   16   16   16   16   16   16   16   16   15   14   14
   14   15   16   18   20   24   27   30   33   35   38   40   42   44   45   46
   47   47   47   46   45   43   40   38   35
    65.0-180.0 180.0   5.0 450.0                            LAT/LON1/LON2/DLON/H
   40   37   34   30   28   25   23   21   20   19   19   19   19   20   20   20
   20   20   20   19   19   18   18   19   19   19   20   20   19   19   18   17
   16   15   15   14   13   14   14   14   14   15   15   15   14   14   13   13
   13   14   16   18   21   24   28   32   35   38   41   43   45   47   49   50
   51   52   52   51   50   49   46   44   40
    62.5-180.0 180.0   5.0 450.0                            LAT/LON1/LON2/DLON/H
   46   43   40   36   32   28   26   23   21   20   19   19   19   19   20   20
   20   20   19   19   19   18   17   18   18   19   19   19   19   18   17   16
   15   14   14   13   13   13   13   13   14   14   14   14   14   13   13   12
   12   14   16   19   23   27   31   34   38   41   44   46   48   50   52   54
   55   56   56   56   55   54   52   50   46
    60.0-180.0 180.0   5.0 450.0                            LAT/LON1/LON2/DLON/H
   53   49   46   42   37   34   30   27   24   22   21   20   20   20   20   20
   20   20   19   19   18   18   17   17   17   18   18   18   18   18   17   16
   15   15   14   14   14   14   14   14   14   14   14   14   14   14   13   13
   13   15   18   21   25   29   34   38   41   44   47   49   52   54   56   58
   59   60   61   61   61   60   58   56   53
    57.5-180.0 180.0   5.0 450.0                            LAT/LON1/LON2/DLON/H
   60   56   52   48   43   39   35   31   28   26   23   22   21   21   20   21
   21   20   20   19   19   18   17   17   18   18   18   19   19   18   18   18
   17   17   17   17   18   17   17   17   16   16   16   16   16   15   15   14
   15   17   20   24   29   33   38   42   45   48   51   54   56   59   61   63
   64   65   66   66   66   66   64   62   60
    55.0-180.0 180.0   5.0 450.0                            LAT/LON1/LON2/DLON/H
   66   63   59   54   49   45   40   36   32   29   27   25   23   22   22   22
   22   22   21   21   20   19   19   19   19   20   21   21   21   21   21   22
   22   23   23   23   23   23   23   21   21   20   19   19   19   18   17   18
   18   21   24   29   34   39   43   47   50   54   57   59   62   65   67   69
   70   71   71   72   72   71   70   69   66
    52.5-180.0 180.0   5.0 450.0                            LAT/LON1/LON2/DLON/H
   72   69   65   60   56   51   45   41   37   33   30   28   25   24   24   24
   24   24   24   23   23   22   22   22   23   24   25   26   26   27   27   28
   29   29   30   30   30   30   29   27   26   25   23   23   22   22   21   22
   23   26   30   35   40   46   50   54   57   60   63   67   70   72   74   75
   76   76   77   77   77   77   76   75   72
    50.0-180.0 180.0   5.0 450.0                            LAT/LON1/LON2/DLON/H
   78   75   71   66   62   56   51   46   42   38   34   32   29   28   27   27
   27   27   28   27   27   28   28   28   30   31   32   33   33   33   34   35
   35   36   37   37   38   37   35   33   32   30   28   28   27   26   27   27
   29   32   37   42   48   53   58   61   64   68   71   75   78   80   81   82
   81   81   82   82   83   82   81   80   78
    47.5-180.0 180.0   5.0 450.0                            LAT/LON1/LON2/DLON/H
   83   80   76   72   67   62   57   52   47   43   40   37   34   32   31   31
   31   32   33   33   34   34   35   36   37   39   40   40   40   41   41   41
   42   43   43   44   43   42   41   39   37   35   33   32   32   31   31   32
   35   39   44   50   56   62   66   70   73   76   79   83   85   87   87   87
   86   86   86   86   87   86   86   85   83
    45.0-180.0 180.0   5.0 450.0                            LAT/LON1/LON2/DLON/H
   86   84   81   77   73   67   62   57   53   49   45   42   39   38   36   37
   37   38   39   40   41   42   43   45   46   47   48   48   48   47   47   47
   47   48   48   48   47   47   45   44   42   40   38   37   37   37   37   38
   41   46   52   59   65   70   74   77   80   84   87   91   93   94   93   92
   90   89   89   89   90   90   89   88   86
    42.5-180.0 180.0   5.0 450.0                            LAT/LON1/LON2/DLON/H
   88   85   83   80   76   71   67   63   58   55   52   49   46   44   43   43
   44   45   47   48   49   51   52   54   55   56   56   55   53   52   51   51
   50   51   51   50   50   49   49   47   46   44   43   42   41   41   41   43
   47   52   59   66   73   78   81   85   87   91   95   97   99   99   98   95
   93   92   91   92   92   92   91   89   88
    40.0-180.0 180.0   5.0 450.0                            LAT/LON1/LON2/DLON/H
   88   86   84   81   78   75   70   66   64   61   58   56   53   52   51   51
   52   53   54   56   57   59   60   61   62   62   61   59   57   54   52   52
   52   52   51   51   51   51   50   50   49   48   47   46   46   45   46   48
   52   58   66   73   79   84   88   91   94   98  101  103  105  104  102   99
   96   95   95   95   94   93   92   90   88
    37.5-180.0 180.0   5.0 450.0                            LAT/LON1/LON2/DLON/H
   87   85   83   82   79   76   73   70   68   66   64   62   61   59   59   59
   60   61   62   63   64   65   66   66   67   66   64   61   58   54   52   51
   51   51   51   50   51   51   52   52   52   51   50   50   49   48   49   51
   56   63   71   78   84   88   92   96  100  103  107  110  111  110  108  105
  102  100   99   99   98   96   93   90   87
    35.0-180.0 180.0   5.0 450.0                            LAT/LON1/LON2/DLON/H
   89   86   84   81   80   77   75   73   72   71   69   68   67   67   67   67
   67   68   69   70   70   70   70   69   68   66   64   60   57   53   51   50
   50   51   51   50   51   51   52   53   54   54   53   52   51   50   51   53
   59   66   74   81   87   91   96  100  105  110  114  117  119  119  116  114
  112  110  109  108  105  102   98   93   89
    32.5-180.0 180.0   5.0 450.0                            LAT/LON1/LON2/DLON/H
   95   90   87   84   81   79   77   76   75   75   74   74   73   72   72   73
   73   73   74   74   74   73   72   70   67   65   62   59   55   53   50   50
   50   51   51   51   51   52   53   54   55   54   54   53   51   50   51   54
   60   68   77   84   89   94  100  105  111  117  122  127  129  130  129  127
  126  125  123  122  118  113  107  101   95
    30.0-180.0 180.0   5.0 450.0                            LAT/LON1/LON2/DLON/H
  107  100   94   89   85   83   81   80   80   79   78   77   77   76   76   76
   77   76   77   76   75   74   71   68   65   63   60   58   55   52   51   51
   52   53   53   52   52   52   53   54   54   53   53   51   50   50   50   54
   61   70   78   86   91   97  104  111  119  126  133  139  143  146  147  147
  146  146  144  141  137  130  123  115  107
    27.5-180.0 180.0   5.0 450.0                            LAT/LON1/LON2/DLON/H
  126  116  108  101   95   90   88   86   85   84   82   81   79   78   78   78
   78   78   77   77   75   73   70   66   63   60   59   58   56   55   54   54
   55   56   55   54   53   52   52   52   51   50   49   48   47   46   48   53
   61   71   80   88   94  101  109  118  128  137  146  154  161  165  168  170
  170  170  169  165  161  154  145  136  126
    25.0-180.0 180.0   5.0 450.0                            LAT/LON1/LON2/DLON/H
  151  140  128  118  110  103   99   95   93   90   86   83   81   79   79   78
   78   77   77   76   74   72   69   65   62   60   59   60   60   59   59   59
   60   59   58   55   53   51   49   48   47   46   45   44   43   43   45   51
   61   72   82   90   98  106  116  127  138  150  161  171  179  187  191  194
  196  197  195  193  188  181  173  163  151
    22.5-180.0 180.0   5.0 450.0                            LAT/LON1/LON2/DLON/H
  182  168  154  141  130  121  114  108  103   97   92   87   83   81   79   78
   77   77   76   75   74   71   68   65   62   61   62   63   65   66   66   65
   65   63   60   56   52   48   45   43   41   40   39   38   38   38   42   50
   61   74   85   94  103  113  124  137  150  163  176  188  198  207  213  217
  220  221  221  219  216  210  203  193  182
    20.0-180.0 180.0   5.0 450.0                            LAT/LON1/LON2/DLON/H
  212  198  182  167  154  143  133  124  116  107   99   92   87   83   81   79
   78   77   77   76   75   72   70   67   65   65   66   69   71   72   72   71
   69   65   61   55   49   45   40   38   36   34   33   32   33   35   39   49
   62   76   89   99  109  120  133  148  162  177  191  203  215  224  231  236
  239  242  242  241  240  237  232  224  212
    17.5-180.0 180.0   5.0 450.0                            LAT/LON1/LON2/DLON/H
  239  225  209  193  179  166  154  143  132  119  109   99   93   88   85   83
   81   81   80   79   78   76   74   72   70   70   72   74   76   78   78   75
   71   66   60   53   47   41   36   33   31   29   28   28   28   31   38   49
   64   79   93  105  117  129  143  158  173  188  202  215  227  236  243  248
  252  255  257  258  258  257  255  249  239
    15.0-180.0 180.0   5.0 450.0                            LAT/LON1/LON2/DLON/H
  259  246  231  216  202  188  176  162  148  133  120  109  102   96   93   90
   88   87   86   85   84   82   80   78   77   76   77   79   81   82   81   78
   73   67   59   51   44   38   34   30   28   27   25   25   26   30   38   51
   67   83   98  111  124  137  152  167  182  197  211  223  234  242  249  254
  258  262  264  266  268  270  270  267  259
    12.5-180.0 180.0   5.0 450.0                            LAT/LON1/LON2/DLON/H
  270  260  247  234  221  209  195  180  164  148  134  122  113  107  104  101
   99   98   96   94   92   90   88   85   84   82   82   82   83   83   82   78
   72   66   58   50   43   37   33   30   28   26   25   25   26   31   39   53
   69   86  102  116  130  144  159  174  188  202  215  227  236  244  249  254
  258  262  265  269  272  275  277  276  270
    10.0-180.0 180.0   5.0 450.0                            LAT/LON1/LON2/DLON/H
  273  266  256  246  236  224  212  196  179  163  148  136  127  121  117  114
  112  110  108  105  102   99   96   93   90   87   85   84   83   83   81   77
   71   65   57   50   43   38   34   32   30   29   27   26   27   32   42   56
   72   89  105  120  134  149  163  178  192  204  216  227  235  241  246  251
  255  260  263  267  270  274  276  277  273
     7.5-180.0 180.0   5.0 450.0                            LAT/LON1/LON2/DLON/H
  271  266  260  253  246  236  225  210  194  177  162  151  142  136  132  129
  126  123  121  116  112  107  103   99   95   91   87   84   83   81   79   76
   71   64   58   51   45   40   38   35   34   32   30   29   30   35   45   59
   75   91  106  121  136  151  166  180  192  204  215  225  232  238  243  248
  253  258  261  264  267  270  272  273  271
     5.0-180.0 180.0   5.0 450.0                            LAT/LON1/LON2/DLON/H
  268  265  262  257  253  246  236  222  206  190  176  165  156  150  146  142
  140  136  132  127  120  114  109  104   99   94   88   83   80   79   77   74
   70   65   59   53   49   45   42   39   38   36   34   32   33   39   49   63
   78   92  107  121  137  152  166  179  191  203  213  222  230  236  242  247
  253  258  262  265  266  267  269  269  268
     2.5-180.0 180.0   5.0 450.0                            LAT/LON1/LON2/DLON/H
  268  266  264  262  259  254  245  233  218  203  190  179  170  163  158  154
  150  146  141  133  126  119  112  107  102   95   88   83   79   76   76   74
   71   66   61   56   52   48   45   43   41   39   37   35   36   42   53   65
   79   92  106  121  136  150  164  177  189  201  211  221  230  237  244  251
  258  264  267  269  269  269  270  269  268
