sample_files/i/ionex/irtg0050.21i
     1.0            IONOSPHERE MAPS     GPS                 IONEX VERSION / TYPE
tecrms2ionex_4.awk  UPC-IonSAT          01/22/21 1001UT     PGM / RUN BY / DATE
Global ionosphere maps for day   5, 2021 ( 5- 1-2021)       DESCRIPTION
Contact address: Manuel Hernandez-Pajares                   DESCRIPTION
                 IonSAT research group                      DESCRIPTION
                 Technical Univ. of Catalonia (UPC-IonSAT)  DESCRIPTION
                 Mod. C3 Campus Nord UPC                    DESCRIPTION
                 E08034-Barcelona, SPAIN                    DESCRIPTION
                 e-mail:  manuel@ma4.upc.edu                DESCRIPTION
                                                            DESCRIPTION
  2021     1     5     0     0     0                        EPOCH OF FIRST MAP
  2021     1     5    23    40     0                        EPOCH OF LAST MAP
  1200                                                      INTERVAL
    72                                                      # OF MAPS IN FILE
  COSZ                                                      MAPPING FUNCTION
     0.0                                                    ELEVATION CUTOFF
    99                                                      # OF STATIONS
    33                                                      # OF SATELLITES
  6371.0                                                    BASE RADIUS
     2                                                      MAP DIMENSION
   450.0 450.0   0.0                                        HGT1 / HGT2 / DHGT
    87.5 -87.5  -2.5                                        LAT1 / LAT2 / DLAT
  -180.0 180.0   5.0                                        LON1 / LON2 / DLON
    -1                                                      EXPONENT
TEC values in  0.1 TECUs; 9999 if no value available        COMMENT
Validation with JASON: <TEC_JASON - TEC_GPS>  [TECU]        DESCRIPTION
         (reference day of year: 005)                       DESCRIPTION
                                                            DESCRIPTION
           Bias   Sigma     RMS    VTEC   %ERR    #OBS      DESCRIPTION
          -3.01    3.20    4.40    9.61   45.8   48783      DESCRIPTION
                                                            DESCRIPTION
UT(hours)  Bias   Sigma     RMS    VTEC   %ERR    #OBS      DESCRIPTION
   0.00   -5.30    3.16    6.17   12.09   51.0    1947      DESCRIPTION
   2.00   -3.73    2.64    4.58    7.63   60.0    4225      DESCRIPTION
   4.00   -2.79    2.12    3.50    7.70   45.5    4513      DESCRIPTION
   6.00   -2.27    2.82    3.62   12.46   29.1    3515      DESCRIPTION
   8.00   -4.32    2.71    5.10    8.27   61.7    4472      DESCRIPTION
  10.00   -3.43    3.84    5.14    8.00   64.3    4628      DESCRIPTION
  12.00   -3.41    2.22    4.07    5.33   76.3    3865      DESCRIPTION
  14.00   -2.48    2.41    3.46    9.24   37.4    4090      DESCRIPTION
  16.00   -1.97    2.64    3.30   10.92   30.2    3787      DESCRIPTION
  18.00   -1.52    2.84    3.22   10.81   29.8    3980      DESCRIPTION
  20.00   -3.11    3.04    4.34   10.19   42.6    4732      DESCRIPTION
  22.00   -2.98    4.70    5.56   13.49   41.2    3690      DESCRIPTION
  24.00   -1.86    5.23    5.55   14.64   37.9    1339      DESCRIPTION
                                                            DESCRIPTION
Lat(deg)   Bias   Sigma     RMS    VTEC   %ERR    #OBS      DESCRIPTION
 -60.00   -1.75    2.19    2.81    8.96   31.4   12108      DESCRIPTION
 -40.00   -2.60    2.68    3.73   10.28   36.3    9198      DESCRIPTION
 -20.00   -3.79    3.84    5.40   12.66   42.6    7035      DESCRIPTION
   0.00   -5.19    3.06    6.02   11.92   50.5    6758      DESCRIPTION
  20.00   -3.67    4.01    5.44   10.39   52.3    6245      DESCRIPTION
  40.00   -2.88    2.32    3.70    4.85   76.3    4962      DESCRIPTION
  60.00   -1.14    2.34    2.60    2.91   89.6    2477      DESCRIPTION
                                                            END OF HEADER
[from data line 4290]
    11                                                      START OF TEC MAP
  2021     1     5     3    20     0                        EPOCH OF CURRENT MAP
    87.5-180.0 180.0   5.0 450.0                            LAT/LON1/LON2/DLON/H
   20   20   20   20   20   20   20   20   20   20   20   20   19   19   19   19
   19   19   19   18   18   19   18   18   18   18   18   18   18   18   18   18
   18   19   18   18   18   18   18   18   19   19   19   19   19   19   19   19
   19   19   19   19   19   19   19   19   19   20   20   20   20   20   20   20
   20   20   20   20   20   20   20   20   20
    85.0-180.0 180.0   5.0 450.0                            LAT/LON1/LON2/DLON/H
   21   21   21   21   21   21   21   21   21   21   20   20   20   19   19   19
   19   18   18   18   17   17   17   17   17   17   17   17   17   17   17   17
   18   18   18   18   18   18   18   18   18   18   18   18   19   19   19   19
   19   19   19   19   19   20   20   20   20   20   20   20   21   21   21   21
   21   21   21   21   21   21   21   21   21
    82.5-180.0 180.0   5.0 450.0                            LAT/LON1/LON2/DLON/H
   21   21   21   21   21   21   21   21   21   21   20   20   20   19   19   18
   19   18   17   17   16   16   16   16   16   16   16   16   16   16   17   17
   17   18   18   18   18   19   19   19   19   19   19   19   19   19   19   19
   19   19   19   19   20   20   20   21   21   21   21   22   22   22   22   22
   22   22   22   22   22   21   22   21   21
    80.0-180.0 180.0   5.0 450.0                            LAT/LON1/LON2/DLON/H
   21   20   20   20   20   20   20   20   20   20   20   20   20   19   19   18
   18   17   16   16   15   15   14   14   15   14   15   15   15   16   17   17
   17   18   18   19   19   20   20   20   20   20   20   19   19   19   19   19
   19   19   20   20   20   21   21   22   22   23   23   23   23   24   24   23
   23   23   23   22   22   21   21   21   21
    77.5-180.0 180.0   5.0 450.0                            LAT/LON1/LON2/DLON/H
   20   19   19   19   19   19   19   19   19   19   19   19   19   19   18   18
   17   17   16   15   14   14   14   13   13   14   14   15   15   16   17   17
   18   19   20   20   20   20   21   20   20   20   20   20   20   19   19   19
   19   19   19   20   21   22   22   23   24   24   25   25   25   26   26   25
   25   25   24   23   22   22   21   21   20
    75.0-180.0 180.0   5.0 450.0                            LAT/LON1/LON2/DLON/H
   20   19   18   18   18   17   18   17   18   18   18   18   18   18   17   17
   16   16   15   14   14   13   13   13   13   13   14   15   16   16   17   17
   18   19   19   20   20   21   21   20   20   20   20   19   19   18   18   18
   18   19   19   20   21   22   23   24   26   27   28   28   29   28   29   28
   28   27   26   25   24   23   22   20   20
    72.5-180.0 180.0   5.0 450.0                            LAT/LON1/LON2/DLON/H
   21   20   19   18   17   17   16   16   16   16   17   17   17   17   16   16
   16   15   15   14   14   13   13   13   14   14   14   15   16   16   17   17
   18   18   19   20   20   20   20   20   20   19   19   19   18   18   17   18
   18   18   19   20   22   22   24   26   27   29   30   31   32   32   32   32
   31   31   29   28   27   25   24   22   21
    70.0-180.0 180.0   5.0 450.0                            LAT/LON1/LON2/DLON/H
   24   22   20   19   17   17   16   16   15   15   16   16   16   16   16   16
   15   15   15   14   14   14   14   14   14   15   15   15   16   16   16   17
   17   18   18   18   18   18   18   18   18   18   17   17   17   16   16   16
   17   17   19   20   21   23   26   27   29   31   33   34   35   36   36   36
   36   35   34   33   31   29   27   26   24
    67.5-180.0 180.0   5.0 450.0                            LAT/LON1/LON2/DLON/H
   28   26   23   21   19   18   17   16   15   15   15   15   15   15   15   15
   15   15   14   15   14   14   15   14   15   15   15   15   16   16   16   16
   16   16   16   16   16   16   16   16   16   16   16   16   15   15   15   15
   16   17   18   20   22   25   27   29   31   33   36   37   39   40   41   41
   41   41   40   39   37   35   33   31   28
    65.0-180.0 180.0   5.0 450.0                            LAT/LON1/LON2/DLON/H
   34   31   28   25   22   20   18   17   15   15   15   15   15   15   15   15
   15   15   15   15   15   15   16   16   16   16   16   16   16   16   16   16
   16   16   15   15   15   15   15   15   15   15   15   14   14   14   14   14
   15   16   18   20   23   25   28   31   33   36   38   41   42   44   46   47
   47   47   46   45   44   41   39   37   34
    62.5-180.0 180.0   5.0 450.0                            LAT/LON1/LON2/DLON/H
   40   37   33   30   26   23   21   18   17   16   15   15   15   15   15   16
   16   16   16   16   16   16   17   17   17   18   17   17   17   17   17   17
   17   16   16   16   15   15   15   15   16   15   15   15   14   14   14   14
   15   17   19   21   24   27   30   33   36   39   42   44   47   49   51   53
   54   54   54   53   51   49   46   43   40
    60.0-180.0 180.0   5.0 450.0                            LAT/LON1/LON2/DLON/H
   46   43   39   34   31   27   24   21   19   17   16   16   16   16   16   17
   17   17   17   17   17   18   18   19   19   19   20   20   20   20   20   20
   19   20   19   19   19   18   18   18   18   18   17   17   16   16   15   15
   17   19   21   24   27   31   34   37   40   43   46   49   52   54   57   59
   60   61   61   60   58   56   53   50   46
    57.5-180.0 180.0   5.0 450.0                            LAT/LON1/LON2/DLON/H
   52   48   44   40   35   31   27   24   21   19   18   17   17   17   17   18
   18   18   19   19   19   20   20   21   22   22   23   23   24   24   24   24
   24   25   25   25   24   24   24   23   22   22   21   20   19   19   18   18
   19   22   25   28   32   36   39   42   45   48   51   54   57   60   63   65
   66   67   67   66   65   62   60   56   52
    55.0-180.0 180.0   5.0 450.0                            LAT/LON1/LON2/DLON/H
   58   54   50   45   40   35   31   27   24   22   20   19   19   19   20   20
   20   21   21   21   22   23   24   25   26   27   27   28   28   29   30   31
   31   32   32   32   32   31   30   29   28   27   26   25   24   23   22   22
   24   26   30   34   38   42   46   48   52   54   57   60   64   66   69   71
   72   73   73   73   71   68   65   62   58
    52.5-180.0 180.0   5.0 450.0                            LAT/LON1/LON2/DLON/H
   63   59   55   50   45   41   36   32   28   25   23   22   22   22   22   23
   24   24   25   25   26   27   28   29   31   32   33   34   34   35   37   37
   39   40   40   40   39   39   37   35   34   33   31   30   28   28   27   28
   29   33   37   41   46   50   53   56   59   62   64   68   70   73   75   77
   78   79   78   78   76   74   71   67   63
    50.0-180.0 180.0   5.0 450.0                            LAT/LON1/LON2/DLON/H
   68   64   60   55   51   46   41   36   33   30   28   26   26   26   27   27
   28   28   29   30   31   32   34   35   37   39   39   40   41   42   43   44
   46   47   48   48   47   45   44   42   40   38   37   35   34   33   33   33
   36   40   44   49   54   58   61   64   67   70   72   75   77   79   81   82
   83   84   83   82   81   78   75   72   68
    47.5-180.0 180.0   5.0 450.0                            LAT/LON1/LON2/DLON/H
   73   69   65   61   56   51   47   42   38   34   32   31   30   30   31   32
   33   34   34   36   37   38   40   42   44   46   46   47   47   48   48   50
   51   52   53   53   52   51   49   47   44   43   41   40   39   38   39   40
   43   47   52   57   62   66   69   72   74   77   79   81   84   85   86   87
   87   88   87   87   85   83   80   77   73
    45.0-180.0 180.0   5.0 450.0                            LAT/LON1/LON2/DLON/H
   77   73   70   66   62   57   52   48   44   40   38   36   35   35   36   37
   38   40   41   42   43   45   47   49   51   52   53   53   52   52   52   53
   55   56   56   56   55   54   52   50   48   46   45   44   44   44   44   46
   50   54   60   65   69   73   77   79   81   83   86   87   89   90   90   90
   91   91   91   90   88   86   84   81   77
    42.5-180.0 180.0   5.0 450.0                            LAT/LON1/LON2/DLON/H
   80   77   74   70   66   62   57   53   49   46   43   41   41   41   42   43
   44   45   47   48   50   52   54   56   57   58   58   57   56   55   54   55
   56   56   57   57   56   55   53   52   50   49   48   48   48   48   50   52
   56   61   66   71   76   79   82   85   88   90   91   93   94   94   94   94
   94   94   93   93   91   89   87   84   80
    40.0-180.0 180.0   5.0 450.0                            LAT/LON1/LON2/DLON/H
   83   80   76   73   70   66   62   58   54   51   49   47   46   46   47   48
   49   51   52   54   56   58   60   61   62   62   61   60   58   56   55   55
   56   56   56   56   55   55   54   53   52   51   51   51   51   52   54   57
   62   67   72   77   81   84   88   90   92   95   97   98   99   99   99   98
   97   97   96   95   94   92   89   86   83
    37.5-180.0 180.0   5.0 450.0                            LAT/LON1/LON2/DLON/H
   84   81   78   75   71   69   65   61   58   55   53   52   51   51   52   53
   54   55   57   59   61   63   64   65   65   65   64   61   59   56   55   54
   55   55   55   55   55   54   54   54   53   53   53   53   54   55   57   61
   66   71   76   81   85   88   92   95   98  100  103  105  105  105  104  104
  102  101  100   98   96   94   91   88   84
    35.0-180.0 180.0   5.0 450.0                            LAT/LON1/LON2/DLON/H
   86   82   80   76   73   70   66   64   61   58   57   56   55   56   56   57
   58   59   61   63   65   66   67   67   66   66   64   61   59   57   55   55
   55   55   55   54   54   54   54   54   54   55   54   55   56   57   59   64
   69   75   80   85   88   92   96  100  104  108  110  112  113  114  113  111
  110  108  106  104  100   97   93   90   86
    32.5-180.0 180.0   5.0 450.0                            LAT/LON1/LON2/DLON/H
   89   85   82   78   75   71   68   65   63   61   60   59   58   59   59   60
   61   62   63   66   67   68   68   67   66   65   63   61   59   57   56   55
   56   55   55   54   54   54   55   55   55   55   55   56   56   58   61   66
   72   78   83   87   91   96  102  107  112  117  120  123  125  125  124  122
  120  118  115  111  107  103   99   94   89
    30.0-180.0 180.0   5.0 450.0                            LAT/LON1/LON2/DLON/H
   96   92   87   83   79   75   71   67   65   63   62   61   61   61   61   62
   63   63   65   67   68   69   68   67   65   64   63   62   60   59   58   58
   58   57   56   55   54   54   55   55   55   55   55   55   55   57   61   66
   74   80   86   90   95  101  108  115  122  128  133  137  139  140  139  137
  134  131  127  123  118  113  107  102   96
    27.5-180.0 180.0   5.0 450.0                            LAT/LON1/LON2/DLON/H
  108  102   96   91   86   80   75   71   68   66   64   63   62   62   62   63
   64   65   66   68   69   70   68   67   65   64   63   62   62   62   61   61
   61   60   58   56   55   54   54   54   54   54   53   53   53   56   60   67
   75   82   88   94  100  108  117  125  134  141  147  153  156  157  156  154
  151  148  144  139  133  127  121  114  108
    25.0-180.0 180.0   5.0 450.0                            LAT/LON1/LON2/DLON/H
  126  118  111  103   96   89   83   77   73   70   68   66   64   63   64   64
   65   66   67   69   70   70   68   66   64   64   64   64   65   65   65   65
   64   62   60   57   54   53   52   52   51   51   49   49   50   53   59   67
   76   84   92   99  106  116  126  137  147  156  163  170  174  176  175  173
  170  167  163  159  153  147  140  133  126
    22.5-180.0 180.0   5.0 450.0                            LAT/LON1/LON2/DLON/H
  148  139  130  121  112  103   94   86   80   75   72   69   67   65   65   65
   66   67   68   70   71   71   69   67   66   65   66   67   68   69   69   68
   67   64   61   57   53   51   49   48   47   46   45   44   46   50   58   68
   78   87   96  104  113  125  137  149  160  170  179  186  192  194  194  192
  190  188  185  181  176  170  163  156  148
    20.0-180.0 180.0   5.0 450.0                            LAT/LON1/LON2/DLON/H
  172  162  152  141  130  119  107   97   89   83   78   74   71   68   67   68
   68   69   70   71   72   72   71   69   68   68   68   70   72   72   72   70
   68   65   60   56   51   48   46   44   43   41   39   39   42   48   57   68
   80   91  100  110  121  134  148  160  172  183  193  201  207  210  210  210
  208  207  206  203  199  194  188  180  172
    17.5-180.0 180.0   5.0 450.0                            LAT/LON1/LON2/DLON/H
  196  185  174  162  150  137  123  111  101   93   87   81   76   73   71   71
   71   72   73   73   74   74   73   72   71   71   71   73   74   74   73   71
   68   64   60   54   49   45   42   40   38   36   34   35   39   46   57   69
   82   94  104  116  128  143  157  171  182  193  203  212  219  222  223  224
  224  225  225  224  221  217  212  205  196
    15.0-180.0 180.0   5.0 450.0                            LAT/LON1/LON2/DLON/H
  217  206  194  182  169  155  140  126  114  104   97   90   84   79   76   76
   76   76   76   77   76   76   76   75   74   74   74   74   75   75   73   71
   67   63   58   53   47   43   39   37   35   33   31   32   37   46   57   72
   85   97  109  121  135  151  165  178  190  200  210  219  226  230  232  234
  236  238  240  241  239  236  231  225  217
    12.5-180.0 180.0   5.0 450.0                            LAT/LON1/LON2/DLON/H
  231  221  210  198  185  171  156  141  127  116  108  100   93   87   84   82
   82   81   81   80   79   79   79   78   77   77   76   75   75   74   72   69
   66   61   57   52   46   42   38   36   34   31   30   31   37   46   59   74
   88  100  113  126  141  157  171  184  194  204  214  223  230  234  237  240
  244  248  251  252  252  249  245  239  231
    10.0-180.0 180.0   5.0 450.0                            LAT/LON1/LON2/DLON/H
  240  231  221  209  198  184  169  154  140  129  119  111  103   97   92   90
   89   88   86   84   83   82   82   81   80   78   77   76   74   73   71   68
   64   61   56   51   47   42   39   37   34   32   31   32   38   48   62   76
   90  103  116  130  146  161  176  187  196  206  215  224  231  236  240  244
  249  254  258  260  260  257  253  247  240
     7.5-180.0 180.0   5.0 450.0                            LAT/LON1/LON2/DLON/H
  244  236  227  217  207  195  181  166  152  141  130  122  114  107  102   99
   97   95   92   89   87   86   84   83   81   79   77   75   73   72   70   67
   64   60   56   52   48   44   41   39   37   34   33   35   41   51   64   78
   92  105  119  133  149  164  178  188  197  206  214  223  231  237  242  247
  253  258  262  264  263  260  256  251  244
     5.0-180.0 180.0   5.0 450.0                            LAT/LON1/LON2/DLON/H
  245  238  231  223  214  204  191  177  163  151  141  133  124  117  112  108
  104  101   97   94   91   88   87   84   83   80   78   75   73   71   69   67
   64   61   58   54   50   47   44   42   39   37   36   38   44   54   67   80
   93  106  120  135  151  166  179  189  197  205  214  223  231  238  244  250
  256  261  265  266  264  261  256  251  245
     2.5-180.0 180.0   5.0 450.0                            LAT/LON1/LON2/DLON/H
  246  240  234  228  221  212  200  187  173  161  151  142  134  127  121  116
  112  107  103   99   95   92   89   86   84   82   79   76   74   72   70   68
   65   63   59   56   53   49   47   45   43   40   40   42   48   58   70   83
   95  108  121  136  152  166  178  188  197  206  215  224  233  240  247  254
  260  265  268  268  266  262  257  252  246
