sample_files/i/ionex/irtg0120.21i
     1.0            IONOSPHERE MAPS     GPS                 IONEX VERSION / TYPE
tecrms2ionex_4.awk  UPC-IonSAT          01/22/21 1001UT     PGM / RUN BY / DATE
Global ionosphere maps for day  12, 2021 (12- 1-2021)       DESCRIPTION
Contact address: Manuel Hernandez-Pajares                   DESCRIPTION
                 IonSAT research group                      DESCRIPTION
                 Technical Univ. of Catalonia (UPC-IonSAT)  DESCRIPTION
                 Mod. C3 Campus Nord UPC                    DESCRIPTION
                 E08034-Barcelona, SPAIN                    DESCRIPTION
                 e-mail:  manuel@ma4.upc.edu                DESCRIPTION
                                                            DESCRIPTION
  2021     1    12     0     0     0                        EPOCH OF FIRST MAP
  2021     1    12    23    40     0                        EPOCH OF LAST MAP
  1200                                                      INTERVAL
    72                                                      # OF MAPS IN FILE
  COSZ                                                      MAPPING FUNCTION
     0.0                                                    ELEVATION CUTOFF
    99                                                      # OF STATIONS
    33                                                      # OF SATELLITES
  6371.0                                                    BASE RADIUS
     2                                                      MAP DIMENSION
   450.0 450.0   0.0                                        HGT1 / HGT2 / DHGT
    87.5 -87.5  -2.5                                        LAT1 / LAT2 / DLAT
  -180.0 180.0   5.0                                        LON1 / LON2 / DLON
    -1                                                      EXPONENT
TEC values in  0.1 TECUs; 9999 if no value available        COMMENT
Validation with JASON: <TEC_JASON - TEC_GPS>  [TECU]        DESCRIPTION
         (reference day of year: 012)                       DESCRIPTION
                                                            DESCRIPTION
           Bias   Sigma     RMS    VTEC   %ERR    #OBS      DESCRIPTION
          -3.19    2.65    4.15    7.44   55.8   48331      DESCRIPTION
                                                            DESCRIPTION
UT(hours)  Bias   Sigma     RMS    VTEC   %ERR    #OBS      DESCRIPTION
   0.00   -3.95    1.81    4.35    3.36  129.5    2346      DESCRIPTION
   2.00   -1.75    3.51    3.92    9.74   40.2    4606      DESCRIPTION
   4.00   -3.60    2.33    4.29    9.21   46.5    4297      DESCRIPTION
   6.00   -2.89    2.42    3.77    9.94   37.9    3500      DESCRIPTION
   8.00   -2.75    2.07    3.44    7.60   45.3    4244      DESCRIPTION
  10.00   -2.56    1.73    3.09    5.43   57.0    3642      DESCRIPTION
  12.00   -2.90    2.41    3.78    6.88   54.9    4212      DESCRIPTION
  14.00   -3.22    1.96    3.76    7.17   52.5    4141      DESCRIPTION
  16.00   -4.17    2.43    4.82    5.26   91.7    3351      DESCRIPTION
  18.00   -4.06    3.26    5.21    6.05   86.0    4211      DESCRIPTION
  20.00   -4.56    2.96    5.43    6.75   80.5    3829      DESCRIPTION
  22.00   -2.88    2.39    3.74    8.46   44.2    3935      DESCRIPTION
  24.00   -2.52    2.47    3.53    9.82   36.0    2017      DESCRIPTION
                                                            DESCRIPTION
Lat(deg)   Bias   Sigma     RMS    VTEC   %ERR    #OBS      DESCRIPTION
 -60.00   -2.57    2.09    3.31    5.46   60.7   13033      DESCRIPTION
 -40.00   -3.29    2.13    3.92    6.44   61.0    9770      DESCRIPTION
 -20.00   -4.05    2.84    4.95   10.22   48.4    7290      DESCRIPTION
   0.00   -4.21    2.56    4.93   11.37   43.3    6608      DESCRIPTION
  20.00   -3.15    3.71    4.87    9.59   50.8    5356      DESCRIPTION
  40.00   -2.54    2.80    3.78    4.77   79.2    4242      DESCRIPTION
  60.00   -1.80    1.77    2.53    2.23  113.5    2032      DESCRIPTION
                                                            END OF HEADER
[from data line 18876]
    45                                                      START OF TEC MAP
  2021     1    12    14    40     0                        EPOCH OF CURRENT MAP
    87.5-180.0 180.0   5.0 450.0                            LAT/LON1/LON2/DLON/H
   18   18   18   18   18   18   18   18   18   18   19   19   19   19   19   19
   19   19   19   19   19   19   19   19   20   20   20   20   20   20   20   20
   20   20   20   20   20   20   20   20   20   20   20   20   20   20   20   20
   20   20   20   20   20   20   20   19   19   19   19   19   19   19   19   19
   19   19   19   19   19   19   19   18   18
    85.0-180.0 180.0   5.0 450.0                            LAT/LON1/LON2/DLON/H
   18   18   18   18   18   18   18   18   18   18   18   18   18   18   18   18
   19   19   19   19   19   19   20   19   20   20   20   20   21   21   21   21
   21   21   21   21   21   22   21   21   21   21   21   21   21   20   20   20
   20   20   20   20   20   20   20   20   19   19   19   20   20   19   19   19
   19   19   19   19   18   19   19   18   18
    82.5-180.0 180.0   5.0 450.0                            LAT/LON1/LON2/DLON/H
   18   18   18   18   18   18   18   18   18   18   18   18   18   18   18   18
   18   19   19   19   19   20   21   21   21   22   22   22   23   23   23   23
   23   23   23   23   23   23   23   23   23   22   22   22   21   21   21   21
   21   20   20   21   20   20   20   20   20   20   20   20   19   19   19   19
   19   19   19   19   18   18   18   18   18
    80.0-180.0 180.0   5.0 450.0                            LAT/LON1/LON2/DLON/H
   18   18   18   18   18   17   17   18   18   18   18   18   18   18   18   19
   18   19   19   20   21   21   22   22   23   24   24   25   25   25   26   26
   26   26   26   26   26   25   25   24   24   24   23   23   22   21   21   21
   21   20   20   20   20   20   20   20   19   20   20   20   19   19   19   19
   19   19   19   18   18   18   18   18   18
    77.5-180.0 180.0   5.0 450.0                            LAT/LON1/LON2/DLON/H
   17   17   18   18   17   17   18   18   18   18   18   18   18   18   19   19
   19   20   20   21   22   23   23   25   25   26   27   27   28   29   29   29
   29   29   29   28   27   27   26   25   25   24   24   23   22   22   21   21
   21   20   20   20   19   19   20   19   20   19   19   19   20   19   19   19
   19   19   19   18   18   18   18   17   17
    75.0-180.0 180.0   5.0 450.0                            LAT/LON1/LON2/DLON/H
   17   17   17   17   17   18   17   18   18   18   18   18   18   18   18   19
   19   20   21   22   23   24   26   27   28   29   30   31   32   32   32   32
   32   31   31   31   29   29   28   27   26   25   25   24   23   22   21   21
   21   20   20   19   19   19   19   19   19   19   19   19   19   18   19   18
   18   18   18   18   17   17   17   17   17
    72.5-180.0 180.0   5.0 450.0                            LAT/LON1/LON2/DLON/H
   16   16   17   17   17   17   17   17   17   17   17   18   18   18   18   19
   19   20   21   23   24   26   28   30   31   33   34   35   35   36   35   35
   35   34   34   33   32   30   29   28   27   26   25   24   23   22   21   21
   20   20   19   19   18   18   18   18   18   18   18   18   18   18   18   18
   18   18   17   17   17   17   17   17   16
    70.0-180.0 180.0   5.0 450.0                            LAT/LON1/LON2/DLON/H
   16   16   16   16   16   16   16   16   16   17   17   17   17   17   17   18
   19   20   22   23   26   28   30   33   35   36   38   39   39   39   39   39
   38   37   36   35   33   32   31   30   28   27   26   25   23   22   21   20
   19   19   18   18   17   17   17   17   17   17   17   17   17   17   18   18
   17   17   17   17   16   16   16   16   16
    67.5-180.0 180.0   5.0 450.0                            LAT/LON1/LON2/DLON/H
   15   15   16   16   15   15   16   16   15   15   15   15   15   16   16   17
   18   20   22   24   27   30   33   36   38   40   41   42   43   43   43   42
   41   40   39   37   36   34   33   32   30   29   27   25   23   22   21   19
   18   18   17   17   16   16   16   16   16   16   16   17   17   17   17   17
   17   17   16   16   16   16   16   15   15
    65.0-180.0 180.0   5.0 450.0                            LAT/LON1/LON2/DLON/H
   16   15   15   15   15   15   14   14   15   14   14   14   14   14   15   16
   17   19   22   25   29   32   35   39   41   43   45   46   47   47   46   46
   45   43   41   40   39   38   36   35   33   31   29   27   24   22   20   19
   18   17   16   16   16   15   15   15   15   15   16   16   17   16   17   17
   17   16   16   16   16   15   15   15   16
    62.5-180.0 180.0   5.0 450.0                            LAT/LON1/LON2/DLON/H
   15   16   15   15   15   15   14   14   13   13   13   13   13   13   14   15
   17   20   23   27   31   34   38   42   45   47   49   50   51   51   51   51
   49   48   46   44   42   41   40   38   37   35   32   29   26   23   21   18
   17   16   15   15   15   15   15   15   15   16   16   16   17   17   17   17
   17   16   16   16   16   15   16   15   15
    60.0-180.0 180.0   5.0 450.0                            LAT/LON1/LON2/DLON/H
   16   16   16   16   15   15   14   14   14   13   12   12   13   13   14   16
   18   21   24   29   33   37   42   45   49   51   53   54   56   57   57   56
   55   53   51   49   47   46   44   43   41   39   36   32   28   24   21   19
   17   16   15   15   15   15   16   16   17   17   17   18   18   18   18   18
   17   17   17   17   16   16   16   16   16
    57.5-180.0 180.0   5.0 450.0                            LAT/LON1/LON2/DLON/H
   18   18   17   17   17   16   16   15   15   14   14   13   14   14   15   17
   19   23   27   32   37   42   46   50   53   55   58   60   61   63   63   63
   61   60   58   55   53   52   50   48   46   43   40   36   32   27   23   20
   18   17   16   16   16   17   17   18   18   19   20   20   20   20   20   20
   19   19   19   18   18   18   18   17   18
    55.0-180.0 180.0   5.0 450.0                            LAT/LON1/LON2/DLON/H
   20   20   20   19   19   18   18   18   16   16   16   15   15   16   17   20
   22   27   32   37   42   47   51   55   58   61   63   65   67   69   70   70
   69   67   64   62   60   58   56   54   52   49   46   41   36   30   26   23
   20   19   19   19   19   20   20   21   22   23   23   24   23   23   23   23
   22   22   22   21   21   21   20   20   20
    52.5-180.0 180.0   5.0 450.0                            LAT/LON1/LON2/DLON/H
   24   24   24   23   23   22   22   21   20   19   19   18   18   19   21   23
   27   32   37   43   49   53   57   61   64   67   69   72   74   76   77   76
   76   74   71   68   66   63   62   60   58   55   51   47   41   36   31   28
   25   24   23   23   24   24   25   26   26   27   28   28   28   28   27   27
   26   26   26   25   25   25   25   24   24
    50.0-180.0 180.0   5.0 450.0                            LAT/LON1/LON2/DLON/H
   29   28   27   27   27   27   27   26   25   24   23   22   22   23   25   29
   33   38   44   50   56   61   65   68   71   74   76   78   80   81   82   82
   81   80   77   74   72   69   67   66   64   61   58   53   48   42   38   34
   31   30   29   29   30   30   30   31   32   33   33   33   33   33   32   32
   31   31   30   30   30   29   29   29   29
    47.5-180.0 180.0   5.0 450.0                            LAT/LON1/LON2/DLON/H
   34   33   33   32   32   32   32   31   31   29   28   27   27   28   31   35
   40   45   52   58   64   69   73   76   79   81   83   84   86   87   87   87
   86   84   82   79   76   74   72   71   69   67   64   60   55   50   46   42
   39   38   37   36   36   37   37   37   38   39   38   39   39   39   38   38
   37   36   36   35   35   35   34   34   34
    45.0-180.0 180.0   5.0 450.0                            LAT/LON1/LON2/DLON/H
   39   38   37   37   37   37   37   37   36   35   33   32   32   33   36   41
   46   53   60   66   72   77   81   84   86   88   90   90   90   90   90   89
   89   87   86   83   81   79   77   76   74   73   70   67   63   58   54   50
   48   45   44   43   43   43   43   43   44   44   44   44   44   44   44   42
   42   41   40   40   40   40   40   39   39
    42.5-180.0 180.0   5.0 450.0                            LAT/LON1/LON2/DLON/H
   44   42   41   41   41   41   41   41   41   39   38   37   37   39   42   47
   53   60   67   74   79   85   88   91   94   95   96   95   95   93   92   91
   90   90   89   88   86   84   82   81   79   78   76   73   70   66   62   58
   55   53   52   51   50   49   49   49   49   49   49   49   49   49   48   48
   46   45   44   44   44   44   44   44   44
    40.0-180.0 180.0   5.0 450.0                            LAT/LON1/LON2/DLON/H
   47   46   45   44   43   44   44   45   45   43   42   41   41   44   48   53
   60   67   74   80   86   91   95   98  100  101  101   99   97   95   94   93
   92   93   94   93   92   91   89   87   85   84   82   80   77   74   69   66
   62   60   58   57   55   54   54   53   53   53   53   53   53   52   52   51
   50   48   46   46   46   47   47   47   47
    37.5-180.0 180.0   5.0 450.0                            LAT/LON1/LON2/DLON/H
   48   48   47   45   45   45   46   47   47   47   45   44   46   49   53   59
   66   73   79   86   92   97  101  104  106  106  106  104  101   98   96   96
   96   98  100  101  101   99   97   94   92   90   88   86   84   80   76   72
   68   66   63   62   59   58   57   57   56   56   55   55   55   55   55   53
   51   49   48   47   47   48   49   49   48
    35.0-180.0 180.0   5.0 450.0                            LAT/LON1/LON2/DLON/H
   48   48   46   45   44   44   46   47   48   48   47   47   49   53   59   65
   72   78   84   90   96  101  105  108  110  111  110  108  106  103  101  102
  103  107  110  111  111  110  107  104  100   97   95   93   90   86   82   77
   72   69   67   65   63   62   60   59   58   57   57   57   57   57   56   55
   52   50   48   46   47   48   49   49   48
    32.5-180.0 180.0   5.0 450.0                            LAT/LON1/LON2/DLON/H
   47   46   45   44   43   43   44   46   47   48   47   49   52   57   63   70
   76   82   88   95  100  105  109  112  114  114  115  114  113  111  111  112
  115  119  123  125  125  123  119  114  110  106  102   99   96   92   86   81
   76   73   70   68   66   64   63   61   60   59   58   57   57   57   56   55
   52   49   47   46   46   47   47   48   47
    30.0-180.0 180.0   5.0 450.0                            LAT/LON1/LON2/DLON/H
   45   45   43   42   41   41   42   44   45   46   48   50   54   61   68   75
   81   87   92   98  104  108  112  115  117  118  120  121  122  123  125  127
  131  136  139  141  140  137  132  126  120  115  110  107  103   97   91   85
   80   76   73   71   69   67   65   64   62   60   59   58   57   57   56   54
   51   49   47   45   44   45   45   46   45
    27.5-180.0 180.0   5.0 450.0                            LAT/LON1/LON2/DLON/H
   44   43   42   40   39   39   39   41   43   45   46   50   56   63   72   78
   85   91   96  101  107  111  115  118  120  123  127  131  135  138  142  146
  150  155  158  158  156  152  146  138  131  125  120  115  110  104   97   90
   85   81   78   75   73   71   68   67   64   62   60   58   57   56   55   54
   51   48   46   45   44   44   44   44   44
    25.0-180.0 180.0   5.0 450.0                            LAT/LON1/LON2/DLON/H
   42   41   40   39   38   37   38   39   40   42   45   49   57   65   75   82
   88   95  100  106  111  115  119  122  125  129  135  142  150  156  162  167
  172  175  177  176  172  166  159  151  143  136  130  125  120  113  105   98
   92   87   84   81   78   76   73   70   66   63   60   58   57   56   55   54
   51   49   47   45   44   44   43   43   42
    22.5-180.0 180.0   5.0 450.0                            LAT/LON1/LON2/DLON/H
   41   40   39   38   38   37   37   37   38   40   43   49   58   68   77   85
   93   99  105  111  115  120  124  127  131  137  145  155  166  175  183  188
  192  195  195  192  186  179  171  162  154  147  141  137  131  124  115  107
  100   96   91   88   85   81   78   74   70   66   62   59   57   56   55   54
   52   50   48   46   45   44   43   42   41
    20.0-180.0 180.0   5.0 450.0                            LAT/LON1/LON2/DLON/H
   41   40   39   38   38   37   36   36   36   38   41   48   58   69   79   88
   96  104  110  116  121  126  130  133  139  146  156  169  182  193  202  207
  211  212  210  205  198  190  181  173  165  159  154  149  143  136  127  119
  111  106  100   96   92   88   83   79   74   68   64   61   58   57   56   54
   53   51   49   48   46   45   44   42   41
    17.5-180.0 180.0   5.0 450.0                            LAT/LON1/LON2/DLON/H
   41   40   39   39   38   37   36   35   35   36   41   48   59   71   82   92
  101  109  116  123  128  133  137  142  148  157  168  183  197  209  218  223
  224  224  221  215  208  198  190  183  176  171  167  163  157  150  140  132
  123  116  110  104  100   94   90   84   78   72   67   63   59   58   56   55
   54   53   51   49   48   47   45   43   41
    15.0-180.0 180.0   5.0 450.0                            LAT/LON1/LON2/DLON/H
   41   39   38   38   38   37   36   35   35   36   40   48   60   72   84   95
  105  114  123  130  135  140  145  151  158  168  181  196  210  221  230  234
  235  234  229  223  214  206  199  192  187  183  180  177  172  164  154  144
  135  127  119  112  106  101   95   89   82   76   70   65   62   59   58   56
   55   53   52   50   49   48   46   43   41
    12.5-180.0 180.0   5.0 450.0                            LAT/LON1/LON2/DLON/H
   40   38   37   37   37   37   36   35   34   35   41   49   61   74   87   99
  110  120  130  137  144  149  155  161  170  180  192  206  220  230  237  240
  241  239  235  228  221  213  207  202  198  196  194  191  185  177  167  157
  146  136  127  119  113  107  100   94   87   81   75   69   65   62   59   57
   56   54   52   51   49   48   45   43   40
    10.0-180.0 180.0   5.0 450.0                            LAT/LON1/LON2/DLON/H
   40   37   35   35   36   36   35   33   33   35   41   51   63   77   90  103
  115  126  137  146  152  158  164  171  180  190  202  215  227  235  241  244
  244  243  239  233  227  221  216  212  209  207  206  203  198  189  179  167
  155  145  134  126  118  111  106   99   92   86   80   74   70   65   62   59
   57   54   53   51   49   48   45   43   40
     7.5-180.0 180.0   5.0 450.0                            LAT/LON1/LON2/DLON/H
   38   35   33   33   34   34   34   32   32   35   42   53   65   79   94  107
  120  132  144  153  159  166  174  181  190  199  210  220  230  238  242  245
  246  245  242  238  233  229  225  222  220  218  217  214  207  198  187  175
  163  151  140  131  123  116  110  104   98   92   86   80   74   69   65   61
   57   54   52   51   49   47   45   42   38
     5.0-180.0 180.0   5.0 450.0                            LAT/LON1/LON2/DLON/H
   37   33   31   31   31   32   32   31   31   35   42   54   68   83   97  110
  124  138  149  159  167  174  181  189  198  207  215  224  232  239  243  246
  248  249  248  244  241  237  234  232  229  228  226  222  215  205  194  182
  169  157  145  135  127  120  115  109  103   98   92   86   80   74   69   64
   59   55   52   50   49   46   44   41   37
     2.5-180.0 180.0   5.0 450.0                            LAT/LON1/LON2/DLON/H
   36   33   30   29   30   30   30   29   30   35   44   56   70   85   99  114
  128  142  155  165  172  180  188  196  204  212  219  226  233  239  244  249
  252  254  253  251  248  246  243  241  237  235  232  227  219  209  198  186
  174  161  149  139  131  124  119  113  108  104   98   92   86   80   73   67
   61   57   54   51   49   47   44   41   36
