sample_files/i/ionex/irtg0070.21i
     1.0            IONOSPHERE MAPS     GPS                 IONEX VERSION / TYPE
tecrms2ionex_4.awk  UPC-IonSAT          01/22/21 1001UT     PGM / RUN BY / DATE
Global ionosphere maps for day   7, 2021 ( 7- 1-2021)       DESCRIPTION
Contact address: Manuel Hernandez-Pajares                   DESCRIPTION
                 IonSAT research group                      DESCRIPTION
                 Technical Univ. of Catalonia (UPC-IonSAT)  DESCRIPTION
                 Mod. C3 Campus Nord UPC                    DESCRIPTION
                 E08034-Barcelona, SPAIN                    DESCRIPTION
                 e-mail:  manuel@ma4.upc.edu                DESCRIPTION
                                                            DESCRIPTION
  2021     1     7     0     0     0                        EPOCH OF FIRST MAP
  2021     1     7    23    40     0                        EPOCH OF LAST MAP
  1200                                                      INTERVAL
    72                                                      # OF MAPS IN FILE
  COSZ                                                      MAPPING FUNCTION
     0.0                                                    ELEVATION CUTOFF
    99                                                      # OF STATIONS
    33                                                      # OF SATELLITES
  6371.0                                                    BASE RADIUS
     2                                                      MAP DIMENSION
   450.0 450.0   0.0                                        HGT1 / HGT2 / DHGT
    87.5 -87.5  -2.5                                        LAT1 / LAT2 / DLAT
  -180.0 180.0   5.0                                        LON1 / LON2 / DLON
    -1                                                      EXPONENT
TEC values in  0.1 TECUs; 9999 if no value available        COMMENT
Validation with JASON: <TEC_JASON - TEC_GPS>  [TECU]        DESCRIPTION
         (reference day of year: 007)                       DESCRIPTION
                                                            DESCRIPTION
           Bias   Sigma     RMS    VTEC   %ERR    #OBS      DESCRIPTION
          -3.67    2.87    4.66    7.92   58.8   47431      DESCRIPTION
                                                            DESCRIPTION
UT(hours)  Bias   Sigma     RMS    VTEC   %ERR    #OBS      DESCRIPTION
   0.00   -2.86    1.67    3.31    5.21   63.6    1521      DESCRIPTION
   2.00   -4.16    3.29    5.31    7.36   72.1    5126      DESCRIPTION
   4.00   -3.60    2.53    4.40    8.91   49.4    4500      DESCRIPTION
   6.00   -2.86    3.58    4.59   12.52   36.6    3224      DESCRIPTION
   8.00   -4.14    2.42    4.79    8.81   54.4    3746      DESCRIPTION
  10.00   -3.76    2.08    4.30    4.22  102.0    3386      DESCRIPTION
  12.00   -4.81    2.32    5.34    5.81   91.9    4033      DESCRIPTION
  14.00   -3.88    2.27    4.50    8.26   54.4    4223      DESCRIPTION
  16.00   -3.19    2.29    3.93    6.27   62.6    3656      DESCRIPTION
  18.00   -3.23    2.43    4.04    7.66   52.8    3862      DESCRIPTION
  20.00   -4.40    2.89    5.26    7.85   67.1    4412      DESCRIPTION
  22.00   -3.04    3.54    4.67    9.52   49.1    3872      DESCRIPTION
  24.00   -1.90    4.02    4.45   10.67   41.7    1870      DESCRIPTION
                                                            DESCRIPTION
Lat(deg)   Bias   Sigma     RMS    VTEC   %ERR    #OBS      DESCRIPTION
 -60.00   -2.77    1.87    3.34    6.74   49.6   12612      DESCRIPTION
 -40.00   -4.22    2.36    4.83    6.66   72.6    9760      DESCRIPTION
 -20.00   -4.56    3.79    5.94   12.01   49.4    6887      DESCRIPTION
   0.00   -4.78    2.89    5.58   11.48   48.6    6062      DESCRIPTION
  20.00   -3.79    3.78    5.35    8.93   59.9    5636      DESCRIPTION
  40.00   -2.84    2.05    3.50    4.59   76.2    3915      DESCRIPTION
  60.00   -1.97    1.80    2.67    1.96  136.6    2559      DESCRIPTION
                                                            END OF HEADER
[from data line 26598]
    63                                                      START OF TEC MAP
  2021     1     7    20    40     0                        EPOCH OF CURRENT MAP
    87.5-180.0 180.0   5.0 450.0                            LAT/LON1/LON2/DLON/H
   21   21   21   22   22   22   22   22   22   22   22   22   22   22   22   22
   22   22   22   21   21   21   21   20   20   20   20   19   19   19   19   18
   18   18   18   18   18   17   17   17   17   17   17   17   17   17   17   17
   17   17   17   17   18   18   18   18   18   18   18   18   18   19   19   19
   20   20   20   20   20   20   20   20   21
    85.0-180.0 180.0   5.0 450.0                            LAT/LON1/LON2/DLON/H
   22   22   23   23   23   24   24   25   25   25   25   25   25   25   25   25
   25   25   24   23   23   23   22   21   21   21   20   19   19   18   18   18
   17   17   17   16   16   16   16   16   17   16   16   16   16   16   16   17
   17   17   17   17   17   17   17   18   18   18   18   18   19   19   19   19
   19   20   20   20   20   21   21   21   22
    82.5-180.0 180.0   5.0 450.0                            LAT/LON1/LON2/DLON/H
   22   22   23   23   24   25   26   27   27   28   28   29   29   29   29   28
   28   28   27   26   26   25   24   23   22   21   20   19   18   18   17   17
   17   16   16   16   16   16   16   16   16   16   16   16   16   17   17   17
   17   17   17   17   17   17   18   18   18   18   18   18   18   18   18   19
   19   19   19   20   20   21   21   21   22
    80.0-180.0 180.0   5.0 450.0                            LAT/LON1/LON2/DLON/H
   20   21   22   23   24   26   27   28   29   30   31   31   32   32   32   32
   32   31   30   29   28   27   25   24   22   21   20   19   18   18   17   17
   17   17   16   16   16   17   16   17   17   17   17   17   17   18   18   18
   18   18   18   18   18   18   18   18   18   18   18   18   18   18   18   19
   18   19   19   19   19   19   20   20   20
    77.5-180.0 180.0   5.0 450.0                            LAT/LON1/LON2/DLON/H
   19   20   21   23   24   26   27   29   31   32   33   34   35   35   36   36
   35   35   34   32   31   29   27   25   24   22   20   19   18   17   17   17
   17   17   17   17   17   17   17   18   18   18   18   18   18   18   19   19
   19   18   19   18   18   18   18   18   18   18   18   18   18   18   18   18
   17   18   17   17   18   17   18   18   19
    75.0-180.0 180.0   5.0 450.0                            LAT/LON1/LON2/DLON/H
   18   19   20   22   24   26   28   30   32   34   36   37   38   39   40   39
   39   38   37   36   34   32   29   27   25   23   21   19   18   17   17   17
   17   17   18   17   18   18   18   18   18   18   18   18   19   19   19   19
   19   19   19   19   18   18   18   18   18   17   18   18   18   17   17   17
   17   16   16   16   16   16   16   17   18
    72.5-180.0 180.0   5.0 450.0                            LAT/LON1/LON2/DLON/H
   17   18   20   22   24   28   30   33   35   37   39   41   42   43   44   44
   43   43   41   39   37   35   32   29   26   24   21   19   18   17   17   17
   17   18   17   18   18   17   18   17   17   17   17   17   18   18   18   18
   18   18   18   18   18   18   17   17   17   17   17   17   17   17   16   16
   16   15   15   14   14   14   15   16   17
    70.0-180.0 180.0   5.0 450.0                            LAT/LON1/LON2/DLON/H
   17   19   22   24   27   30   33   36   39   42   44   46   47   48   49   49
   48   47   46   44   42   39   35   32   28   25   22   20   18   17   17   17
   17   17   17   17   16   16   16   16   15   15   15   15   16   16   16   17
   17   17   17   17   16   16   16   16   16   16   16   16   16   16   16   15
   15   14   14   13   13   14   15   16   17
    67.5-180.0 180.0   5.0 450.0                            LAT/LON1/LON2/DLON/H
   19   21   24   27   31   34   38   41   44   47   50   52   53   54   54   54
   54   53   51   49   47   43   40   36   31   27   23   21   19   18   17   17
   17   17   16   16   15   15   14   13   13   13   13   13   14   15   15   15
   15   15   15   15   15   15   15   15   15   15   15   15   16   16   15   15
   14   14   13   13   13   14   15   17   19
    65.0-180.0 180.0   5.0 450.0                            LAT/LON1/LON2/DLON/H
   22   25   29   32   36   39   43   47   50   53   56   58   60   61   61   61
   60   59   58   55   53   49   45   40   35   30   26   23   20   19   18   17
   17   16   16   15   14   13   12   12   11   11   12   12   13   13   13   14
   14   14   14   14   14   14   14   14   14   15   15   15   16   15   15   15
   14   14   13   13   14   15   17   19   22
    62.5-180.0 180.0   5.0 450.0                            LAT/LON1/LON2/DLON/H
   27   30   33   37   41   45   49   53   56   60   63   65   67   68   68   68
   67   66   64   61   59   54   49   44   39   34   29   25   22   21   19   18
   17   17   16   15   14   13   12   12   12   12   13   13   13   14   14   14
   14   14   14   14   14   14   14   14   15   15   15   16   17   16   16   16
   15   15   15   15   16   18   21   23   27
    60.0-180.0 180.0   5.0 450.0                            LAT/LON1/LON2/DLON/H
   32   36   39   43   47   51   54   58   62   66   69   71   73   75   75   75
   74   73   71   68   64   60   55   50   44   39   34   29   26   23   22   20
   19   18   18   16   16   16   15   15   15   16   16   16   16   16   16   16
   16   16   16   16   16   16   16   16   17   17   18   18   18   18   18   17
   17   16   16   17   19   21   24   28   32
    57.5-180.0 180.0   5.0 450.0                            LAT/LON1/LON2/DLON/H
   37   41   46   50   53   57   60   64   67   71   74   77   79   81   81   81
   81   79   76   73   69   65   60   55   49   44   39   35   31   28   26   24
   23   22   21   21   20   20   21   21   21   22   22   22   22   21   21   20
   20   20   19   20   19   20   20   20   20   21   21   21   21   21   20   20
   19   19   19   20   22   25   28   33   37
    55.0-180.0 180.0   5.0 450.0                            LAT/LON1/LON2/DLON/H
   43   47   52   56   60   63   67   70   73   76   79   82   84   86   87   87
   86   84   82   78   74   70   65   60   55   50   45   41   37   34   32   30
   29   27   27   26   27   27   28   29   29   30   30   30   29   28   27   26
   26   25   25   25   25   25   25   25   26   25   26   26   26   25   24   23
   22   22   22   23   26   29   34   38   43
    52.5-180.0 180.0   5.0 450.0                            LAT/LON1/LON2/DLON/H
   48   54   59   63   67   71   73   76   79   81   84   87   89   91   92   92
   91   89   86   83   79   74   70   66   61   57   52   48   45   41   39   36
   35   34   33   34   34   36   37   38   38   39   38   38   37   36   35   33
   33   33   32   32   32   32   31   31   31   31   31   31   30   29   28   27
   26   25   26   27   30   33   38   43   48
    50.0-180.0 180.0   5.0 450.0                            LAT/LON1/LON2/DLON/H
   54   60   66   71   76   79   83   85   87   89   90   92   94   96   97   97
   96   94   91   87   83   79   75   72   68   64   60   56   52   49   45   43
   41   40   40   41   42   44   45   46   47   47   46   46   45   43   42   42
   41   40   40   40   39   39   38   38   37   37   36   36   35   34   32   31
   29   28   29   30   34   38   43   48   54
    47.5-180.0 180.0   5.0 450.0                            LAT/LON1/LON2/DLON/H
   59   65   72   79   85   89   93   95   96   97   97   98   99  101  101  102
  101   99   95   92   88   85   82   78   76   73   68   64   59   55   51   49
   47   46   47   48   49   51   52   53   54   53   53   52   51   50   50   49
   49   48   48   47   46   45   45   44   44   43   42   41   40   38   37   35
   32   31   32   33   37   41   47   53   59
    45.0-180.0 180.0   5.0 450.0                            LAT/LON1/LON2/DLON/H
   63   71   78   86   93   99  103  106  107  107  106  106  106  107  107  107
  106  104  101   97   94   91   89   87   84   80   75   70   65   60   56   53
   51   51   52   53   54   56   57   58   58   58   58   58   57   56   56   55
   55   55   54   54   52   51   50   49   48   48   47   45   44   42   40   37
   35   34   34   36   40   45   50   57   63
    42.5-180.0 180.0   5.0 450.0                            LAT/LON1/LON2/DLON/H
   67   75   84   92  100  108  113  116  117  117  116  115  113  113  113  112
  111  109  107  104  102   99   97   95   92   87   82   76   70   64   60   57
   55   54   55   56   58   59   60   61   62   62   62   61   61   61   60   61
   60   60   59   58   57   56   55   53   53   52   51   49   48   45   42   40
   37   35   36   38   43   48   53   60   67
    40.0-180.0 180.0   5.0 450.0                            LAT/LON1/LON2/DLON/H
   70   78   87   96  104  112  119  123  126  126  125  123  121  120  119  118
  117  116  114  112  110  107  106  103   99   94   87   80   72   66   62   59
   57   57   58   60   61   62   62   63   64   64   64   64   64   64   64   64
   64   64   63   62   60   58   58   57   56   55   54   52   50   48   45   42
   38   36   37   40   45   50   56   63   70
    37.5-180.0 180.0   5.0 450.0                            LAT/LON1/LON2/DLON/H
   72   80   88   97  105  113  121  127  131  132  131  129  127  126  124  124
  123  122  121  120  118  116  113  110  105   99   91   82   75   68   65   62
   61   60   61   62   63   64   65   65   66   67   67   67   67   67   67   67
   67   66   65   63   62   60   59   58   58   57   56   54   52   49   46   43
   39   37   38   42   47   53   59   66   72
    35.0-180.0 180.0   5.0 450.0                            LAT/LON1/LON2/DLON/H
   75   82   89   96  104  112  119  126  131  134  134  133  132  131  130  129
  129  129  128  127  125  123  120  116  110  102   93   85   77   72   68   66
   65   65   65   66   66   67   67   69   69   70   70   70   69   69   69   68
   67   66   65   64   63   61   60   60   59   58   57   55   53   50   47   43
   40   38   40   44   50   56   63   68   75
    32.5-180.0 180.0   5.0 450.0                            LAT/LON1/LON2/DLON/H
   77   83   89   95  101  108  116  123  129  133  135  135  135  135  134  134
  134  134  134  133  132  129  125  119  113  104   96   88   81   76   73   72
   71   71   71   71   71   71   71   72   73   74   73   73   71   71   70   69
   67   66   64   63   62   61   60   60   59   58   56   54   53   50   48   44
   41   40   42   46   53   60   66   72   77
    30.0-180.0 180.0   5.0 450.0                            LAT/LON1/LON2/DLON/H
   82   87   92   97  101  106  113  120  127  131  134  136  137  138  138  138
  139  140  140  139  137  133  128  122  115  106   98   91   87   83   82   81
   80   80   79   78   77   76   76   76   77   77   75   74   73   71   70   68
   66   64   63   62   61   60   59   58   57   56   55   53   51   50   47   45
   42   42   45   50   58   65   71   76   82
    27.5-180.0 180.0   5.0 450.0                            LAT/LON1/LON2/DLON/H
   88   93   98  101  105  109  115  122  127  132  135  138  140  142  143  144
  144  146  146  144  141  136  130  124  117  109  103   98   95   93   93   92
   91   90   87   85   83   81   81   80   80   79   76   74   72   70   69   67
   65   62   60   60   59   59   58   56   55   54   52   51   49   48   46   44
   44   44   48   55   63   71   77   82   88
    25.0-180.0 180.0   5.0 450.0                            LAT/LON1/LON2/DLON/H
   96  102  108  112  116  119  124  129  134  137  140  143  146  149  150  151
  152  152  152  149  145  139  133  127  120  114  110  107  106  105  106  105
  104  101   97   93   89   86   84   82   81   79   76   73   70   69   67   65
   63   60   59   58   57   56   55   54   52   51   49   48   47   46   45   44
   45   47   52   60   69   77   84   89   96
    22.5-180.0 180.0   5.0 450.0                            LAT/LON1/LON2/DLON/H
  106  114  122  129  133  138  142  146  149  150  152  154  157  159  160  161
  161  161  159  156  150  144  137  132  126  121  119  118  119  119  119  118
  115  111  106  100   94   89   86   82   79   76   73   69   67   65   64   63
   60   58   56   55   54   54   52   50   48   47   46   44   43   43   42   43
   45   49   56   65   75   83   91   98  106
    20.0-180.0 180.0   5.0 450.0                            LAT/LON1/LON2/DLON/H
  117  128  139  149  157  163  168  170  171  171  171  173  174  175  176  175
  174  172  169  164  158  151  145  139  135  132  132  132  133  133  132  129
  125  119  112  105   97   91   85   81   77   72   68   64   62   61   61   59
   57   55   53   52   52   51   49   47   45   43   42   41   40   39   40   41
   45   51   59   70   80   90   98  107  117
    17.5-180.0 180.0   5.0 450.0                            LAT/LON1/LON2/DLON/H
  128  142  157  171  183  192  198  200  200  198  197  197  197  196  195  193
  190  186  181  175  168  162  156  152  148  146  146  146  147  146  143  139
  133  125  117  108  100   92   85   78   73   68   64   60   58   58   57   56
   55   52   50   49   48   48   45   43   42   40   39   37   36   36   36   39
   44   52   62   74   86   96  106  116  128
    15.0-180.0 180.0   5.0 450.0                            LAT/LON1/LON2/DLON/H
  138  155  174  192  208  219  227  230  229  227  225  224  223  221  217  213
  208  203  196  189  182  176  171  167  164  162  161  161  160  157  152  145
  137  129  120  110  101   93   85   77   71   65   60   57   55   54   54   54
   53   51   48   47   45   44   43   41   39   38   37   35   34   33   34   37
   43   52   64   77   90  102  112  124  138
    12.5-180.0 180.0   5.0 450.0                            LAT/LON1/LON2/DLON/H
  147  166  187  209  228  242  251  254  254  253  251  251  249  245  240  234
  227  220  213  205  198  193  189  185  182  179  178  176  172  166  158  150
  141  132  123  113  104   95   86   78   71   65   60   57   55   53   53   53
   51   49   46   45   43   43   41   40   38   37   36   34   33   32   32   35
   42   52   66   80   94  107  119  132  147
    10.0-180.0 180.0   5.0 450.0                            LAT/LON1/LON2/DLON/H
  155  175  197  220  240  256  266  270  271  271  272  273  272  267  261  253
  245  238  230  223  216  212  208  204  200  196  193  189  182  173  163  153
  144  135  126  117  109  100   91   82   74   68   63   59   57   55   54   53
   51   49   46   44   42   42   41   40   39   37   36   35   33   31   31   34
   41   53   67   82   97  111  125  139  155
     7.5-180.0 180.0   5.0 450.0                            LAT/LON1/LON2/DLON/H
  162  181  202  225  245  260  270  275  277  281  285  288  288  284  278  269
  261  253  246  239  233  229  226  222  217  212  207  200  191  180  168  157
  148  140  131  124  116  108   99   90   81   74   69   65   61   59   57   55
   53   50   47   44   43   43   42   41   40   39   38   36   34   32   31   34
   42   54   69   84  100  115  130  145  162
     5.0-180.0 180.0   5.0 450.0                            LAT/LON1/LON2/DLON/H
  167  185  205  225  243  257  265  270  274  280  287  294  297  294  289  281
  273  266  259  253  248  246  242  237  231  226  219  210  199  186  174  163
  154  146  139  132  125  118  109   99   90   83   77   73   68   64   61   59
   56   53   50   47   45   45   45   44   43   41   40   38   36   34   33   35
   43   55   71   86  103  119  135  151  167
     2.5-180.0 180.0   5.0 450.0                            LAT/LON1/LON2/DLON/H
  171  188  206  224  239  250  256  259  264  272  282  291  297  297  294  288
  281  275  269  264  261  258  254  249  243  236  228  219  207  194  181  171
  163  155  148  141  135  128  120  110  100   93   86   81   76   72   68   65
   61   58   54   51   50   49   49   48   46   44   42   40   39   36   35   38
   45   58   73   89  105  122  138  155  171
