sample_files/i/ionex/irtg0010.21i
     1.0            IONOSPHERE MAPS     GPS                 IONEX VERSION / TYPE
tecrms2ionex_4.awk  UPC-IonSAT          06/17/21  206UT     PGM / RUN BY / DATE
Global ionosphere maps for day   1, 2021 ( 1- 1-2021)       DESCRIPTION
Contact address: Manuel Hernandez-Pajares                   DESCRIPTION
                 IonSAT research group                      DESCRIPTION
                 Technical Univ. of Catalonia (UPC-IonSAT)  DESCRIPTION
                 Mod. C3 Campus Nord UPC                    DESCRIPTION
                 E08034-Barcelona, SPAIN                    DESCRIPTION
                 e-mail:  manuel@ma4.upc.edu                DESCRIPTION
                                                            DESCRIPTION
  2021     1     1     1    35     0                        EPOCH OF FIRST MAP
  2021     1     1    23    35     0                        EPOCH OF LAST MAP
  1200                                                      INTERVAL
    67                                                      # OF MAPS IN FILE
  COSZ                                                      MAPPING FUNCTION
     0.0                                                    ELEVATION CUTOFF
    99                                                      # OF STATIONS
    33                                                      # OF SATELLITES
  6371.0                                                    BASE RADIUS
     2                                                      MAP DIMENSION
   450.0 450.0   0.0                                        HGT1 / HGT2 / DHGT
    87.5 -87.5  -2.5                                        LAT1 / LAT2 / DLAT
  -180.0 180.0   5.0                                        LON1 / LON2 / DLON
    -1                                                      EXPONENT
TEC values in  0.1 TECUs; 9999 if no value available        COMMENT
Validation with JASON: <TEC_JASON - TEC_GPS>  [TECU]        DESCRIPTION
         (reference day of year: 001)                       DESCRIPTION
                                                            DESCRIPTION
           Bias   Sigma     RMS    VTEC   %ERR    #OBS      DESCRIPTION
          -2.72    3.35    4.31   10.13   42.6   45699      DESCRIPTION
                                                            DESCRIPTION
UT(hours)  Bias   Sigma     RMS    VTEC   %ERR    #OBS      DESCRIPTION
   2.00   -1.91    3.09    3.64   12.14   30.0    3413      DESCRIPTION
   4.00   -2.47    2.93    3.83    8.39   45.7    4902      DESCRIPTION
   6.00   -1.55    2.52    2.95   10.82   27.3    3548      DESCRIPTION
   8.00   -2.03    3.43    3.99   16.17   24.7    2698      DESCRIPTION
  10.00   -2.74    3.25    4.25    9.71   43.7    4667      DESCRIPTION
  12.00   -2.98    2.67    4.00    5.12   78.2    3639      DESCRIPTION
  14.00   -4.05    2.99    5.03    8.25   61.0    4371      DESCRIPTION
  16.00   -3.25    3.44    4.73   11.00   43.0    4537      DESCRIPTION
  18.00   -2.86    2.63    3.89    6.87   56.6    3055      DESCRIPTION
  20.00   -3.60    2.96    4.66    8.82   52.8    4882      DESCRIPTION
  22.00   -2.61    3.27    4.18   11.25   37.2    4063      DESCRIPTION
  24.00   -0.95    6.46    6.53   20.10   32.5    1924      DESCRIPTION
                                                            DESCRIPTION
Lat(deg)   Bias   Sigma     RMS    VTEC   %ERR    #OBS      DESCRIPTION
 -60.00   -1.41    2.51    2.88    9.20   31.3   11143      DESCRIPTION
 -40.00   -2.30    2.35    3.29    9.37   35.1    9346      DESCRIPTION
 -20.00   -2.83    5.02    5.77   16.82   34.3    6453      DESCRIPTION
   0.00   -4.88    3.61    6.07   13.35   45.4    6357      DESCRIPTION
  20.00   -3.49    3.26    4.77   10.60   45.0    5597      DESCRIPTION
  40.00   -3.25    2.14    3.89    3.88  100.2    4519      DESCRIPTION
  60.00   -1.61    1.74    2.37    1.07  221.5    2284      DESCRIPTION
                                                            END OF HEADER
[from data line 16731]
    40                                                      START OF TEC MAP
  2021     1     1    14    35     0                        EPOCH OF CURRENT MAP
    87.5-180.0 180.0   5.0 450.0                            LAT/LON1/LON2/DLON/H
    8    8    8    8    8    8    8    8    8    8    8    9    9    9    9   10
   10   10   10   11   11   11   12   12   12   13   13   13   14   14   14   15
   15   15   15   15   16   16   16   16   16   16   16   16   15   15   15   15
   15   15   14   14   14   13   13   13   12   12   12   11   11   11   10   10
   10    9    9    9    9    9    8    8    8
    85.0-180.0 180.0   5.0 450.0                            LAT/LON1/LON2/DLON/H
    5    5    5    5    5    5    5    5    5    6    6    6    7    7    7    8
    9    9   10   10   11   12   12   13   14   14   15   15   16   17   17   17
   18   18   19   19   19   19   19   19   19   19   19   19   19   19   18   18
   18   17   17   16   15   15   14   14   13   12   12   11   11   10    9    9
    8    8    7    7    7    6    6    6    5
    82.5-180.0 180.0   5.0 450.0                            LAT/LON1/LON2/DLON/H
    4    4    4    4    3    3    4    4    4    4    4    5    5    6    6    7
    8    9   10   10   11   12   13   14   15   16   17   17   18   19   19   20
   20   21   21   21   22   22   22   22   22   22   22   22   21   21   21   20
   19   19   18   17   17   16   15   14   13   12   12   11   10    9    9    8
    7    7    6    6    5    5    5    4    4
    80.0-180.0 180.0   5.0 450.0                            LAT/LON1/LON2/DLON/H
    4    4    4    3    3    3    3    3    3    4    4    4    5    5    6    7
    8    9   10   11   12   13   15   16   17   18   19   20   20   21   21   22
   22   23   23   23   23   23   23   23   23   23   23   23   22   22   21   21
   20   19   18   18   17   16   15   14   13   12   11   10    9    9    8    7
    7    6    6    6    5    5    5    4    4
    77.5-180.0 180.0   5.0 450.0                            LAT/LON1/LON2/DLON/H
    5    5    4    4    4    4    4    4    4    4    4    5    5    6    7    7
    9   10   11   12   14   15   16   18   19   20   21   22   22   23   23   24
   24   24   24   24   23   23   23   23   23   23   22   22   22   21   21   20
   19   18   17   17   16   15   14   13   12   11   10    9    9    8    8    7
    7    7    6    6    6    6    5    5    5
    75.0-180.0 180.0   5.0 450.0                            LAT/LON1/LON2/DLON/H
    6    6    6    6    5    5    5    5    5    5    5    5    6    6    7    8
    9   11   12   14   15   17   18   20   21   22   24   24   25   25   25   25
   25   25   24   24   23   23   22   22   22   21   21   20   20   19   18   18
   17   16   15   14   14   13   12   11   10   10    9    8    8    8    7    7
    7    7    7    7    7    7    7    6    6
    72.5-180.0 180.0   5.0 450.0                            LAT/LON1/LON2/DLON/H
    8    7    7    7    6    6    6    6    6    5    5    6    6    7    8    9
   10   11   13   15   17   19   20   22   24   25   27   28   28   28   28   28
   27   26   25   24   23   22   21   21   20   19   18   18   17   16   15   14
   14   13   12   12   11   10   10    9    9    8    8    7    7    7    7    7
    7    7    8    8    8    8    8    8    8
    70.0-180.0 180.0   5.0 450.0                            LAT/LON1/LON2/DLON/H
    8    8    8    8    7    7    7    6    6    6    6    6    6    7    8    9
   11   12   14   16   18   21   23   25   27   29   31   32   32   33   32   31
   30   28   27   25   24   22   21   20   19   18   16   15   14   13   12   11
   10   10    9    9    8    8    8    7    7    7    7    7    7    7    7    7
    8    8    8    8    9    9    9    9    8
    67.5-180.0 180.0   5.0 450.0                            LAT/LON1/LON2/DLON/H
    9    8    8    8    8    7    7    7    6    6    6    6    6    7    8   10
   11   13   15   18   20   23   26   28   31   34   36   37   38   38   38   36
   35   33   30   28   26   24   23   21   19   17   16   14   12   10    9    8
    7    7    6    6    6    6    6    6    6    6    6    6    7    7    7    8
    8    9    9    9    9    9    9    9    9
    65.0-180.0 180.0   5.0 450.0                            LAT/LON1/LON2/DLON/H
    9    8    8    8    7    7    7    7    7    6    6    6    6    7    8   10
   12   15   17   20   23   26   29   32   36   39   42   44   45   46   45   43
   41   39   36   33   31   28   26   24   22   19   17   14   12    9    8    6
    6    5    5    5    5    5    6    6    6    6    7    7    7    8    8    9
    9    9   10   10   10   10    9    9    9
    62.5-180.0 180.0   5.0 450.0                            LAT/LON1/LON2/DLON/H
    9    8    8    7    7    7    7    7    7    7    6    6    7    8    9   11
   14   17   20   23   26   30   33   37   41   45   49   51   53   54   54   52
   50   47   43   40   37   35   32   29   26   23   19   16   13   10    8    6
    5    5    5    5    6    6    6    7    7    8    8    8    9    9   10   10
   11   11   11   11   11   10   10    9    9
    60.0-180.0 180.0   5.0 450.0                            LAT/LON1/LON2/DLON/H
    9    8    8    8    8    8    8    8    8    8    8    7    8    9   11   13
   16   20   23   27   31   34   38   43   47   52   56   60   62   63   63   61
   59   55   52   48   45   42   39   36   32   28   24   20   16   12   10    8
    7    7    7    7    8    8    9    9   10   10   11   11   11   12   12   13
   13   13   13   13   12   12   11   10    9
    57.5-180.0 180.0   5.0 450.0                            LAT/LON1/LON2/DLON/H
   11   10   10    9   10   10   11   11   11   10   10   10   10   11   13   16
   20   24   28   32   36   40   44   49   54   59   63   68   71   72   72   70
   68   64   61   57   54   51   47   44   40   35   30   25   20   16   13   11
   10   10   10   11   11   12   12   13   13   14   14   15   15   15   16   16
   16   16   16   15   15   14   13   12   11
    55.0-180.0 180.0   5.0 450.0                            LAT/LON1/LON2/DLON/H
   14   13   13   13   13   14   14   15   15   14   14   13   13   14   17   20
   25   30   35   39   44   47   51   56   60   66   71   75   78   80   80   78
   76   72   69   65   62   59   55   52   47   42   36   30   25   21   17   16
   15   15   15   15   15   16   16   17   17   18   18   19   19   19   20   20
   20   20   20   19   18   18   16   15   14
    52.5-180.0 180.0   5.0 450.0                            LAT/LON1/LON2/DLON/H
   19   18   18   18   18   19   20   20   20   20   19   18   18   19   22   26
   31   37   42   47   52   56   59   63   67   72   77   81   84   86   86   84
   82   78   75   72   68   65   62   58   54   48   42   36   30   25   22   20
   20   20   20   20   20   20   20   21   22   22   23   24   24   24   24   24
   24   24   24   24   23   23   21   20   19
    50.0-180.0 180.0   5.0 450.0                            LAT/LON1/LON2/DLON/H
   26   25   25   25   25   26   27   27   27   26   25   24   24   25   28   32
   38   44   51   56   61   64   67   70   74   78   82   86   88   90   89   88
   86   83   80   76   73   70   67   64   59   53   47   41   35   30   27   26
   25   25   25   24   24   24   25   25   26   27   28   29   29   29   29   29
   30   30   30   29   29   29   28   27   26
    47.5-180.0 180.0   5.0 450.0                            LAT/LON1/LON2/DLON/H
   34   33   33   33   33   34   35   35   34   33   32   31   30   31   34   39
   45   52   59   65   69   73   75   78   80   83   86   89   91   92   91   90
   88   85   83   80   77   74   71   67   62   57   51   44   39   35   32   30
   30   30   29   29   29   28   29   30   31   32   33   34   34   34   34   34
   35   35   35   35   35   35   35   35   34
    45.0-180.0 180.0   5.0 450.0                            LAT/LON1/LON2/DLON/H
   42   42   41   41   41   42   42   42   42   40   39   37   37   38   41   46
   52   60   67   73   78   81   83   85   86   88   90   92   93   93   92   91
   89   87   85   82   79   76   73   69   65   60   54   48   43   39   36   35
   34   34   34   33   32   32   33   34   35   37   38   39   39   39   39   39
   40   40   41   41   42   42   43   43   42
    42.5-180.0 180.0   5.0 450.0                            LAT/LON1/LON2/DLON/H
   50   50   49   49   49   49   49   49   48   47   45   44   43   44   47   52
   59   67   74   80   85   88   90   91   93   94   95   95   95   94   93   92
   91   90   89   86   83   79   75   71   67   62   57   51   46   43   41   40
   39   39   38   37   36   36   37   38   40   42   43   44   44   44   44   44
   45   45   46   47   48   49   50   50   50
    40.0-180.0 180.0   5.0 450.0                            LAT/LON1/LON2/DLON/H
   57   57   56   56   55   55   55   54   53   52   50   49   49   50   53   58
   65   72   80   86   91   94   97   98   99  100  100  100   98   97   96   96
   96   95   94   92   88   83   79   75   71   66   61   56   51   48   46   45
   44   43   42   41   40   40   41   43   45   47   48   48   48   48   48   49
   49   50   51   52   53   54   56   57   57
    37.5-180.0 180.0   5.0 450.0                            LAT/LON1/LON2/DLON/H
   63   63   62   61   60   59   58   58   57   55   54   53   53   55   58   63
   69   77   85   91   96  100  103  105  107  108  108  107  105  103  102  102
  103  104  104  101   96   91   86   81   76   72   67   62   57   54   51   50
   49   48   47   46   45   45   46   47   50   51   53   53   53   52   52   53
   53   54   55   56   57   59   61   62   63
    35.0-180.0 180.0   5.0 450.0                            LAT/LON1/LON2/DLON/H
   67   66   65   63   62   61   60   59   58   57   56   56   57   59   62   67
   73   81   88   95  101  105  109  113  116  118  119  117  115  112  112  113
  115  117  117  114  109  102   96   90   85   80   75   70   65   61   59   57
   56   54   53   51   50   50   51   53   55   56   57   57   57   56   56   56
   57   58   58   59   60   62   64   66   67
    32.5-180.0 180.0   5.0 450.0                            LAT/LON1/LON2/DLON/H
   68   68   66   64   63   61   60   59   58   57   57   58   60   62   66   71
   77   84   92   99  105  110  116  121  127  131  132  131  129  126  126  128
  132  134  135  131  125  117  109  103   98   92   87   81   75   71   67   65
   63   62   60   58   57   57   57   59   60   61   61   61   60   60   60   60
   61   61   61   62   63   64   66   68   68
    30.0-180.0 180.0   5.0 450.0                            LAT/LON1/LON2/DLON/H
   69   67   65   63   61   60   59   57   56   56   57   59   62   66   70   75
   82   88   96  102  109  116  123  131  139  145  148  148  146  143  144  146
  151  155  155  151  144  135  126  119  113  107  100   94   87   81   77   74
   72   70   67   65   64   63   64   64   65   65   65   64   63   63   63   63
   64   64   64   64   64   66   67   69   69
    27.5-180.0 180.0   5.0 450.0                            LAT/LON1/LON2/DLON/H
   68   66   63   61   59   57   56   55   54   55   56   60   64   69   74   80
   86   93  100  107  114  122  131  141  152  160  165  166  165  163  163  167
  172  176  177  172  164  154  145  137  130  123  116  108  100   93   88   84
   81   78   76   73   72   70   70   69   69   69   68   67   66   65   66   66
   67   67   67   66   66   66   67   68   68
    25.0-180.0 180.0   5.0 450.0                            LAT/LON1/LON2/DLON/H
   66   63   60   57   56   54   54   53   52   53   55   60   66   72   79   85
   92   99  106  113  121  129  140  152  165  176  183  185  184  182  183  187
  192  196  197  192  183  173  163  155  147  140  132  122  113  105   99   94
   90   87   84   81   79   77   75   74   73   72   70   69   68   68   68   69
   70   70   69   68   67   67   67   67   66
    22.5-180.0 180.0   5.0 450.0                            LAT/LON1/LON2/DLON/H
   63   60   56   54   52   51   51   50   50   51   54   60   68   76   84   91
   99  106  114  121  128  138  149  163  178  191  199  203  202  201  201  204
  210  214  214  209  200  189  179  171  164  156  146  136  126  117  110  104
   99   95   91   88   85   82   79   77   75   73   72   70   69   69   70   71
   72   72   71   69   67   66   66   65   63
    20.0-180.0 180.0   5.0 450.0                            LAT/LON1/LON2/DLON/H
   60   56   52   50   49   48   48   47   47   49   53   60   69   79   89   98
  106  114  122  129  137  147  159  174  190  204  213  218  217  216  216  219
  223  226  226  221  212  202  193  185  178  170  160  148  137  127  120  113
  108  103   98   94   90   86   82   78   76   73   72   71   70   70   71   72
   73   73   71   69   67   66   65   63   60
    17.5-180.0 180.0   5.0 450.0                            LAT/LON1/LON2/DLON/H
   57   53   49   46   45   45   46   45   45   47   52   61   71   82   93  104
  114  123  131  139  147  156  168  183  199  214  224  229  229  227  227  229
  232  234  233  228  219  210  202  196  189  181  171  159  147  137  129  122
  115  109  103   98   93   88   84   79   76   73   72   71   70   70   71   72
   73   73   71   69   66   64   63   61   57
    15.0-180.0 180.0   5.0 450.0                            LAT/LON1/LON2/DLON/H
   54   49   45   43   42   43   43   43   43   45   51   60   72   85   98  110
  121  132  141  149  156  165  177  191  207  221  231  236  236  235  234  235
  237  237  236  230  223  215  208  203  197  190  180  168  157  146  138  130
  122  115  108  102   96   90   84   79   76   73   72   72   71   70   71   71
   72   71   70   67   64   62   60   58   54
    12.5-180.0 180.0   5.0 450.0                            LAT/LON1/LON2/DLON/H
   51   46   42   40   40   40   41   40   41   43   50   60   73   87  102  115
  128  140  150  158  165  174  184  198  212  225  235  240  241  239  238  238
  239  238  235  230  223  217  212  208  204  197  188  177  166  156  147  138
  129  120  112  105   98   91   85   80   76   74   73   73   72   71   70   70
   70   70   68   65   62   60   57   55   51
    10.0-180.0 180.0   5.0 450.0                            LAT/LON1/LON2/DLON/H
   48   43   39   37   37   38   38   38   38   41   48   60   74   89  105  120
  134  147  158  166  174  181  191  202  215  227  236  241  243  242  242  241
  240  239  235  229  224  219  216  213  210  204  195  185  175  166  156  147
  137  126  117  108  100   93   87   82   79   77   76   75   73   72   70   69
   69   67   65   62   59   56   54   52   48
     7.5-180.0 180.0   5.0 450.0                            LAT/LON1/LON2/DLON/H
   45   41   37   35   35   36   36   35   36   39   47   59   74   90  107  123
  139  152  164  173  180  188  196  206  217  228  236  242  245  246  246  246
  244  242  237  232  226  223  221  220  217  212  205  196  186  177  167  157
  145  133  122  112  104   97   91   86   83   81   80   79   76   73   71   69
   67   65   62   59   55   53   51   49   45
     5.0-180.0 180.0   5.0 450.0                            LAT/LON1/LON2/DLON/H
   43   39   36   34   34   34   33   32   33   37   46   59   75   91  109  126
  142  156  168  178  186  193  200  209  219  229  237  243  248  252  254  254
  252  249  244  239  234  231  230  229  227  223  216  208  199  190  180  168
  155  141  129  118  110  103   97   92   89   88   86   84   81   76   72   69
   67   64   60   56   53   50   48   46   43
     2.5-180.0 180.0   5.0 450.0                            LAT/LON1/LON2/DLON/H
   41   38   35   34   33   32   31   30   31   36   45   59   75   92  110  127
  143  159  171  181  189  197  204  212  221  230  239  247  254  261  265  267
  266  262  257  252  247  244  243  242  240  236  230  222  213  204  193  180
  166  151  137  126  117  110  105  101   98   96   94   91   86   81   75   71
   67   64   59   55   51   48   46   44   41
