sample_files/i/ionex/irtg0030.21i
     1.0            IONOSPHERE MAPS     MIX                 IONEX VERSION / TYPE
tecrms2ionex_4.awk  UPC-IonSAT          01/03/21  101UT     PGM / RUN BY / DATE
Global ionosphere maps for day   3, 2021 ( 3- 1-2021)       DESCRIPTION
Contact address: Manuel Hernandez-Pajares                   DESCRIPTION
                 IonSAT research group                      DESCRIPTION
                 Technical Univ. of Catalonia (UPC-IonSAT)  DESCRIPTION
                 Mod. C3 Campus Nord UPC                    DESCRIPTION
                 E08034-Barcelona, SPAIN                    DESCRIPTION
                 e-mail:  manuel@ma4.upc.edu                DESCRIPTION
                                                            DESCRIPTION
                 warning: irregular time interval           DESCRIPTION
Generated by single_epoch_2_ionex_unfixed_time_interval.py  DESCRIPTION
  2021     1     3     0     5     0                        EPOCH OF FIRST MAP
  2021     1     3    23    45     0                        EPOCH OF LAST MAP
  1200                                                      INTERVAL
    68                                                      # OF MAPS IN FILE
  COSZ                                                      MAPPING FUNCTION
     0.0                                                    ELEVATION CUTOFF
   999                                                      # OF STATIONS
    99                                                      # OF SATELLITES
  6371.0                                                    BASE RADIUS
     2                                                      MAP DIMENSION
   450.0 450.0   0.0                                        HGT1 / HGT2 / DHGT
    87.5 -87.5  -2.5                                        LAT1 / LAT2 / DLAT
  -180.0 180.0   5.0                                        LON1 / LON2 / DLON
    -1                                                      EXPONENT
TEC values in  0.1 TECUs; 9999 if no value available        COMMENT
                                                            END OF HEADER
[from data line 1287]
     4                                                      START OF TEC MAP
  2021     1     3     2    25     0                        EPOCH OF CURRENT MAP
    87.5-180.0 180.0   5.0 450.0                            LAT/LON1/LON2/DLON/H
   17   17   16   17   17   17   16   16   16   16   17   16   16   16   16   16
   16   16   16   16   17   16   16   16   16   17   16   16   16   17   17   17
   17   17   17   16   16   17   17   17   17   17   17   17   17   17   17   17
   17   17   17   17   17   17   18   18   17   17   17   17   17   18   17   17
   17   17   17   17   17   17   17   17   17
    85.0-180.0 180.0   5.0 450.0                            LAT/LON1/LON2/DLON/H
   17   17   17   17   17   17   17   17   16   16   16   16   16   16   16   17
   17   17   16   17   17   16   16   16   16   16   17   17   17   17   17   17
   17   17   17   17   17   17   17   17   17   17   17   17   17   17   17   18
   18   17   17   18   18   18   18   18   18   19   19   19   19   19   19   19
   19   19   19   18   18   18   18   18   17
    82.5-180.0 180.0   5.0 450.0                            LAT/LON1/LON2/DLON/H
   18   17   17   17   17   17   17   16   16   16   16   16   17   17   17   17
   17   17   17   17   17   17   17   17   16   16   16   16   17   16   17   17
   17   17   17   18   17   17   17   18   17   17   17   17   17   17   17   17
   18   17   18   18   18   19   19   20   20   21   21   21   21   21   22   21
   21   21   20   20   20   19   19   19   18
    80.0-180.0 180.0   5.0 450.0                            LAT/LON1/LON2/DLON/H
   19   18   17   17   17   16   16   16   16   16   17   16   17   17   17   17
   17   17   17   17   17   17   16   16   16   16   16   16   16   16   16   16
   17   17   17   18   17   18   18   18   17   17   17   17   17   16   16   17
   16   17   17   18   18   19   20   21   22   23   23   24   24   25   25   25
   24   24   23   22   21   21   20   19   19
    77.5-180.0 180.0   5.0 450.0                            LAT/LON1/LON2/DLON/H
   19   18   17   17   16   16   16   16   16   16   15   16   16   16   16   17
   17   17   17   16   16   16   16   16   16   15   15   15   15   16   15   16
   16   16   17   17   17   17   17   17   17   16   16   15   15   15   15   15
   15   15   16   17   18   19   21   22   23   25   26   27   27   28   28   28
   28   27   26   25   24   23   22   20   19
    75.0-180.0 180.0   5.0 450.0                            LAT/LON1/LON2/DLON/H
   20   19   17   17   16   15   15   15   14   15   14   15   15   15   16   16
   16   16   16   16   16   15   16   15   15   14   14   14   14   15   14   15
   15   15   15   15   15   15   15   15   15   14   14   13   13   12   12   12
   12   13   14   16   17   18   21   22   24   26   28   29   30   31   31   31
   31   30   29   27   26   24   23   21   20
    72.5-180.0 180.0   5.0 450.0                            LAT/LON1/LON2/DLON/H
   21   19   18   17   16   15   14   14   13   13   13   13   13   13   14   15
   15   15   15   15   15   14   14   14   14   13   13   13   13   13   14   14
   13   13   13   13   13   13   13   12   12   11   11   11   10    9    9    9
    9   10   12   13   15   17   20   22   25   27   29   31   32   33   34   34
   34   33   32   30   28   26   24   22   21
    70.0-180.0 180.0   5.0 450.0                            LAT/LON1/LON2/DLON/H
   22   19   18   17   16   15   14   13   12   11   11   11   11   11   12   13
   13   14   14   13   14   13   13   13   13   13   13   13   13   13   13   13
   12   12   11   11   10    9    9    9    8    8    8    8    7    6    6    6
    7    8    9   11   14   17   19   22   25   27   29   32   34   35   36   37
   37   36   35   33   31   29   26   24   22
    67.5-180.0 180.0   5.0 450.0                            LAT/LON1/LON2/DLON/H
   23   21   19   18   17   15   14   13   12   10    9    9    9   10   10   11
   11   12   12   12   12   12   12   12   12   13   13   13   13   13   13   13
   12   11   10    9    8    7    6    6    6    6    5    5    5    4    4    4
    4    6    8   10   13   16   19   22   25   27   30   32   35   37   39   41
   41   41   40   37   34   31   28   25   23
    65.0-180.0 180.0   5.0 450.0                            LAT/LON1/LON2/DLON/H
   26   23   22   20   18   17   15   13   12   10    9    8    8    8    8    9
   10   11   11   11   11   11   11   12   12   13   14   14   14   15   14   13
   13   12   10    8    7    6    5    5    5    4    4    4    4    3    3    3
    3    5    7    9   13   16   19   22   25   28   31   34   37   40   43   45
   46   46   44   42   38   35   32   28   26
    62.5-180.0 180.0   5.0 450.0                            LAT/LON1/LON2/DLON/H
   28   26   24   22   20   18   17   14   12   10    8    7    7    8    8    9
    9   10   10   10   10   10   11   12   13   14   15   16   16   17   17   16
   15   14   12   10    9    7    6    5    5    5    5    5    5    4    3    3
    4    5    7   10   14   17   21   24   27   30   33   37   41   45   48   50
   51   51   50   48   44   40   35   32   28
    60.0-180.0 180.0   5.0 450.0                            LAT/LON1/LON2/DLON/H
   33   29   27   25   23   21   19   16   14   11    9    8    8    8    9    9
   10   10   10   10    9   10   11   12   14   16   17   18   19   20   20   20
   19   18   16   14   12   11    9    8    8    8    7    7    7    6    6    6
    6    7    9   12   16   20   24   27   31   34   38   42   47   51   54   57
   58   58   56   53   50   45   40   36   33
    57.5-180.0 180.0   5.0 450.0                            LAT/LON1/LON2/DLON/H
   38   34   31   28   26   24   21   18   16   14   11   10   10   10   11   11
   11   11   11   10   10   10   12   14   16   19   20   22   23   24   24   24
   24   24   22   21   19   18   16   14   13   12   12   11   11   10    9    9
    9   10   13   16   20   25   29   33   37   41   45   50   54   58   62   64
   65   64   61   59   55   51   46   41   38
    55.0-180.0 180.0   5.0 450.0                            LAT/LON1/LON2/DLON/H
   43   40   36   34   30   28   25   22   19   17   15   13   13   13   14   14
   14   13   12   12   12   13   14   17   20   23   25   26   27   29   30   30
   30   30   30   29   28   26   24   22   20   18   17   16   16   15   15   14
   14   15   18   21   26   31   36   41   45   50   55   59   64   67   70   70
   70   69   66   63   59   55   51   47   43
    52.5-180.0 180.0   5.0 450.0                            LAT/LON1/LON2/DLON/H
   49   46   42   38   35   32   30   27   24   21   19   18   17   18   18   18
   18   17   16   15   15   16   18   21   25   28   30   32   34   34   35   36
   37   37   38   37   36   34   32   29   27   24   22   21   20   20   20   19
   19   20   23   27   32   38   43   49   55   60   65   70   74   76   77   76
   74   71   68   65   62   59   56   53   49
    50.0-180.0 180.0   5.0 450.0                            LAT/LON1/LON2/DLON/H
   55   52   49   45   41   38   35   32   30   27   25   24   23   23   24   23
   23   22   20   19   19   21   23   27   31   34   37   39   40   40   41   42
   43   44   44   44   44   43   40   37   33   30   28   26   26   25   25   25
   25   27   29   33   39   45   52   59   65   71   76   80   83   83   82   79
   75   71   68   65   63   62   60   58   55
    47.5-180.0 180.0   5.0 450.0                            LAT/LON1/LON2/DLON/H
   61   58   55   51   48   44   41   38   36   34   32   30   30   29   30   30
   29   27   26   25   26   27   30   34   38   42   44   46   46   47   47   48
   48   49   50   50   50   49   46   43   39   35   32   31   31   30   31   31
   32   33   36   41   46   53   61   68   74   81   86   89   90   89   86   81
   75   70   66   64   63   63   63   62   61
    45.0-180.0 180.0   5.0 450.0                            LAT/LON1/LON2/DLON/H
   64   63   61   58   54   49   47   45   42   41   39   37   36   36   36   36
   35   34   33   33   34   35   38   41   46   49   52   53   52   53   52   52
   53   53   54   54   53   52   50   47   43   39   37   35   35   35   36   37
   38   40   43   48   54   61   68   75   83   89   93   96   95   93   89   82
   76   70   66   64   63   63   64   64   64
    42.5-180.0 180.0   5.0 450.0                            LAT/LON1/LON2/DLON/H
   66   66   65   62   59   55   52   51   49   48   46   45   43   43   42   42
   42   42   42   42   42   44   46   49   53   56   58   59   58   57   56   56
   56   56   56   56   56   54   52   50   46   43   40   39   39   40   41   43
   45   48   51   56   62   69   76   83   89   95   99  100   99   96   92   86
   80   74   70   66   64   64   65   66   66
    40.0-180.0 180.0   5.0 450.0                            LAT/LON1/LON2/DLON/H
   67   67   67   66   63   60   58   56   55   55   53   51   50   50   50   49
   50   50   50   51   51   52   54   56   59   62   63   63   62   60   59   58
   58   59   58   58   57   55   53   51   49   46   44   43   43   44   46   49
   51   55   59   64   70   76   82   89   94   99  102  104  103  101   98   95
   90   84   79   74   71   69   67   67   67
    37.5-180.0 180.0   5.0 450.0                            LAT/LON1/LON2/DLON/H
   68   68   69   69   67   64   62   61   61   61   60   58   57   56   56   56
   57   57   59   59   60   60   61   62   63   65   66   65   64   62   61   61
   61   61   60   59   58   56   54   52   51   49   48   47   46   48   50   54
   57   62   67   72   77   82   88   94   99  104  107  108  109  109  110  110
  108  103   97   90   84   79   73   70   68
    35.0-180.0 180.0   5.0 450.0                            LAT/LON1/LON2/DLON/H
   72   71   71   72   71   69   67   66   66   66   65   64   63   62   63   63
   63   64   66   66   67   66   65   65   66   66   66   65   64   63   63   63
   64   64   63   62   59   57   54   53   52   52   51   50   50   51   53   57
   62   67   73   79   84   89   94   98  104  108  112  115  118  122  127  132
  133  130  124  115  105   95   86   78   72
    32.5-180.0 180.0   5.0 450.0                            LAT/LON1/LON2/DLON/H
   82   77   76   77   76   74   72   71   72   72   71   70   69   69   68   69
   69   70   72   73   72   70   68   66   66   66   65   64   63   64   64   66
   67   67   66   64   61   58   55   54   53   54   53   52   51   52   54   59
   65   72   79   85   90   95   99  104  110  116  121  126  133  141  151  160
  165  164  158  147  134  120  105   91   82
    30.0-180.0 180.0   5.0 450.0                            LAT/LON1/LON2/DLON/H
   97   88   85   85   84   82   79   78   78   77   76   74   73   73   74   74
   74   75   76   77   75   72   69   66   64   63   62   62   63   64   66   69
   70   71   70   68   64   60   56   54   54   54   53   53   51   51   54   59
   67   76   83   91   96  100  105  111  118  127  134  142  152  164  179  192
  201  202  195  183  169  151  132  113   97
    27.5-180.0 180.0   5.0 450.0                            LAT/LON1/LON2/DLON/H
  119  105   99   97   95   92   89   87   85   84   81   79   78   78   78   78
   78   78   79   79   77   73   69   65   62   61   60   61   63   66   69   72
   74   74   73   71   67   61   56   53   52   52   51   50   48   49   51   58
   67   78   87   95  101  106  112  120  130  140  151  163  175  190  207  224
  234  237  231  221  206  187  165  140  119
    25.0-180.0 180.0   5.0 450.0                            LAT/LON1/LON2/DLON/H
  146  127  116  112  109  105  101   98   95   91   87   84   83   82   82   82
   81   82   82   81   78   73   68   64   60   59   58   60   63   68   72   75
   77   77   76   73   68   62   56   51   49   48   47   45   44   44   47   56
   66   79   90   99  107  113  120  130  143  157  171  185  199  215  234  250
  262  265  262  253  241  224  200  172  146
    22.5-180.0 180.0   5.0 450.0                            LAT/LON1/LON2/DLON/H
  176  152  138  131  127  121  116  111  106  101   95   90   88   87   87   86
   85   84   84   82   78   73   68   64   60   58   58   61   66   71   75   78
   79   79   77   73   68   61   54   47   43   41   40   39   37   39   43   52
   65   79   92  103  112  120  130  142  158  175  192  207  222  237  253  268
  279  283  282  277  270  257  236  206  176
    20.0-180.0 180.0   5.0 450.0                            LAT/LON1/LON2/DLON/H
  205  178  160  151  145  138  132  125  119  112  104   98   94   92   92   90
   89   88   87   84   80   74   70   65   62   59   59   63   69   75   79   81
   81   79   76   72   66   59   50   43   37   34   32   32   31   33   39   50
   65   80   95  107  117  128  140  154  172  191  210  226  239  252  264  277
  285  290  291  291  290  282  265  237  205
    17.5-180.0 180.0   5.0 450.0                            LAT/LON1/LON2/DLON/H
  229  201  181  170  163  155  148  140  133  124  114  107  101   99   97   95
   94   92   90   87   83   78   74   69   65   62   63   66   72   78   81   82
   81   78   74   70   63   56   46   37   31   27   26   25   26   29   36   48
   65   82   98  111  123  136  150  166  185  205  224  239  251  259  266  274
  281  286  289  293  298  298  285  261  229
    15.0-180.0 180.0   5.0 450.0                            LAT/LON1/LON2/DLON/H
  246  219  199  186  177  170  162  154  146  137  126  117  111  107  104  101
   99   97   95   92   87   83   79   75   70   66   66   70   75   80   82   82
   80   77   73   67   61   53   43   34   26   22   20   20   22   26   35   49
   65   84  100  115  129  144  159  176  195  215  232  246  254  258  261  265
  270  274  279  287  297  302  296  276  246
    12.5-180.0 180.0   5.0 450.0                            LAT/LON1/LON2/DLON/H
  257  231  212  199  190  182  175  167  158  148  137  128  121  116  112  108
  106  104  101   97   93   90   86   82   76   72   70   73   77   81   82   82
   79   76   71   65   59   50   40   31   23   19   17   19   21   26   36   50
   67   86  103  119  135  150  166  183  201  218  234  246  252  253  252  253
  256  260  267  276  289  298  297  282  257
    10.0-180.0 180.0   5.0 450.0                            LAT/LON1/LON2/DLON/H
  261  238  220  208  199  192  184  177  169  160  149  140  132  126  121  117
  113  111  108  104  100   97   93   89   83   77   74   75   78   81   81   80
   79   76   72   65   58   49   40   30   23   19   17   19   22   28   39   53
   70   88  106  123  139  155  171  187  203  218  231  241  245  244  242  241
  244  249  256  266  279  290  292  281  261
     7.5-180.0 180.0   5.0 450.0                            LAT/LON1/LON2/DLON/H
  262  243  227  216  207  199  193  186  178  169  160  151  143  137  130  125
  121  118  114  110  107  104  101   96   89   82   78   78   79   80   80   80
   79   78   74   67   59   51   41   32   24   20   19   21   25   31   42   56
   73   91  108  125  142  159  174  188  201  212  224  232  236  236  234  235
  238  244  251  260  271  282  285  277  262
     5.0-180.0 180.0   5.0 450.0                            LAT/LON1/LON2/DLON/H
  263  247  234  223  215  207  200  194  187  179  170  162  155  147  140  134
  128  125  120  116  112  109  106  101   93   87   82   80   80   80   80   80
   81   80   77   71   62   53   43   35   28   24   23   25   28   35   46   59
   76   93  110  126  142  159  174  187  196  205  214  223  228  230  230  234
  240  248  255  262  270  278  280  275  263
     2.5-180.0 180.0   5.0 450.0                            LAT/LON1/LON2/DLON/H
  267  255  243  233  224  216  208  202  195  188  180  172  165  157  149  141
  135  130  125  120  115  112  109  104   97   90   85   83   82   81   81   82
   84   84   81   75   66   56   47   38   32   28   27   28   32   39   49   62
   78   94  110  126  142  157  171  182  190  197  205  214  222  228  233  240
  249  259  267  273  277  281  282  277  267
