sample_files/i/ionex/irtg0080.21i
     1.0            IONOSPHERE MAPS     GPS                 IONEX VERSION / TYPE
tecrms2ionex_4.awk  UPC-IonSAT          01/22/21 1001UT     PGM / RUN BY / DATE
Global ionosphere maps for day   8, 2021 ( 8- 1-2021)       DESCRIPTION
Contact address: Manuel Hernandez-Pajares                   DESCRIPTION
                 IonSAT research group                      DESCRIPTION
                 Technical Univ. of Catalonia (UPC-IonSAT)  DESCRIPTION
                 Mod. C3 Campus Nord UPC                    DESCRIPTION
                 E08034-Barcelona, SPAIN                    DESCRIPTION
                 e-mail:  manuel@ma4.upc.edu                DESCRIPTION
                                                            DESCRIPTION
  2021     1     8     0     0     0                        EPOCH OF FIRST MAP
  2021     1     8    23    40     0                        EPOCH OF LAST MAP
  1200                                                      INTERVAL
    72                                                      # OF MAPS IN FILE
  COSZ                                                      MAPPING FUNCTION
     0.0                                                    ELEVATION CUTOFF
    99                                                      # OF STATIONS
    33                                                      # OF SATELLITES
  6371.0                                                    BASE RADIUS
     2                                                      MAP DIMENSION
   450.0 450.0   0.0                                        HGT1 / HGT2 / DHGT
    87.5 -87.5  -2.5                                        LAT1 / LAT2 / DLAT
  -180.0 180.0   5.0                                        LON1 / LON2 / DLON
    -1                                                      EXPONENT
TEC values in  0.1 TECUs; 9999 if no value available        COMMENT
Validation with JASON: <TEC_JASON - TEC_GPS>  [TECU]        DESCRIPTION
         (reference day of year: 008)                       DESCRIPTION
                                                            DESCRIPTION
           Bias   Sigma     RMS    VTEC   %ERR    #OBS      DESCRIPTION
          -3.77    2.71    4.64    7.48   62.1   48734      DESCRIPTION
                                                            DESCRIPTION
UT(hours)  Bias   Sigma     RMS    VTEC   %ERR    #OBS      DESCRIPTION
   0.00   -3.63    2.02    4.16    2.38  174.3    1977      DESCRIPTION
   2.00   -4.54    3.34    5.64    7.12   79.2    5235      DESCRIPTION
   4.00   -2.85    2.40    3.73    8.00   46.6    4018      DESCRIPTION
   6.00   -2.84    2.33    3.67   10.74   34.2    3682      DESCRIPTION
   8.00   -3.37    2.62    4.27    8.81   48.4    4804      DESCRIPTION
  10.00   -4.23    2.61    4.97    6.69   74.3    4089      DESCRIPTION
  12.00   -3.95    2.36    4.61    6.24   73.9    4131      DESCRIPTION
  14.00   -3.69    2.19    4.29    7.94   54.1    4477      DESCRIPTION
  16.00   -3.27    2.36    4.03    6.28   64.2    3679      DESCRIPTION
  18.00   -3.91    2.57    4.68    7.75   60.4    3951      DESCRIPTION
  20.00   -4.59    3.34    5.68    7.91   71.7    3890      DESCRIPTION
  22.00   -4.20    2.85    5.07    8.46   60.0    3957      DESCRIPTION
  24.00   -3.22    1.92    3.74    2.23  167.8     844      DESCRIPTION
                                                            DESCRIPTION
Lat(deg)   Bias   Sigma     RMS    VTEC   %ERR    #OBS      DESCRIPTION
 -60.00   -2.52    2.01    3.22    6.65   48.5   12340      DESCRIPTION
 -40.00   -3.61    2.17    4.21    6.68   63.0    9818      DESCRIPTION
 -20.00   -5.49    3.02    6.26    9.16   68.3    6917      DESCRIPTION
   0.00   -5.16    2.40    5.69   11.19   50.9    6950      DESCRIPTION
  20.00   -4.16    3.20    5.25    9.36   56.1    5709      DESCRIPTION
  40.00   -3.39    2.35    4.12    3.85  107.2    4597      DESCRIPTION
  60.00   -1.74    1.87    2.55    1.88  135.8    2403      DESCRIPTION
                                                            END OF HEADER
[from data line 25311]
    60                                                      START OF TEC MAP
  2021     1     8    19    40     0                        EPOCH OF CURRENT MAP
    87.5-180.0 180.0   5.0 450.0                            LAT/LON1/LON2/DLON/H
   28   28   28   29   29   29   29   29   29   29   29   29   29   29   29   29
   29   29   29   29   28   28   28   28   27   27   27   27   26   26   26   26
   26   25   25   25   25   25   25   25   24   24   24   25   24   24   24   24
   24   24   24   24   25   25   25   25   26   26   26   26   26   26   26   27
   27   27   27   27   28   28   28   28   28
    85.0-180.0 180.0   5.0 450.0                            LAT/LON1/LON2/DLON/H
   29   29   29   30   30   30   30   31   31   31   31   31   31   31   31   31
   31   31   31   30   30   30   30   28   28   28   27   27   27   26   26   25
   25   25   24   24   24   24   24   23   23   23   23   23   23   23   23   23
   23   23   23   23   23   24   24   24   24   25   25   25   26   26   26   27
   27   27   27   28   28   28   29   29   29
    82.5-180.0 180.0   5.0 450.0                            LAT/LON1/LON2/DLON/H
   29   29   30   30   30   30   31   31   32   32   33   33   33   33   33   33
   34   33   33   32   32   32   31   30   29   28   28   27   26   26   25   24
   25   24   24   23   23   23   23   23   23   22   22   23   22   22   22   22
   22   22   23   22   23   23   23   24   24   24   25   25   25   26   26   27
   27   27   27   28   28   28   29   29   29
    80.0-180.0 180.0   5.0 450.0                            LAT/LON1/LON2/DLON/H
   28   29   28   29   29   30   30   31   32   32   34   34   35   35   36   36
   36   36   36   35   34   33   33   32   30   29   28   27   26   26   25   24
   24   24   24   23   23   23   23   23   23   22   22   22   22   22   22   22
   22   22   22   22   22   23   23   23   24   24   24   25   25   26   26   26
   27   28   28   28   28   28   28   28   28
    77.5-180.0 180.0   5.0 450.0                            LAT/LON1/LON2/DLON/H
   27   27   27   28   27   28   29   30   31   32   34   35   36   37   38   39
   39   39   39   38   37   36   35   33   31   30   29   27   26   26   25   24
   24   24   24   23   24   23   23   23   23   23   23   23   22   22   22   22
   22   22   22   22   22   22   22   23   23   24   24   25   25   26   27   27
   28   28   28   28   28   28   27   27   27
    75.0-180.0 180.0   5.0 450.0                            LAT/LON1/LON2/DLON/H
   26   25   25   25   26   27   28   29   31   33   34   36   38   39   41   42
   42   42   42   41   40   39   37   35   33   31   29   28   27   26   25   24
   24   24   24   24   24   24   24   23   23   23   22   23   23   22   22   22
   22   22   22   22   22   22   22   23   23   24   24   25   26   26   27   27
   27   28   28   27   27   27   26   26   26
    72.5-180.0 180.0   5.0 450.0                            LAT/LON1/LON2/DLON/H
   24   24   24   24   25   25   27   29   31   33   35   38   40   42   44   45
   46   46   46   45   44   42   39   37   34   32   30   28   27   26   25   25
   24   24   24   24   24   24   23   22   22   22   22   22   22   22   22   21
   22   22   22   22   22   22   22   23   23   24   24   25   26   26   27   27
   27   27   27   27   27   26   25   25   24
    70.0-180.0 180.0   5.0 450.0                            LAT/LON1/LON2/DLON/H
   23   23   23   24   24   26   27   30   32   35   38   41   44   46   48   50
   51   51   50   49   48   46   43   40   37   34   31   29   28   26   26   25
   25   24   24   24   23   22   22   21   21   20   20   20   20   21   21   21
   21   21   21   22   22   22   22   23   23   24   24   25   25   26   26   26
   26   27   27   26   26   26   25   24   23
    67.5-180.0 180.0   5.0 450.0                            LAT/LON1/LON2/DLON/H
   23   24   24   24   25   27   29   32   35   38   41   45   48   51   53   55
   56   56   56   54   53   49   47   43   39   36   33   30   28   27   25   25
   24   24   23   23   22   21   20   19   19   18   18   18   19   19   19   20
   20   20   20   21   21   21   22   22   23   23   24   24   25   25   25   26
   26   26   26   26   25   25   24   24   23
    65.0-180.0 180.0   5.0 450.0                            LAT/LON1/LON2/DLON/H
   24   24   25   26   28   30   33   36   39   43   46   50   53   56   59   61
   62   62   61   59   57   54   51   47   42   39   35   32   30   28   26   25
   24   24   22   22   21   19   18   18   17   17   16   17   17   18   18   19
   19   20   20   20   21   21   21   22   23   23   24   24   24   24   25   25
   25   25   25   25   25   24   24   24   24
    62.5-180.0 180.0   5.0 450.0                            LAT/LON1/LON2/DLON/H
   26   26   28   30   32   34   37   41   45   48   52   56   59   62   65   66
   67   68   67   65   62   59   55   50   46   42   38   35   32   29   28   26
   25   23   22   22   20   19   18   17   16   17   16   17   17   18   18   18
   19   19   19   20   21   21   22   22   23   23   24   24   24   24   24   25
   25   24   25   25   25   25   25   25   26
    60.0-180.0 180.0   5.0 450.0                            LAT/LON1/LON2/DLON/H
   28   29   31   34   37   40   43   47   50   54   57   61   64   67   70   72
   73   73   72   70   67   63   59   55   50   46   42   38   35   32   29   27
   26   24   23   22   21   20   19   19   18   18   18   19   19   19   19   20
   20   20   21   21   21   22   22   23   23   24   24   25   25   25   25   25
   25   25   25   25   25   25   26   27   28
    57.5-180.0 180.0   5.0 450.0                            LAT/LON1/LON2/DLON/H
   31   33   36   39   42   46   50   53   56   59   63   66   69   72   75   77
   78   79   77   75   72   68   64   60   56   52   48   44   40   36   33   31
   28   27   25   25   24   23   23   22   23   22   23   23   22   23   23   23
   23   23   24   23   24   24   24   24   25   25   26   26   26   26   26   26
   26   26   26   26   26   27   28   29   31
    55.0-180.0 180.0   5.0 450.0                            LAT/LON1/LON2/DLON/H
   34   37   41   45   49   53   57   59   63   66   68   71   73   76   79   81
   83   83   82   80   76   73   69   65   62   58   54   51   46   42   38   35
   32   30   29   28   28   28   28   28   28   29   29   29   28   28   28   28
   28   28   27   28   28   27   27   27   27   27   28   28   29   29   29   29
   29   29   28   28   28   29   30   32   34
    52.5-180.0 180.0   5.0 450.0                            LAT/LON1/LON2/DLON/H
   39   42   46   51   55   60   64   67   70   72   74   76   78   80   83   86
   87   87   87   84   81   78   75   72   69   66   62   58   54   49   44   40
   37   35   34   33   33   34   34   35   36   36   36   36   35   35   34   34
   33   34   34   34   33   33   32   32   31   31   31   32   33   33   33   33
   33   32   31   31   31   31   33   35   39
    50.0-180.0 180.0   5.0 450.0                            LAT/LON1/LON2/DLON/H
   42   47   52   57   62   67   72   75   78   80   80   82   83   85   87   90
   91   92   91   89   86   84   81   79   77   74   71   66   61   56   51   46
   42   40   39   38   39   40   41   42   43   43   44   44   43   42   42   41
   41   41   41   40   40   39   37   37   36   36   36   37   37   38   38   38
   37   36   34   33   33   33   35   39   42
    47.5-180.0 180.0   5.0 450.0                            LAT/LON1/LON2/DLON/H
   47   51   58   63   70   75   80   84   86   88   89   89   90   91   92   94
   95   96   96   94   92   90   88   86   85   82   79   74   69   62   56   51
   47   45   44   44   44   46   48   49   50   50   51   50   50   49   49   49
   49   48   48   48   46   46   44   42   41   41   41   41   42   42   43   42
   41   39   38   36   36   36   38   42   47
    45.0-180.0 180.0   5.0 450.0                            LAT/LON1/LON2/DLON/H
   50   56   63   69   76   82   88   93   96   98   98   98   98   98   99  100
  101  101  101  100   99   97   95   94   92   90   86   81   74   67   61   56
   52   50   49   49   50   51   53   54   55   56   56   56   56   56   56   55
   56   55   55   54   53   51   50   48   47   46   46   47   47   47   46   46
   44   43   40   38   37   38   40   45   50
    42.5-180.0 180.0   5.0 450.0                            LAT/LON1/LON2/DLON/H
   53   59   66   73   81   88   95  101  105  108  109  108  107  106  106  106
  107  107  107  106  105  104  103  102   99   97   92   85   78   71   65   59
   56   54   53   53   54   56   57   59   59   60   61   62   61   61   61   61
   61   61   61   60   58   56   54   53   52   51   51   51   51   51   50   49
   47   45   42   40   38   39   42   47   53
    40.0-180.0 180.0   5.0 450.0                            LAT/LON1/LON2/DLON/H
   55   62   69   76   84   92  100  107  113  116  118  118  117  116  114  114
  113  113  113  113  112  112  110  108  105  101   96   89   80   73   67   62
   59   57   57   58   58   60   61   62   63   64   65   65   65   65   65   65
   65   65   64   63   61   60   58   57   55   55   55   55   55   53   52   51
   49   47   43   40   39   40   43   49   55
    37.5-180.0 180.0   5.0 450.0                            LAT/LON1/LON2/DLON/H
   57   64   71   77   85   94  103  111  118  123  126  126  126  124  122  120
  119  118  118  119  119  117  116  114  110  105   99   90   82   75   69   65
   63   62   62   63   63   64   65   66   66   68   68   69   69   68   68   67
   68   67   66   64   62   61   60   59   58   58   57   57   56   55   53   52
   50   47   44   41   40   41   45   51   57
    35.0-180.0 180.0   5.0 450.0                            LAT/LON1/LON2/DLON/H
   60   66   72   78   85   94  103  112  121  127  130  132  132  131  129  127
  125  124  124  124  124  123  121  118  114  108  101   92   84   77   72   69
   68   68   68   69   70   70   70   70   71   71   72   72   71   71   70   69
   68   67   65   64   62   61   60   59   59   58   58   58   57   56   54   52
   50   48   45   42   41   43   47   53   60
    32.5-180.0 180.0   5.0 450.0                            LAT/LON1/LON2/DLON/H
   63   68   73   79   86   93  103  111  120  127  132  135  136  136  134  132
  129  128  128  128  128  127  125  121  116  111  103   95   88   82   78   76
   75   75   76   76   77   77   76   75   75   75   75   74   73   71   70   69
   68   66   64   62   61   59   59   58   58   58   58   57   57   56   54   53
   51   48   46   43   43   45   51   56   63
    30.0-180.0 180.0   5.0 450.0                            LAT/LON1/LON2/DLON/H
   67   72   76   81   87   94  102  110  119  127  133  136  138  139  137  136
  133  132  132  132  132  130  128  124  120  114  108  101   94   90   87   86
   85   85   85   85   85   84   82   80   79   78   78   76   74   71   69   68
   66   64   62   60   58   57   56   57   57   57   57   57   56   55   54   53
   52   50   47   45   45   49   54   61   67
    27.5-180.0 180.0   5.0 450.0                            LAT/LON1/LON2/DLON/H
   72   76   80   85   90   96  104  112  120  127  132  136  139  140  140  139
  138  137  136  136  136  134  131  129  125  120  115  109  104  101   99   98
   98   97   96   95   93   91   88   85   82   81   79   77   74   70   68   66
   64   63   61   58   56   55   55   55   55   54   55   55   55   54   53   53
   53   51   49   47   49   53   59   66   72
    25.0-180.0 180.0   5.0 450.0                            LAT/LON1/LON2/DLON/H
   78   83   87   91   97  103  109  116  123  129  134  138  141  143  144  144
  143  142  142  142  141  139  137  135  132  129  125  121  118  115  115  113
  112  109  106  104  101   97   93   89   85   82   80   76   72   69   66   64
   63   61   59   57   55   53   53   52   52   52   52   53   53   53   52   53
   52   51   50   50   52   58   65   72   78
    22.5-180.0 180.0   5.0 450.0                            LAT/LON1/LON2/DLON/H
   85   90   95  101  107  113  119  126  132  137  141  144  147  150  151  151
  151  151  151  151  149  147  145  144  142  140  138  136  133  132  132  129
  126  122  116  111  107  102   96   90   85   81   78   74   70   66   63   61
   60   60   59   56   55   53   52   51   51   50   51   51   51   51   51   51
   52   51   51   51   55   62   70   79   85
    20.0-180.0 180.0   5.0 450.0                            LAT/LON1/LON2/DLON/H
   92   98  104  111  119  127  134  140  146  150  153  156  158  161  162  164
  164  164  164  163  161  159  157  156  156  155  153  152  151  149  148  145
  139  132  124  117  111  104   97   90   84   79   75   71   66   62   59   59
   59   59   58   56   55   53   52   51   50   49   49   49   49   50   50   50
   50   50   50   51   56   65   74   84   92
    17.5-180.0 180.0   5.0 450.0                            LAT/LON1/LON2/DLON/H
   98  105  114  123  134  143  152  159  165  169  171  172  175  177  179  181
  182  182  181  179  177  175  173  173  172  172  171  169  168  166  164  158
  151  141  131  122  114  106   98   90   83   77   72   68   63   59   57   57
   57   58   58   57   55   53   52   51   50   49   48   48   48   48   47   47
   47   47   48   51   57   67   78   89   98
    15.0-180.0 180.0   5.0 450.0                            LAT/LON1/LON2/DLON/H
  103  112  124  135  148  160  170  180  186  190  192  194  196  198  201  202
  203  204  202  200  197  194  192  191  190  189  187  186  184  181  176  169
  159  147  136  124  116  107   98   90   82   76   71   66   61   57   55   55
   56   57   58   57   56   54   53   51   50   49   47   47   47   46   45   44
   44   44   45   49   56   68   80   92  103
    12.5-180.0 180.0   5.0 450.0                            LAT/LON1/LON2/DLON/H
  106  118  131  146  161  175  188  199  207  212  214  217  219  222  225  227
  228  228  225  222  218  214  212  210  208  206  203  200  197  193  187  179
  167  154  140  128  119  110  101   92   84   77   71   66   61   58   55   55
   56   57   58   57   56   55   53   51   50   49   48   47   46   45   43   42
   41   40   42   47   55   68   81   94  106
    10.0-180.0 180.0   5.0 450.0                            LAT/LON1/LON2/DLON/H
  110  124  139  155  171  188  203  216  225  231  235  238  241  245  248  251
  252  251  248  244  239  234  231  229  226  221  217  213  208  203  196  186
  174  160  146  133  123  114  106   97   88   81   74   69   64   60   58   57
   57   58   58   58   57   55   54   53   51   50   49   47   46   44   42   40
   38   38   40   45   55   68   83   97  110
     7.5-180.0 180.0   5.0 450.0                            LAT/LON1/LON2/DLON/H
  113  128  144  162  179  197  213  227  238  245  249  254  259  264  269  272
  273  272  268  263  258  253  249  245  240  234  229  224  218  212  204  194
  181  167  153  140  131  122  114  105   97   88   81   75   70   65   63   61
   60   60   60   59   59   57   55   53   53   51   50   49   47   45   43   40
   38   37   39   45   56   70   84   99  113
     5.0-180.0 180.0   5.0 450.0                            LAT/LON1/LON2/DLON/H
  117  133  150  168  185  203  219  234  245  252  258  263  270  277  283  287
  288  287  283  278  272  267  262  257  251  244  239  233  227  221  213  202
  190  176  163  150  140  132  125  116  107   98   90   83   78   73   69   67
   65   64   63   62   60   58   56   55   54   53   51   50   48   46   44   41
   39   38   40   47   58   72   87  102  117
     2.5-180.0 180.0   5.0 450.0                            LAT/LON1/LON2/DLON/H
  121  137  155  173  190  207  223  237  247  255  260  266  274  283  290  295
  297  296  292  287  281  276  271  266  259  252  247  242  237  230  222  212
  201  188  174  161  152  143  136  127  118  109  100   93   87   82   78   75
   72   70   67   65   63   61   58   56   55   54   53   51   50   49   47   45
   42   41   44   50   61   75   90  105  121
