sample_files/i/ionex/irtg0120.21i
     1.0            IONOSPHERE MAPS     GPS                 IONEX VERSION / TYPE
tecrms2ionex_4.awk  UPC-IonSAT          01/22/21 1001UT     PGM / RUN BY / DATE
Global ionosphere maps for day  12, 2021 (12- 1-2021)       DESCRIPTION
Contact address: Manuel Hernandez-Pajares                   DESCRIPTION
                 IonSAT research group                      DESCRIPTION
                 Technical Univ. of Catalonia (UPC-IonSAT)  DESCRIPTION
                 Mod. C3 Campus Nord UPC                    DESCRIPTION
                 E08034-Barcelona, SPAIN                    DESCRIPTION
                 e-mail:  manuel@ma4.upc.edu                DESCRIPTION
                                                            DESCRIPTION
  2021     1    12     0     0     0                        EPOCH OF FIRST MAP
  2021     1    12    23    40     0                        EPOCH OF LAST MAP
  1200                                                      INTERVAL
    72                                                      # OF MAPS IN FILE
  COSZ                                                      MAPPING FUNCTION
     0.0                                                    ELEVATION CUTOFF
    99                                                      # OF STATIONS
    33                                                      # OF SATELLITES
  6371.0                                                    BASE RADIUS
     2                                                      MAP DIMENSION
   450.0 450.0   0.0                                        HGT1 / HGT2 / DHGT
    87.5 -87.5  -2.5                                        LAT1 / LAT2 / DLAT
  -180.0 180.0   5.0                                        LON1 / LON2 / DLON
    -1                                                      EXPONENT
TEC values in  0.1 TECUs; 9999 if no value available        COMMENT
Validation with JASON: <TEC_JASON - TEC_GPS>  [TECU]        DESCRIPTION
         (reference day of year: 012)                       DESCRIPTION
                                                            DESCRIPTION
           Bias   Sigma     RMS    VTEC   %ERR    #OBS      DESCRIPTION
          -3.19    2.65    4.15    7.44   55.8   48331      DESCRIPTION
                                                            DESCRIPTION
UT(hours)  Bias   Sigma     RMS    VTEC   %ERR    #OBS      DESCRIPTION
   0.00   -3.95    1.81    4.35    3.36  129.5    2346      DESCRIPTION
   2.00   -1.75    3.51    3.92    9.74   40.2    4606      DESCRIPTION
   4.00   -3.60    2.33    4.29    9.21   46.5    4297      DESCRIPTION
   6.00   -2.89    2.42    3.77    9.94   37.9    3500      DESCRIPTION
   8.00   -2.75    2.07    3.44    7.60   45.3    4244      DESCRIPTION
  10.00   -2.56    1.73    3.09    5.43   57.0    3642      DESCRIPTION
  12.00   -2.90    2.41    3.78    6.88   54.9    4212      DESCRIPTION
  14.00   -3.22    1.96    3.76    7.17   52.5    4141      DESCRIPTION
  16.00   -4.17    2.43    4.82    5.26   91.7    3351      DESCRIPTION
  18.00   -4.06    3.26    5.21    6.05   86.0    4211      DESCRIPTION
  20.00   -4.56    2.96    5.43    6.75   80.5    3829      DESCRIPTION
  22.00   -2.88    2.39    3.74    8.46   44.2    3935      DESCRIPTION
  24.00   -2.52    2.47    3.53    9.82   36.0    2017      DESCRIPTION
                                                            DESCRIPTION
Lat(deg)   Bias   Sigma     RMS    VTEC   %ERR    #OBS      DESCRIPTION
 -60.00   -2.57    2.09    3.31    5.46   60.7   13033      DESCRIPTION
 -40.00   -3.29    2.13    3.92    6.44   61.0    9770      DESCRIPTION
 -20.00   -4.05    2.84    4.95   10.22   48.4    7290      DESCRIPTION
   0.00   -4.21    2.56    4.93   11.37   43.3    6608      DESCRIPTION
  20.00   -3.15    3.71    4.87    9.59   50.8    5356      DESCRIPTION
  40.00   -2.54    2.80    3.78    4.77   79.2    4242      DESCRIPTION
  60.00   -1.80    1.77    2.53    2.23  113.5    2032      DESCRIPTION
                                                            END OF HEADER
[from data line 15873]
    38                                                      START OF TEC MAP
  2021     1    12    12    20     0                        EPOCH OF CURRENT MAP
    87.5-180.0 180.0   5.0 450.0                            LAT/LON1/LON2/DLON/H
   18   18   18   17   17   17   17   17   16   16   16   16   17   16   16   16
   16   16   16   16   16   16   16   16   16   16   16   16   16   16   16   16
   16   16   16   16   17   17   17   17   17   17   17   17   17   17   17   17
   17   18   18   18   18   18   18   18   18   18   18   18   18   18   18   18
   18   18   18   18   18   18   18   18   18
    85.0-180.0 180.0   5.0 450.0                            LAT/LON1/LON2/DLON/H
   18   18   18   18   18   17   17   17   16   16   16   16   16   15   15   15
   16   15   15   15   15   15   15   15   15   16   16   16   16   16   17   16
   17   17   17   17   17   17   17   17   17   18   18   18   18   18   18   18
   18   18   19   18   18   19   19   19   19   19   19   20   20   20   20   20
   20   20   20   19   19   19   19   18   18
    82.5-180.0 180.0   5.0 450.0                            LAT/LON1/LON2/DLON/H
   19   19   18   18   18   17   17   17   17   16   16   15   15   15   15   15
   15   15   15   15   15   15   15   16   16   16   17   17   17   18   18   18
   19   19   19   19   19   19   19   19   19   19   19   19   19   19   19   19
   19   19   19   19   20   19   20   20   20   20   20   21   21   21   21   21
   21   21   21   20   20   20   20   19   19
    80.0-180.0 180.0   5.0 450.0                            LAT/LON1/LON2/DLON/H
   19   19   18   17   17   17   17   16   16   16   15   15   15   15   14   14
   14   14   15   15   15   15   16   16   17   17   18   18   19   20   20   21
   21   21   22   22   22   22   22   22   22   22   22   21   21   21   21   21
   20   20   20   20   20   20   20   20   20   21   21   21   21   21   22   21
   22   21   21   21   20   20   20   19   19
    77.5-180.0 180.0   5.0 450.0                            LAT/LON1/LON2/DLON/H
   17   17   17   17   16   16   16   16   15   15   15   14   14   14   14   14
   14   14   14   14   15   16   16   16   17   18   19   20   21   22   23   23
   24   24   25   25   25   25   25   25   25   24   24   24   23   23   23   22
   22   21   21   21   20   20   20   20   20   20   20   21   21   21   22   22
   21   21   21   20   20   19   18   18   17
    75.0-180.0 180.0   5.0 450.0                            LAT/LON1/LON2/DLON/H
   16   15   15   15   15   15   15   15   15   14   14   14   14   14   14   14
   14   14   14   15   15   16   17   17   18   19   20   21   22   24   25   26
   27   28   28   28   28   29   28   28   28   27   27   27   26   26   25   24
   24   22   21   21   20   19   19   19   19   19   19   19   20   20   20   21
   20   20   19   19   18   17   17   16   16
    72.5-180.0 180.0   5.0 450.0                            LAT/LON1/LON2/DLON/H
   14   14   14   14   14   14   14   14   14   14   14   14   14   14   14   14
   14   14   14   15   15   16   16   17   18   19   20   22   23   25   26   28
   29   30   31   31   31   31   32   31   31   30   30   30   29   28   27   26
   25   24   22   21   20   18   18   17   17   17   18   18   19   19   19   19
   19   18   18   17   16   15   15   14   14
    70.0-180.0 180.0   5.0 450.0                            LAT/LON1/LON2/DLON/H
   12   13   13   13   14   14   14   14   14   14   14   13   13   13   13   14
   14   14   14   15   15   15   16   16   17   19   20   22   24   26   27   29
   31   32   34   35   35   35   35   35   34   34   34   33   32   31   30   28
   27   25   23   21   19   17   16   16   15   15   16   16   17   18   18   18
   18   17   16   15   14   13   13   12   12
    67.5-180.0 180.0   5.0 450.0                            LAT/LON1/LON2/DLON/H
   12   12   13   13   13   14   14   14   13   13   13   13   13   13   13   13
   13   14   14   14   14   15   15   16   16   18   19   21   23   26   28   31
   33   35   37   38   38   39   39   39   38   38   37   36   35   33   32   30
   28   26   24   21   19   17   15   14   14   14   15   15   15   16   16   17
   16   16   15   14   13   12   12   12   12
    65.0-180.0 180.0   5.0 450.0                            LAT/LON1/LON2/DLON/H
   12   13   13   13   14   14   14   14   13   13   13   13   13   12   12   13
   13   13   13   14   14   14   14   15   16   17   19   21   24   27   30   33
   36   38   40   42   43   43   44   43   43   42   41   40   39   37   35   33
   30   28   25   22   19   17   15   14   13   13   13   14   14   15   16   15
   15   15   14   13   13   12   12   12   12
    62.5-180.0 180.0   5.0 450.0                            LAT/LON1/LON2/DLON/H
   13   14   14   15   15   15   14   14   13   13   12   12   12   12   13   13
   13   13   13   13   13   14   14   15   16   17   20   22   26   29   33   36
   40   43   45   47   48   49   49   49   49   48   46   45   43   41   38   36
   33   29   26   23   21   18   16   14   13   13   13   13   14   15   15   15
   15   15   14   14   13   12   13   13   13
    60.0-180.0 180.0   5.0 450.0                            LAT/LON1/LON2/DLON/H
   15   16   16   16   16   15   14   14   13   13   12   13   13   13   13   13
   13   13   13   13   13   14   15   16   18   20   23   26   30   34   38   42
   45   49   51   53   55   56   56   56   56   54   53   51   49   46   43   40
   36   33   29   26   23   20   18   16   15   14   13   14   15   15   16   16
   16   16   16   15   15   15   15   15   15
    57.5-180.0 180.0   5.0 450.0                            LAT/LON1/LON2/DLON/H
   18   19   18   18   17   17   15   15   14   13   14   14   14   14   14   14
   14   14   14   14   14   15   17   18   21   24   28   32   36   41   45   49
   53   55   58   60   62   63   64   64   63   62   60   58   55   52   49   45
   41   37   33   30   26   24   21   19   17   16   16   16   16   17   17   18
   18   18   18   17   18   17   17   18   18
    55.0-180.0 180.0   5.0 450.0                            LAT/LON1/LON2/DLON/H
   21   21   21   20   20   19   17   17   16   16   16   16   16   16   16   16
   15   15   15   15   16   17   20   23   26   31   35   40   44   49   53   57
   60   63   66   68   69   71   71   71   70   69   68   65   63   59   55   51
   47   43   39   35   32   28   26   23   21   20   19   19   19   19   20   21
   21   21   21   21   21   21   21   21   21
    52.5-180.0 180.0   5.0 450.0                            LAT/LON1/LON2/DLON/H
   25   24   24   23   22   21   20   20   20   20   20   20   20   20   19   19
   18   17   17   18   20   22   25   29   33   39   44   49   54   59   63   66
   69   71   73   75   76   77   78   78   77   76   75   72   70   67   63   59
   54   50   45   42   38   34   31   28   26   24   23   22   22   23   24   24
   25   25   25   25   25   25   25   25   25
    50.0-180.0 180.0   5.0 450.0                            LAT/LON1/LON2/DLON/H
   28   28   28   27   26   25   25   25   25   25   25   25   25   24   24   22
   21   20   21   22   24   27   31   36   41   47   53   59   64   69   73   75
   77   78   80   80   81   82   83   83   83   82   81   79   77   74   70   66
   62   57   53   49   45   41   38   34   31   29   27   27   27   27   28   29
   29   30   30   30   29   29   29   29   28
    47.5-180.0 180.0   5.0 450.0                            LAT/LON1/LON2/DLON/H
   32   32   32   31   31   30   30   30   31   31   31   31   31   30   28   27
   26   26   25   27   29   33   38   44   50   56   63   68   73   78   81   83
   83   84   85   85   86   86   87   87   87   87   86   85   83   81   77   74
   70   65   61   56   52   48   44   40   37   34   33   32   32   33   33   34
   34   35   35   34   34   33   33   33   32
    45.0-180.0 180.0   5.0 450.0                            LAT/LON1/LON2/DLON/H
   36   35   36   36   36   36   37   37   38   38   38   37   36   35   34   32
   31   31   31   32   35   39   45   51   57   64   70   75   81   84   87   88
   89   88   89   89   89   90   90   91   91   91   91   90   89   87   84   80
   77   72   68   63   59   55   50   46   43   40   39   38   38   38   39   39
   40   39   39   39   38   37   37   36   36
    42.5-180.0 180.0   5.0 450.0                            LAT/LON1/LON2/DLON/H
   39   39   39   40   41   42   43   43   44   44   44   43   41   40   39   37
   37   36   36   38   41   45   52   58   64   70   76   81   86   89   91   92
   93   92   92   93   93   93   94   94   95   96   96   95   94   92   90   87
   83   79   75   70   66   61   57   52   49   46   44   43   43   43   44   44
   44   43   43   42   41   41   40   39   39
    40.0-180.0 180.0   5.0 450.0                            LAT/LON1/LON2/DLON/H
   42   42   42   43   45   46   47   48   49   49   48   47   46   44   43   42
   42   41   42   44   47   51   57   63   69   75   80   85   89   92   94   95
   96   96   97   97   98   98   98   99  101  101  101  101   99   97   95   92
   88   85   80   76   72   67   63   58   55   52   50   49   49   48   48   47
   47   46   46   44   44   43   42   42   42
    37.5-180.0 180.0   5.0 450.0                            LAT/LON1/LON2/DLON/H
   43   44   44   46   47   49   50   51   52   52   51   50   49   47   47   46
   45   45   46   48   51   56   61   67   72   77   82   87   91   94   97   98
  100  101  103  104  105  105  106  107  108  109  109  109  106  103  100   97
   93   90   86   82   78   73   69   64   60   58   56   55   53   52   51   50
   49   48   47   46   45   45   44   43   43
    35.0-180.0 180.0   5.0 450.0                            LAT/LON1/LON2/DLON/H
   44   44   45   46   48   49   51   52   52   52   52   51   50   50   49   49
   48   48   48   51   54   59   64   69   74   80   84   89   93   97  100  103
  106  108  111  114  115  116  117  118  119  120  120  118  115  111  107  103
   99   96   92   89   85   80   75   70   66   63   61   59   58   56   54   52
   50   49   47   46   46   45   45   44   44
    32.5-180.0 180.0   5.0 450.0                            LAT/LON1/LON2/DLON/H
   44   44   45   45   47   48   49   50   50   50   50   50   50   50   49   49
   49   49   50   52   56   61   66   71   76   81   86   92   97  101  106  110
  114  118  123  126  128  129  130  132  133  134  133  131  126  121  115  111
  107  103  100   96   92   87   82   76   72   69   66   64   61   59   56   53
   51   49   48   47   46   46   45   45   44
    30.0-180.0 180.0   5.0 450.0                            LAT/LON1/LON2/DLON/H
   44   43   43   43   44   45   46   47   47   47   47   48   48   48   49   49
   49   49   50   52   57   62   67   73   78   84   89   96  102  108  114  119
  125  131  137  141  144  145  146  147  149  150  148  145  139  133  126  121
  116  113  110  106  101   96   89   83   78   74   71   68   65   62   58   55
   52   50   48   48   47   46   46   45   44
    27.5-180.0 180.0   5.0 450.0                            LAT/LON1/LON2/DLON/H
   44   42   42   41   41   42   42   43   43   43   44   44   45   46   47   47
   47   47   48   51   56   62   68   74   80   87   94  102  110  118  125  132
  139  147  153  157  160  162  163  164  165  167  165  161  155  147  139  133
  128  125  121  117  112  106   99   91   85   81   77   73   69   66   61   58
   55   52   50   49   48   47   46   45   44
    25.0-180.0 180.0   5.0 450.0                            LAT/LON1/LON2/DLON/H
   44   42   41   40   39   39   40   39   40   40   41   41   43   43   44   44
   44   44   47   51   56   63   69   76   83   91  100  110  120  129  138  146
  155  162  169  174  177  178  178  180  181  182  181  177  170  162  154  147
  142  138  135  130  125  117  108  100   93   87   83   79   74   70   66   62
   59   56   54   52   50   49   47   46   44
    22.5-180.0 180.0   5.0 450.0                            LAT/LON1/LON2/DLON/H
   45   43   41   40   39   38   38   38   38   38   38   39   39   41   41   41
   41   42   45   50   57   64   71   78   87   96  108  120  131  143  152  161
  170  178  185  190  192  193  193  194  195  196  194  191  184  177  169  162
  157  154  150  145  138  130  120  110  101   95   90   85   80   76   72   68
   64   61   58   56   53   52   49   47   45
    20.0-180.0 180.0   5.0 450.0                            LAT/LON1/LON2/DLON/H
   47   45   43   41   40   39   39   38   37   36   36   36   37   38   38   38
   39   40   44   51   58   66   74   83   92  103  116  130  144  156  166  176
  184  193  199  203  205  205  205  205  206  207  207  204  198  190  184  178
  173  170  165  160  153  143  131  120  111  103   97   92   87   83   79   75
   71   67   63   60   58   55   52   50   47
    17.5-180.0 180.0   5.0 450.0                            LAT/LON1/LON2/DLON/H
   50   48   46   44   42   41   41   39   38   36   35   35   35   36   36   36
   36   39   45   52   61   70   78   87   98  110  125  140  154  167  179  188
  197  204  210  214  215  215  214  214  215  216  216  214  209  203  197  191
  187  184  180  174  166  155  144  132  121  112  105   98   94   89   86   82
   78   73   69   65   62   58   55   53   50
    15.0-180.0 180.0   5.0 450.0                            LAT/LON1/LON2/DLON/H
   53   51   49   47   45   44   43   41   39   37   35   34   34   34   34   34
   36   39   46   55   65   74   83   93  104  118  133  149  164  177  189  198
  206  213  218  222  223  223  222  221  222  224  224  222  218  213  208  203
  200  197  193  187  178  167  155  143  132  121  112  106  100   96   93   89
   84   79   75   70   66   62   58   55   53
    12.5-180.0 180.0   5.0 450.0                            LAT/LON1/LON2/DLON/H
   54   52   51   50   48   46   45   43   41   38   35   34   33   33   33   33
   35   40   48   58   68   78   88   99  111  125  140  156  171  184  195  204
  211  218  224  227  229  229  228  228  228  230  230  230  226  222  218  214
  211  208  203  198  189  178  166  154  141  131  121  112  107  102   98   94
   90   84   79   74   69   64   60   57   54
    10.0-180.0 180.0   5.0 450.0                            LAT/LON1/LON2/DLON/H
   55   54   52   51   49   47   46   44   41   38   35   33   33   32   32   33
   35   41   50   60   71   82   93  105  117  131  147  162  176  188  198  207
  214  220  226  230  233  234  234  234  235  237  237  236  233  230  226  222
  220  217  212  206  198  188  176  164  151  139  128  119  112  107  103   99
   94   88   82   76   71   65   61   57   55
     7.5-180.0 180.0   5.0 450.0                            LAT/LON1/LON2/DLON/H
   55   54   52   51   49   47   45   43   40   37   34   33   32   31   31   32
   35   42   52   62   74   85   97  110  123  137  151  166  178  190  199  207
  214  220  227  232  236  239  240  241  242  244  244  243  241  237  234  230
  227  224  220  214  206  196  186  174  160  147  135  124  117  111  106  102
   96   90   84   78   72   66   61   58   55
     5.0-180.0 180.0   5.0 450.0                            LAT/LON1/LON2/DLON/H
   55   53   52   50   47   45   43   41   38   35   33   32   31   31   31   32
   35   43   53   64   76   88  101  114  127  142  155  168  179  189  198  205
  212  220  227  234  239  243  246  249  250  252  252  251  248  245  241  237
  234  231  227  221  213  204  193  181  168  154  141  130  121  115  109  104
   99   92   86   79   73   67   62   57   55
     2.5-180.0 180.0   5.0 450.0                            LAT/LON1/LON2/DLON/H
   54   52   50   48   46   43   41   39   36   34   32   31   31   30   30   31
   35   43   54   66   77   90  103  117  131  145  157  169  179  188  196  203
  210  218  227  234  241  247  252  256  258  260  260  259  256  252  249  245
  242  238  233  227  219  210  200  188  175  160  147  135  126  119  113  107
  101   94   87   82   75   68   62   58   54
