sample_files/i/ionex/irtg0040.21i
     1.0            IONOSPHERE MAPS     MIX                 IONEX VERSION / TYPE
tecrms2ionex_4.awk  UPC-IonSAT          01/04/21  101UT     PGM / RUN BY / DATE
Global ionosphere maps for day   4, 2021 ( 4- 1-2021)       DESCRIPTION
Contact address: Manuel Hernandez-Pajares                   DESCRIPTION
                 IonSAT research group                      DESCRIPTION
                 Technical Univ. of Catalonia (UPC-IonSAT)  DESCRIPTION
                 Mod. C3 Campus Nord UPC                    DESCRIPTION
                 E08034-Barcelona, SPAIN                    DESCRIPTION
                 e-mail:  manuel@ma4.upc.edu                DESCRIPTION
                                                            DESCRIPTION
                 warning: irregular time interval           DESCRIPTION
Generated by single_epoch_2_ionex_unfixed_time_interval.py  DESCRIPTION
  2021     1     4     0     5     0                        EPOCH OF FIRST MAP
  2021     1     4    23    40     0                        EPOCH OF LAST MAP
  1200                                                      INTERVAL
    68                                                      # OF MAPS IN FILE
  COSZ                                                      MAPPING FUNCTION
     0.0                                                    ELEVATION CUTOFF
   999                                                      # OF STATIONS
    99                                                      # OF SATELLITES
  6371.0                                                    BASE RADIUS
     2                                                      MAP DIMENSION
   450.0 450.0   0.0                                        HGT1 / HGT2 / DHGT
    87.5 -87.5  -2.5                                        LAT1 / LAT2 / DLAT
  -180.0 180.0   5.0                                        LON1 / LON2 / DLON
    -1                                                      EXPONENT
TEC values in  0.1 TECUs; 9999 if no value available        COMMENT
                                                            END OF HEADER
[from data line 17589]
    42                                                      START OF TEC MAP
  2021     1     4    15     0     0                        EPOCH OF CURRENT MAP
    87.5-180.0 180.0   5.0 450.0                            LAT/LON1/LON2/DLON/H
   21   21   21   21   21   21   20   21   20   20   20   21   21   21   21   21
   21   21   21   21   21   21   21   21   21   21   21   21   21   21   21   22
   22   22   22   22   22   22   22   22   22   22   22   22   22   22   22   22
   22   22   22   21   21   21   21   21   21   21   21   21   21   21   21   21
   21   21   21   21   21   21   21   21   21
    85.0-180.0 180.0   5.0 450.0                            LAT/LON1/LON2/DLON/H
   20   21   21   21   20   20   21   20   21   21   21   21   21   21   21   21
   21   21   21   21   21   21   22   21   22   22   22   22   22   22   22   22
   22   22   23   23   22   22   22   22   22   22   22   22   22   22   22   22
   22   22   22   22   21   21   21   21   21   21   21   21   21   20   21   21
   21   20   20   20   21   21   20   20   20
    82.5-180.0 180.0   5.0 450.0                            LAT/LON1/LON2/DLON/H
   20   20   20   20   20   21   21   21   21   21   21   21   21   22   21   22
   22   22   21   22   22   22   22   22   23   23   23   23   23   23   23   24
   24   23   23   23   23   23   23   23   23   22   22   22   22   22   22   22
   22   22   22   21   22   21   21   21   21   21   21   20   20   20   20   20
   20   20   20   20   20   20   20   20   20
    80.0-180.0 180.0   5.0 450.0                            LAT/LON1/LON2/DLON/H
   20   20   20   21   21   21   21   21   22   22   22   22   23   22   23   23
   23   23   23   23   24   23   24   24   25   25   25   25   25   25   25   25
   25   25   24   24   24   24   23   23   23   22   22   22   22   22   22   22
   22   21   21   21   21   20   21   20   20   20   20   20   20   20   20   20
   20   20   20   20   20   20   20   20   20
    77.5-180.0 180.0   5.0 450.0                            LAT/LON1/LON2/DLON/H
   20   20   20   20   21   21   21   22   22   23   23   23   23   24   24   24
   24   25   25   25   26   26   27   27   28   28   28   28   28   28   28   28
   28   27   26   26   25   25   24   23   23   22   22   22   21   21   21   21
   21   21   21   21   20   20   20   19   20   19   19   19   19   19   19   20
   20   20   20   20   20   20   20   20   20
    75.0-180.0 180.0   5.0 450.0                            LAT/LON1/LON2/DLON/H
   19   19   20   20   20   21   21   22   22   23   23   24   24   25   25   25
   26   26   27   28   28   29   30   31   31   32   32   32   32   32   32   31
   30   29   28   27   26   25   24   23   22   21   21   20   20   20   21   21
   20   21   20   20   20   20   19   19   19   18   18   19   19   19   19   19
   19   20   20   20   20   20   20   20   19
    72.5-180.0 180.0   5.0 450.0                            LAT/LON1/LON2/DLON/H
   19   19   19   19   19   20   20   21   22   22   23   24   24   25   25   26
   26   28   29   30   31   33   34   35   36   37   37   37   37   37   36   34
   33   32   31   29   27   26   24   23   22   21   20   20   20   20   20   20
   20   20   20   20   19   19   18   18   18   18   17   18   18   19   19   20
   20   20   20   20   20   20   20   20   19
    70.0-180.0 180.0   5.0 450.0                            LAT/LON1/LON2/DLON/H
   19   19   18   18   18   19   19   20   20   21   22   23   24   24   24   25
   27   28   30   32   34   37   38   40   41   42   43   43   42   42   40   39
   37   35   33   31   29   27   25   23   22   21   20   19   19   19   19   19
   20   19   19   19   19   18   18   17   17   16   17   18   18   18   19   19
   20   20   20   20   20   20   20   19   19
    67.5-180.0 180.0   5.0 450.0                            LAT/LON1/LON2/DLON/H
   19   19   18   18   17   17   18   18   19   20   21   21   22   22   23   24
   26   29   31   34   37   40   43   45   47   48   48   48   48   47   46   44
   42   39   37   34   32   30   27   25   24   22   20   19   19   18   18   19
   19   19   18   18   17   17   16   16   16   16   17   17   18   19   19   20
   20   21   20   21   21   21   20   20   19
    65.0-180.0 180.0   5.0 450.0                            LAT/LON1/LON2/DLON/H
   19   19   18   17   17   17   17   17   18   18   19   19   19   20   21   23
   26   29   32   36   40   44   47   50   52   54   54   54   54   53   51   49
   46   44   41   39   36   33   31   28   26   24   22   21   20   19   18   18
   18   18   17   17   16   16   15   15   15   16   16   17   18   19   19   20
   20   21   21   21   21   21   21   20   19
    62.5-180.0 180.0   5.0 450.0                            LAT/LON1/LON2/DLON/H
   21   20   19   18   17   17   16   17   17   17   17   17   18   18   20   22
   25   29   33   37   42   47   51   54   57   58   60   60   60   59   58   56
   53   50   47   44   41   38   35   33   30   28   26   23   21   20   19   18
   17   16   16   15   15   15   15   14   15   16   17   18   19   20   20   21
   21   22   22   22   22   22   22   21   21
    60.0-180.0 180.0   5.0 450.0                            LAT/LON1/LON2/DLON/H
   23   21   21   20   19   18   17   17   17   17   17   16   16   17   19   21
   25   30   34   40   45   50   55   58   61   63   65   67   67   66   65   63
   60   57   53   50   47   44   42   39   36   33   30   27   24   22   19   17
   17   16   15   14   14   14   14   15   16   17   19   20   21   22   22   23
   23   23   23   23   23   23   23   23   23
    57.5-180.0 180.0   5.0 450.0                            LAT/LON1/LON2/DLON/H
   25   24   23   22   22   20   20   20   19   18   17   17   17   17   19   22
   26   31   37   43   48   54   59   62   66   69   71   73   74   74   73   71
   68   64   61   57   54   51   49   46   43   40   36   32   28   25   22   19
   17   16   15   15   15   15   16   17   18   20   22   23   24   24   25   25
   25   25   25   25   26   26   26   25   25
    55.0-180.0 180.0   5.0 450.0                            LAT/LON1/LON2/DLON/H
   28   28   27   26   25   25   24   23   22   21   20   18   18   19   21   25
   30   36   41   47   53   58   63   67   71   74   77   79   81   81   81   78
   75   72   68   64   61   58   56   54   51   47   43   38   34   29   25   22
   20   19   18   17   18   18   19   20   22   24   25   26   27   28   28   28
   29   28   29   29   29   29   29   29   28
    52.5-180.0 180.0   5.0 450.0                            LAT/LON1/LON2/DLON/H
   32   31   31   31   30   29   29   28   27   25   23   22   21   22   25   29
   35   41   47   53   59   64   69   73   76   80   83   85   87   88   87   86
   83   78   75   71   68   65   63   61   58   55   51   46   40   35   31   27
   25   23   23   22   23   23   24   25   27   29   30   31   32   32   32   32
   32   32   32   32   32   32   32   32   32
    50.0-180.0 180.0   5.0 450.0                            LAT/LON1/LON2/DLON/H
   35   35   35   35   34   34   34   33   32   30   28   26   25   27   30   35
   41   47   54   60   66   71   75   79   83   87   89   91   93   93   92   90
   87   84   80   77   74   71   69   68   65   61   57   53   47   43   38   35
   32   31   30   29   29   29   30   32   33   34   35   36   36   36   36   36
   36   36   36   36   36   36   36   36   35
    47.5-180.0 180.0   5.0 450.0                            LAT/LON1/LON2/DLON/H
   39   38   39   39   39   39   38   38   37   35   32   31   30   32   35   41
   48   55   62   68   73   79   83   87   91   93   95   96   97   97   95   93
   91   87   85   82   80   77   75   73   70   67   64   59   54   50   46   43
   41   39   39   38   37   37   38   38   39   40   41   41   41   40   40   40
   40   40   39   40   40   39   39   38   39
    45.0-180.0 180.0   5.0 450.0                            LAT/LON1/LON2/DLON/H
   40   40   41   41   41   42   42   41   41   39   37   35   35   37   42   48
   55   62   69   76   82   87   92   96   99  100  101  100   99   98   96   94
   92   90   88   86   84   82   80   78   76   73   69   65   61   57   54   52
   50   49   48   46   45   45   45   45   46   46   45   45   45   44   43   43
   43   42   42   42   42   41   41   41   40
    42.5-180.0 180.0   5.0 450.0                            LAT/LON1/LON2/DLON/H
   41   41   41   42   43   44   44   44   44   43   41   40   40   43   48   55
   63   70   77   84   90   96  101  104  106  106  105  104  101   98   96   94
   92   92   91   90   89   88   86   83   80   77   74   70   67   64   61   59
   58   57   56   54   52   52   51   51   51   50   50   49   47   47   46   45
   45   43   43   43   43   42   42   41   41
    40.0-180.0 180.0   5.0 450.0                            LAT/LON1/LON2/DLON/H
   41   41   41   42   42   43   44   45   45   45   44   44   45   48   54   62
   69   77   85   91   98  104  109  112  113  112  109  106  102   98   96   94
   94   94   95   96   96   95   93   90   86   82   78   75   72   69   66   65
   64   63   62   60   58   56   55   55   54   54   52   51   50   49   48   47
   45   44   43   42   42   42   42   41   41
    37.5-180.0 180.0   5.0 450.0                            LAT/LON1/LON2/DLON/H
   39   39   40   40   40   41   43   43   45   45   46   47   50   54   61   68
   76   84   91   98  105  112  116  118  118  116  112  108  104  100   98   97
   98  100  103  105  106  104  102   97   93   88   84   80   76   73   71   69
   69   67   66   64   61   59   58   57   56   56   54   53   51   50   49   47
   46   43   41   41   40   40   40   40   39
    35.0-180.0 180.0   5.0 450.0                            LAT/LON1/LON2/DLON/H
   38   37   37   38   38   39   40   42   43   45   47   50   55   60   67   75
   82   90   98  105  112  117  121  122  121  119  116  112  108  105  104  105
  108  111  115  117  118  117  113  107  101   96   90   85   81   76   74   72
   71   70   68   66   63   61   60   59   58   57   55   54   52   51   50   47
   45   42   40   39   39   39   38   38   38
    32.5-180.0 180.0   5.0 450.0                            LAT/LON1/LON2/DLON/H
   36   36   36   36   36   37   38   39   41   44   47   53   59   66   73   81
   88   96  103  111  117  122  125  125  124  122  120  118  117  117  117  120
  124  128  131  134  134  131  126  120  113  105   99   92   86   81   78   75
   73   72   70   68   65   62   61   60   59   58   57   55   54   52   50   48
   46   43   40   38   37   37   37   37   36
    30.0-180.0 180.0   5.0 450.0                            LAT/LON1/LON2/DLON/H
   35   35   35   35   35   35   36   37   39   42   47   54   63   71   79   87
   94  102  109  116  122  125  127  127  125  125  126  127  130  132  136  140
  146  150  153  154  152  148  142  134  125  117  109  101   94   87   83   79
   77   75   72   70   67   65   63   62   60   59   57   56   54   53   52   50
   47   44   41   39   38   37   36   36   35
    27.5-180.0 180.0   5.0 450.0                            LAT/LON1/LON2/DLON/H
   35   35   35   35   34   34   35   36   37   41   47   55   66   76   85   93
  100  108  115  122  126  129  129  128  128  130  134  140  147  153  160  167
  172  176  177  175  172  166  158  149  140  130  121  113  105   97   91   86
   83   80   77   74   72   69   66   64   62   60   58   57   56   54   53   52
   49   47   44   41   39   38   37   36   35
    25.0-180.0 180.0   5.0 450.0                            LAT/LON1/LON2/DLON/H
   36   36   36   35   35   35   35   35   36   40   47   57   68   80   90   98
  106  115  122  128  131  132  131  130  132  135  144  155  167  178  187  194
  200  202  200  197  191  183  174  164  154  145  136  126  117  109  101   96
   91   88   84   81   77   74   71   68   64   62   60   58   56   56   55   54
   53   51   48   45   42   40   38   37   36
    22.5-180.0 180.0   5.0 450.0                            LAT/LON1/LON2/DLON/H
   38   37   37   37   37   36   36   36   36   39   46   58   71   83   94  104
  113  121  129  134  137  137  136  135  138  145  157  172  188  202  214  222
  226  226  222  216  207  198  188  178  168  159  151  142  133  123  115  108
  103   98   93   89   85   80   76   72   67   63   61   59   57   57   56   56
   55   54   52   49   46   43   40   39   38
    20.0-180.0 180.0   5.0 450.0                            LAT/LON1/LON2/DLON/H
   39   39   38   38   38   38   37   36   36   39   47   59   73   87   99  109
  119  128  137  142  144  143  143  143  147  157  172  190  208  224  236  244
  248  246  240  231  221  211  201  190  181  173  166  158  149  139  130  122
  115  109  103   98   92   87   82   75   70   65   62   60   58   58   57   58
   58   57   55   53   49   46   43   40   39
    17.5-180.0 180.0   5.0 450.0                            LAT/LON1/LON2/DLON/H
   40   39   39   39   38   39   38   37   37   40   48   60   76   90  103  115
  126  136  145  150  152  152  152  154  160  171  188  207  225  241  253  261
  263  260  252  242  231  220  210  201  193  187  181  173  165  155  145  136
  128  120  112  105   99   93   86   79   73   67   64   61   59   58   58   58
   59   58   57   55   52   48   44   42   40
    15.0-180.0 180.0   5.0 450.0                            LAT/LON1/LON2/DLON/H
   40   39   38   38   38   38   38   38   38   41   49   63   79   94  109  121
  134  145  154  160  162  163  164  168  175  187  204  222  239  252  263  269
  271  267  259  249  238  229  219  211  205  200  194  188  179  169  159  148
  138  128  119  111  104   97   90   82   75   70   65   63   61   59   58   58
   59   59   58   55   52   49   45   42   40
    12.5-180.0 180.0   5.0 450.0                            LAT/LON1/LON2/DLON/H
   39   37   36   36   36   37   37   37   38   42   52   66   83   99  114  128
  142  154  164  169  172  175  178  183  192  203  218  234  247  259  267  272
  273  270  263  253  244  236  228  221  215  210  206  200  192  182  169  157
  146  134  124  115  107  100   92   85   78   72   68   66   63   61   59   59
   58   58   57   55   52   48   45   41   39
    10.0-180.0 180.0   5.0 450.0                            LAT/LON1/LON2/DLON/H
   36   34   32   32   33   33   35   36   39   44   55   70   87  104  120  135
  150  163  173  180  184  189  193  200  208  219  231  243  253  261  267  271
  273  270  265  258  251  244  237  231  226  222  218  211  202  191  178  165
  151  138  128  117  109  102   95   88   82   76   72   69   67   64   62   59
   58   57   55   52   50   47   43   40   36
     7.5-180.0 180.0   5.0 450.0                            LAT/LON1/LON2/DLON/H
   34   31   29   29   29   30   31   34   38   46   58   74   92  109  126  142
  158  172  183  190  196  201  208  216  224  233  242  250  256  261  265  269
  272  271  268  263  258  253  248  242  237  232  227  221  211  199  185  170
  155  142  130  120  112  105   99   93   87   82   78   74   72   68   64   61
   59   56   54   51   48   45   41   38   34
     5.0-180.0 180.0   5.0 450.0                            LAT/LON1/LON2/DLON/H
   32   29   27   26   26   27   29   32   38   47   60   77   96  114  132  149
  165  179  191  200  206  214  222  230  237  244  250  255  258  261  265  269
  273  276  274  272  269  264  259  253  248  243  237  229  219  206  191  175
  160  146  134  124  117  111  105  100   94   90   85   81   78   74   69   65
   62   58   54   50   47   44   40   36   32
     2.5-180.0 180.0   5.0 450.0                            LAT/LON1/LON2/DLON/H
   31   27   26   25   24   25   27   31   38   49   63   80  100  118  136  154
  171  186  198  207  216  224  232  240  246  252  256  259  261  263  267  273
  280  283  284  283  280  277  272  265  259  253  246  238  227  213  198  182
  166  152  140  131  123  118  113  108  104   99   94   89   85   81   76   71
   66   61   56   51   48   44   40   36   31
