sample_files/i/ionex/irtg0090.21i
     1.0            IONOSPHERE MAPS     GPS                 IONEX VERSION / TYPE
tecrms2ionex_4.awk  UPC-IonSAT          01/22/21 1001UT     PGM / RUN BY / DATE
Global ionosphere maps for day   9, 2021 ( 9- 1-2021)       DESCRIPTION
Contact address: Manuel Hernandez-Pajares                   DESCRIPTION
                 IonSAT research group                      DESCRIPTION
                 Technical Univ. of Catalonia (UPC-IonSAT)  DESCRIPTION
                 Mod. C3 Campus Nord UPC                    DESCRIPTION
                 E08034-Barcelona, SPAIN                    DESCRIPTION
                 e-mail:  manuel@ma4.upc.edu                DESCRIPTION
                                                            DESCRIPTION
  2021     1     9     0     0     0                        EPOCH OF FIRST MAP
  2021     1     9    23    40     0                        EPOCH OF LAST MAP
  1200                                                      INTERVAL
    72                                                      # OF MAPS IN FILE
  COSZ                                                      MAPPING FUNCTION
     0.0                                                    ELEVATION CUTOFF
    99                                                      # OF STATIONS
    33                                                      # OF SATELLITES
  6371.0                                                    BASE RADIUS
     2                                                      MAP DIMENSION
   450.0 450.0   0.0                                        HGT1 / HGT2 / DHGT
    87.5 -87.5  -2.5                                        LAT1 / LAT2 / DLAT
  -180.0 180.0   5.0                                        LON1 / LON2 / DLON
    -1                                                      EXPONENT
TEC values in  0.1 TECUs; 9999 if no value available        COMMENT
Validation with JASON: <TEC_JASON - TEC_GPS>  [TECU]        DESCRIPTION
         (reference day of year: 009)                       DESCRIPTION
                                                            DESCRIPTION
           Bias   Sigma     RMS    VTEC   %ERR    #OBS      DESCRIPTION
          -3.31    2.87    4.38    7.44   58.9   46939      DESCRIPTION
                                                            DESCRIPTION
UT(hours)  Bias   Sigma     RMS    VTEC   %ERR    #OBS      DESCRIPTION
   0.00   -1.52    5.70    5.90   12.05   49.0    2257      DESCRIPTION
   2.00   -3.40    2.24    4.07    7.23   56.2    4684      DESCRIPTION
   4.00   -2.86    2.50    3.80    7.48   50.8    3650      DESCRIPTION
   6.00   -2.54    2.56    3.61    8.81   40.9    3492      DESCRIPTION
   8.00   -3.86    3.53    5.23    6.55   79.8    4551      DESCRIPTION
  10.00   -3.58    2.82    4.56    5.91   77.1    4058      DESCRIPTION
  12.00   -2.94    2.50    3.86    5.78   66.9    4152      DESCRIPTION
  14.00   -3.91    2.62    4.71    6.83   68.9    3648      DESCRIPTION
  16.00   -3.31    2.25    4.00    8.84   45.3    3185      DESCRIPTION
  18.00   -3.89    2.53    4.64    6.69   69.4    4876      DESCRIPTION
  20.00   -3.20    2.16    3.86    7.71   50.1    4383      DESCRIPTION
  22.00   -3.72    2.39    4.42    9.11   48.5    3561      DESCRIPTION
  24.00   -2.63    1.16    2.88    0.36  795.4     442      DESCRIPTION
                                                            DESCRIPTION
Lat(deg)   Bias   Sigma     RMS    VTEC   %ERR    #OBS      DESCRIPTION
 -60.00   -2.25    2.20    3.14    6.58   47.8   11786      DESCRIPTION
 -40.00   -2.95    2.38    3.79    7.03   53.9    8992      DESCRIPTION
 -20.00   -4.72    2.99    5.59    9.68   57.7    6931      DESCRIPTION
   0.00   -4.92    2.67    5.60   10.74   52.1    6368      DESCRIPTION
  20.00   -2.90    4.12    5.04    9.75   51.6    5396      DESCRIPTION
  40.00   -3.52    2.13    4.11    3.49  117.9    4791      DESCRIPTION
  60.00   -2.08    1.87    2.80    1.26  221.7    2675      DESCRIPTION
                                                            END OF HEADER
[from data line 21879]
    52                                                      START OF TEC MAP
  2021     1     9    17     0     0                        EPOCH OF CURRENT MAP
    87.5-180.0 180.0   5.0 450.0                            LAT/LON1/LON2/DLON/H
   21   21   21   21   21   21   21   21   22   22   22   22   22   22   22   22
   22   22   22   22   22   22   22   22   22   22   22   22   22   21   21   21
   21   21   21   21   21   21   21   21   21   21   21   21   20   20   20   20
   20   20   20   20   20   20   20   20   20   20   20   20   20   20   20   20
   20   21   21   21   21   21   21   21   21
    85.0-180.0 180.0   5.0 450.0                            LAT/LON1/LON2/DLON/H
   20   20   20   20   20   21   21   21   21   21   22   22   22   22   22   22
   22   22   22   22   22   22   23   23   22   22   22   22   22   23   22   22
   22   22   22   22   21   21   21   21   21   21   20   20   20   20   20   20
   20   19   19   19   19   19   19   19   19   19   19   19   19   19   19   19
   19   20   20   20   20   20   20   20   20
    82.5-180.0 180.0   5.0 450.0                            LAT/LON1/LON2/DLON/H
   19   20   20   20   20   20   20   21   21   21   21   22   22   22   23   23
   22   23   23   23   23   23   23   23   24   23   23   23   23   23   23   22
   22   22   22   22   21   21   21   21   20   20   20   19   19   19   19   19
   19   18   18   18   18   18   18   18   18   19   19   19   19   19   19   19
   19   19   19   19   19   19   19   19   19
    80.0-180.0 180.0   5.0 450.0                            LAT/LON1/LON2/DLON/H
   18   18   18   18   19   19   19   20   20   20   21   22   22   22   23   23
   23   24   24   24   24   24   25   24   25   25   24   24   24   24   24   23
   23   23   23   22   22   21   21   21   20   20   19   19   19   18   18   18
   18   18   18   18   18   18   18   18   18   18   18   18   18   18   18   18
   18   18   18   18   18   18   18   18   18
    77.5-180.0 180.0   5.0 450.0                            LAT/LON1/LON2/DLON/H
   17   17   17   17   17   18   18   18   19   20   21   21   22   23   23   24
   25   25   25   26   26   27   27   27   27   27   27   26   26   25   25   24
   24   23   23   22   22   22   21   21   20   19   19   18   18   18   17   18
   17   17   17   17   17   18   17   18   18   18   18   18   18   18   18   18
   17   18   17   17   17   17   17   17   17
    75.0-180.0 180.0   5.0 450.0                            LAT/LON1/LON2/DLON/H
   16   16   16   16   16   16   17   17   18   19   19   20   21   23   24   24
   26   27   28   29   29   30   30   30   30   30   29   29   28   27   26   25
   25   24   24   23   22   22   21   20   20   19   19   18   17   17   17   17
   17   17   17   17   17   17   18   18   18   18   18   18   18   18   18   18
   17   17   17   17   16   16   16   16   16
    72.5-180.0 180.0   5.0 450.0                            LAT/LON1/LON2/DLON/H
   15   15   14   15   15   15   15   16   17   18   19   20   22   23   24   26
   28   30   31   32   33   34   35   34   34   34   33   32   31   29   28   27
   26   24   24   23   22   21   21   20   19   19   18   17   17   17   16   16
   16   16   16   16   17   17   17   18   18   18   18   18   18   18   18   18
   17   17   17   16   16   16   15   15   15
    70.0-180.0 180.0   5.0 450.0                            LAT/LON1/LON2/DLON/H
   14   14   14   13   14   14   14   14   15   17   18   20   21   23   26   28
   30   33   35   37   38   39   40   40   40   38   37   35   33   31   30   28
   27   25   24   23   22   21   20   20   19   18   17   17   16   16   16   15
   16   16   16   16   16   17   17   17   17   17   17   18   18   18   18   18
   17   17   17   16   16   15   15   15   14
    67.5-180.0 180.0   5.0 450.0                            LAT/LON1/LON2/DLON/H
   15   14   14   13   13   13   13   14   14   16   17   19   21   24   27   30
   33   36   39   41   44   45   46   46   45   43   42   39   36   34   32   29
   27   26   24   23   22   21   21   20   19   18   17   16   16   15   15   15
   15   15   15   16   16   16   16   16   17   17   17   17   17   18   18   17
   17   17   17   16   16   15   15   15   15
    65.0-180.0 180.0   5.0 450.0                            LAT/LON1/LON2/DLON/H
   15   15   14   14   13   13   13   13   14   15   17   19   22   25   29   33
   37   40   43   47   49   51   51   51   50   49   46   44   41   37   35   32
   30   28   26   24   23   22   21   20   19   18   17   16   15   15   15   15
   14   15   15   15   15   15   16   16   16   16   16   17   17   17   17   17
   17   17   17   16   16   15   15   15   15
    62.5-180.0 180.0   5.0 450.0                            LAT/LON1/LON2/DLON/H
   16   16   15   15   14   13   13   13   14   15   17   20   23   27   32   36
   40   44   48   51   54   55   56   56   55   54   51   49   45   42   39   36
   33   31   28   27   25   24   23   21   20   19   18   17   16   15   15   15
   14   14   15   15   15   15   15   15   16   16   17   17   17   17   17   18
   17   17   17   16   16   16   16   16   16
    60.0-180.0 180.0   5.0 450.0                            LAT/LON1/LON2/DLON/H
   17   17   17   16   15   14   14   14   15   17   19   22   26   30   35   39
   44   49   52   56   58   60   60   60   60   58   57   54   51   48   45   41
   38   35   33   30   29   27   25   24   22   21   19   19   17   17   16   15
   15   15   15   15   15   16   16   15   16   17   17   18   18   18   19   18
   18   17   17   17   17   16   17   17   17
    57.5-180.0 180.0   5.0 450.0                            LAT/LON1/LON2/DLON/H
   19   19   19   18   17   17   16   16   17   19   22   25   29   34   39   44
   48   53   57   60   62   63   64   64   64   63   63   61   58   56   52   48
   45   41   38   35   34   32   30   27   26   24   23   21   20   19   18   17
   17   17   17   17   17   17   17   18   18   18   19   20   20   20   20   20
   20   19   19   18   18   18   18   19   19
    55.0-180.0 180.0   5.0 450.0                            LAT/LON1/LON2/DLON/H
   21   21   21   21   20   19   19   19   20   23   26   29   34   38   43   48
   53   57   61   63   66   67   68   68   69   69   69   68   66   63   60   56
   52   48   45   42   39   37   34   33   30   28   26   25   24   23   21   21
   20   20   20   20   20   20   20   21   21   22   22   23   23   23   23   23
   22   22   21   20   20   20   20   21   21
    52.5-180.0 180.0   5.0 450.0                            LAT/LON1/LON2/DLON/H
   24   24   24   24   23   23   23   23   25   28   31   35   39   44   49   54
   58   62   65   67   69   70   72   73   74   75   76   76   75   72   69   64
   60   55   51   48   45   42   40   37   35   34   32   30   28   28   27   26
   25   25   25   25   25   25   25   25   25   26   26   27   27   27   27   26
   26   25   24   24   24   23   23   24   24
    50.0-180.0 180.0   5.0 450.0                            LAT/LON1/LON2/DLON/H
   27   27   27   27   26   26   27   28   30   33   37   41   45   50   55   59
   63   67   70   73   74   75   76   78   80   82   83   83   82   79   75   71
   66   61   57   53   51   48   46   43   41   39   37   36   34   33   33   32
   32   32   32   31   31   31   31   31   31   31   32   32   32   32   31   30
   30   29   28   28   27   27   27   27   27
    47.5-180.0 180.0   5.0 450.0                            LAT/LON1/LON2/DLON/H
   30   30   30   30   29   30   31   33   36   40   44   48   52   56   60   65
   69   73   76   78   80   81   83   85   87   89   90   90   88   85   80   75
   70   65   62   58   55   53   51   49   47   45   43   42   40   40   39   39
   39   39   38   39   38   37   37   37   37   37   37   37   37   36   35   34
   33   33   32   32   31   31   30   30   30
    45.0-180.0 180.0   5.0 450.0                            LAT/LON1/LON2/DLON/H
   33   32   32   32   32   33   35   38   42   46   50   54   58   62   67   71
   75   79   82   85   87   88   91   93   94   96   96   95   92   88   83   78
   73   68   65   61   59   58   56   55   52   51   49   48   47   46   46   46
   46   46   45   45   44   43   43   42   42   42   42   41   41   40   39   38
   37   36   36   35   34   34   33   33   33
    42.5-180.0 180.0   5.0 450.0                            LAT/LON1/LON2/DLON/H
   35   34   33   33   33   35   38   42   47   52   56   60   64   68   73   77
   81   85   89   92   95   97   99  101  102  102  101   98   94   89   84   79
   74   70   67   65   64   63   62   60   58   57   55   54   52   52   52   52
   52   52   52   51   49   48   47   47   46   46   46   45   44   43   42   40
   40   39   38   37   37   36   35   35   35
    40.0-180.0 180.0   5.0 450.0                            LAT/LON1/LON2/DLON/H
   36   35   34   33   34   36   40   46   52   57   62   66   70   74   78   82
   87   92   96  100  103  105  107  108  108  107  103  100   95   89   84   80
   76   73   71   70   69   68   67   66   64   62   61   59   58   57   57   56
   56   56   56   54   53   52   50   50   49   49   48   47   46   44   43   43
   42   40   39   39   38   37   36   36   36
    37.5-180.0 180.0   5.0 450.0                            LAT/LON1/LON2/DLON/H
   35   35   33   33   34   36   41   49   55   62   67   71   75   79   84   88
   93   98  103  108  111  113  114  114  112  110  106  101   95   90   86   83
   81   79   78   77   76   75   74   72   70   68   66   64   63   62   61   60
   60   59   58   57   56   54   52   52   51   51   49   48   46   45   44   43
   42   41   40   39   37   37   36   36   35
    35.0-180.0 180.0   5.0 450.0                            LAT/LON1/LON2/DLON/H
   35   34   32   31   33   36   43   51   59   65   71   76   80   84   89   93
   99  104  109  115  118  120  120  118  115  112  107  103   99   95   92   90
   90   89   88   87   86   84   82   80   77   74   72   69   67   66   64   63
   62   62   61   59   57   55   53   53   52   51   50   48   47   45   45   44
   43   41   39   38   37   36   36   35   35
    32.5-180.0 180.0   5.0 450.0                            LAT/LON1/LON2/DLON/H
   34   33   31   31   32   36   43   52   61   69   75   79   84   89   94   99
  104  110  115  121  124  125  123  120  117  114  111  108  105  104  104  104
  104  104  103  101   98   95   91   87   84   80   77   75   72   70   67   65
   64   63   62   60   58   56   54   53   53   52   50   48   47   46   45   44
   43   41   39   38   36   35   34   34   34
    30.0-180.0 180.0   5.0 450.0                            LAT/LON1/LON2/DLON/H
   33   32   31   30   32   37   45   54   64   72   78   84   88   93   99  104
  109  114  120  125  128  128  126  123  120  117  116  116  117  119  121  123
  124  124  121  117  112  106  101   96   91   87   84   81   77   74   71   68
   66   64   63   61   59   57   55   54   53   52   50   49   47   46   46   45
   44   42   40   38   36   34   34   33   33
    27.5-180.0 180.0   5.0 450.0                            LAT/LON1/LON2/DLON/H
   33   32   31   32   34   39   47   57   67   75   81   87   93   98  103  108
  113  118  123  128  130  130  128  125  123  123  126  130  134  139  143  147
  148  146  142  135  127  119  111  105   99   95   90   87   83   80   76   72
   69   67   65   63   61   58   56   55   54   53   51   49   47   47   47   46
   45   43   41   38   36   35   33   33   33
    25.0-180.0 180.0   5.0 450.0                            LAT/LON1/LON2/DLON/H
   34   33   33   33   36   42   51   61   70   78   85   91   97  103  108  112
  117  121  126  130  133  133  131  129  129  133  139  147  155  163  168  172
  172  169  162  152  141  131  121  113  107  102   97   94   90   85   80   76
   72   69   67   65   62   60   57   56   55   53   51   50   48   48   48   47
   46   44   42   39   38   36   34   34   34
    22.5-180.0 180.0   5.0 450.0                            LAT/LON1/LON2/DLON/H
   34   34   35   35   40   46   55   65   74   82   89   95  101  107  112  117
  120  124  129  133  136  137  137  136  139  146  156  167  178  187  193  195
  194  189  180  168  154  142  131  122  115  110  105  100   96   91   86   80
   76   72   70   67   64   61   59   57   55   54   52   51   50   49   49   48
   47   45   43   41   39   37   36   35   34
    20.0-180.0 180.0   5.0 450.0                            LAT/LON1/LON2/DLON/H
   35   35   36   38   43   51   60   69   78   86   93  100  106  112  117  121
  125  128  133  137  141  143  145  147  153  163  175  188  199  208  213  214
  211  204  193  180  165  152  140  131  123  117  112  107  101   96   90   83
   79   75   71   69   66   62   59   57   56   54   53   51   50   50   49   48
   46   45   43   42   40   38   37   36   35
    17.5-180.0 180.0   5.0 450.0                            LAT/LON1/LON2/DLON/H
   36   35   37   40   46   55   64   74   83   91   98  105  112  118  123  127
  131  134  138  143  148  153  157  162  170  181  194  207  218  224  227  227
  223  215  203  189  175  161  149  139  132  124  118  113  106  100   93   86
   81   76   73   70   66   62   59   57   56   54   53   52   51   50   49   48
   46   44   43   41   40   39   37   36   36
    15.0-180.0 180.0   5.0 450.0                            LAT/LON1/LON2/DLON/H
   34   34   36   41   48   57   68   78   88   96  104  111  118  125  131  136
  139  142  147  152  159  165  172  179  189  201  213  223  231  235  236  233
  228  221  209  196  183  170  159  149  141  133  125  118  110  102   95   88
   82   78   74   70   66   62   58   56   55   54   53   51   51   50   49   47
   45   43   42   40   39   38   37   35   34
    12.5-180.0 180.0   5.0 450.0                            LAT/LON1/LON2/DLON/H
   32   32   34   40   49   60   71   82   92  101  110  118  126  133  140  145
  150  153  158  163  171  180  189  198  208  218  228  235  239  240  238  235
  230  223  214  203  192  180  170  160  150  141  132  122  113  104   96   89
   83   79   74   70   65   62   58   55   55   53   53   51   51   49   48   46
   43   41   40   39   37   36   35   33   32
    10.0-180.0 180.0   5.0 450.0                            LAT/LON1/LON2/DLON/H
   29   29   32   38   48   61   73   85   95  106  115  125  134  143  151  157
  162  167  171  177  186  196  206  216  225  234  240  243  243  241  238  235
  231  226  220  211  202  192  181  171  161  150  138  127  116  106   97   90
   85   80   75   71   66   62   58   56   55   53   52   51   50   49   47   45
   42   40   38   36   35   34   33   31   29
     7.5-180.0 180.0   5.0 450.0                            LAT/LON1/LON2/DLON/H
   26   26   29   36   47   60   74   86   98  110  121  132  143  152  162  170
  176  181  186  193  202  212  222  232  239  245  248  247  244  240  237  235
  233  231  227  221  214  205  195  183  171  158  144  131  119  109  100   93
   88   83   79   74   69   64   61   58   56   54   53   52   51   49   47   45
   41   39   37   35   33   31   30   28   26
     5.0-180.0 180.0   5.0 450.0                            LAT/LON1/LON2/DLON/H
   25   24   27   34   46   61   75   89  101  114  127  139  151  162  173  182
  190  196  201  208  216  226  236  244  250  252  252  249  245  241  239  238
  239  239  238  233  227  218  208  195  181  166  151  136  123  113  104   98
   93   89   85   80   75   70   65   62   59   57   55   53   52   50   48   46
   43   40   37   34   32   31   29   27   25
     2.5-180.0 180.0   5.0 450.0                            LAT/LON1/LON2/DLON/H
   25   23   26   34   47   61   76   90  104  118  132  145  157  170  182  194
  202  209  215  221  228  237  245  252  255  256  254  251  247  244  244  245
  249  251  251  247  240  231  219  205  190  173  157  142  129  118  111  105
  101   98   93   89   83   78   73   68   64   61   58   56   54   53   51   49
   46   42   39   35   33   31   29   27   25
