sample_files/i/ionex/irtg0060.21i
     1.0            IONOSPHERE MAPS     GPS                 IONEX VERSION / TYPE
tecrms2ionex_4.awk  UPC-IonSAT          01/22/21 1001UT     PGM / RUN BY / DATE
Global ionosphere maps for day   6, 2021 ( 6- 1-2021)       DESCRIPTION
Contact address: Manuel Hernandez-Pajares                   DESCRIPTION
                 IonSAT research group                      DESCRIPTION
                 Technical Univ. of Catalonia (UPC-IonSAT)  DESCRIPTION
                 Mod. C3 Campus Nord UPC                    DESCRIPTION
                 E08034-Barcelona, SPAIN                    DESCRIPTION
                 e-mail:  manuel@ma4.upc.edu                DESCRIPTION
                                                            DESCRIPTION
  2021     1     6     0     0     0                        EPOCH OF FIRST MAP
  2021     1     6    23    40     0                        EPOCH OF LAST MAP
  1200                                                      INTERVAL
    72                                                      # OF MAPS IN FILE
  COSZ                                                      MAPPING FUNCTION
     0.0                                                    ELEVATION CUTOFF
    99                                                      # OF STATIONS
    33                                                      # OF SATELLITES
  6371.0                                                    BASE RADIUS
     2                                                      MAP DIMENSION
   450.0 450.0   0.0                                        HGT1 / HGT2 / DHGT
    87.5 -87.5  -2.5                                        LAT1 / LAT2 / DLAT
  -180.0 180.0   5.0                                        LON1 / LON2 / DLON
    -1                                                      EXPONENT
TEC values in  0.1 TECUs; 9999 if no value available        COMMENT
Validation with JASON: <TEC_JASON - TEC_GPS>  [TECU]        DESCRIPTION
         (reference day of year: 006)                       DESCRIPTION
                                                            DESCRIPTION
           Bias   Sigma     RMS    VTEC   %ERR    #OBS      DESCRIPTION
          -3.12    2.84    4.22    9.18   46.0   47991      DESCRIPTION
                                                            DESCRIPTION
UT(hours)  Bias   Sigma     RMS    VTEC   %ERR    #OBS      DESCRIPTION
   0.00   -3.64    2.72    4.55   12.28   37.0    2508      DESCRIPTION
   2.00   -2.21    3.46    4.10    9.53   43.1    4767      DESCRIPTION
   4.00   -3.76    1.90    4.21    7.73   54.5    4357      DESCRIPTION
   6.00   -1.09    3.12    3.30   13.58   24.3    2648      DESCRIPTION
   8.00   -3.03    2.22    3.76   10.94   34.3    3309      DESCRIPTION
  10.00   -2.42    2.38    3.39    6.26   54.2    3868      DESCRIPTION
  12.00   -3.40    2.32    4.12    6.62   62.3    4163      DESCRIPTION
  14.00   -3.35    1.88    3.85    8.50   45.2    4256      DESCRIPTION
  16.00   -2.82    2.83    4.00    8.71   45.9    3184      DESCRIPTION
  18.00   -3.42    2.68    4.35    7.14   60.9    4552      DESCRIPTION
  20.00   -3.54    2.58    4.38    8.18   53.6    4695      DESCRIPTION
  22.00   -3.74    3.15    4.89   10.90   44.9    3428      DESCRIPTION
  24.00   -4.00    4.50    6.02   15.27   39.4    2256      DESCRIPTION
                                                            DESCRIPTION
Lat(deg)   Bias   Sigma     RMS    VTEC   %ERR    #OBS      DESCRIPTION
 -60.00   -2.82    1.92    3.42    7.26   47.0   12604      DESCRIPTION
 -40.00   -3.19    2.29    3.93    8.48   46.3    9734      DESCRIPTION
 -20.00   -3.35    3.71    5.00   13.55   36.9    7147      DESCRIPTION
   0.00   -4.10    2.83    4.98   12.99   38.4    6401      DESCRIPTION
  20.00   -3.01    4.24    5.20   10.73   48.5    5486      DESCRIPTION
  40.00   -2.93    2.11    3.61    5.05   71.6    4361      DESCRIPTION
  60.00   -1.62    1.88    2.48    2.44  101.8    2258      DESCRIPTION
                                                            END OF HEADER
[from data line 17160]
    41                                                      START OF TEC MAP
  2021     1     6    13    20     0                        EPOCH OF CURRENT MAP
    87.5-180.0 180.0   5.0 450.0                            LAT/LON1/LON2/DLON/H
   23   23   23   23   23   23   23   23   23   23   23   23   22   22   22   22
   22   22   22   22   22   22   22   22   22   22   22   22   22   23   23   22
   22   22   23   23   23   23   23   23   23   23   23   23   23   23   23   23
   23   23   23   23   23   23   23   24   24   23   23   23   24   23   24   24
   24   24   24   24   23   23   23   23   23
    85.0-180.0 180.0   5.0 450.0                            LAT/LON1/LON2/DLON/H
   23   23   23   23   23   23   23   22   22   22   22   22   22   22   22   22
   22   22   22   22   22   22   22   22   22   22   22   22   22   23   23   23
   23   23   23   23   23   23   23   23   23   24   24   24   24   24   24   24
   23   24   24   24   24   24   24   24   24   24   24   24   24   24   24   24
   24   24   24   24   24   24   24   23   23
    82.5-180.0 180.0   5.0 450.0                            LAT/LON1/LON2/DLON/H
   23   23   22   22   23   23   22   22   22   22   22   22   22   22   22   22
   22   22   22   22   22   22   22   22   22   22   23   23   23   24   24   24
   24   24   25   25   24   24   24   25   24   24   24   24   24   24   24   24
   24   24   24   24   24   24   24   24   24   25   25   25   25   25   25   25
   25   24   24   24   24   24   23   23   23
    80.0-180.0 180.0   5.0 450.0                            LAT/LON1/LON2/DLON/H
   22   21   21   21   22   22   22   22   22   22   22   22   22   22   22   22
   22   22   22   22   22   22   22   22   23   23   24   24   24   25   25   26
   26   26   27   27   27   27   27   26   26   26   26   25   25   25   25   25
   24   24   24   24   24   24   24   25   25   25   25   25   25   25   25   25
   25   24   24   23   23   23   22   22   22
    77.5-180.0 180.0   5.0 450.0                            LAT/LON1/LON2/DLON/H
   20   20   20   20   20   20   21   21   22   22   22   22   22   22   22   22
   22   22   22   22   22   22   22   23   24   24   25   26   26   27   28   29
   29   29   29   30   30   29   29   29   28   28   27   27   27   26   26   25
   25   24   24   24   24   24   24   24   24   25   25   25   25   25   25   25
   24   24   23   23   22   21   21   21   20
    75.0-180.0 180.0   5.0 450.0                            LAT/LON1/LON2/DLON/H
   18   18   18   19   19   19   20   20   21   22   22   22   22   23   22   22
   22   22   22   21   22   22   23   24   24   25   26   28   29   30   31   31
   32   32   32   32   32   32   32   31   30   30   29   29   28   27   27   26
   25   25   24   24   24   24   23   24   24   24   24   24   24   24   24   24
   24   23   22   22   21   20   19   18   18
    72.5-180.0 180.0   5.0 450.0                            LAT/LON1/LON2/DLON/H
   17   17   17   17   18   18   19   20   20   21   21   22   22   22   22   22
   22   21   21   21   22   22   23   24   25   27   28   30   31   33   33   35
   35   35   35   36   35   35   34   34   33   32   32   31   30   29   28   27
   26   25   24   24   23   23   23   22   22   23   23   23   24   24   24   23
   23   22   21   21   20   19   18   17   17
    70.0-180.0 180.0   5.0 450.0                            LAT/LON1/LON2/DLON/H
   16   16   16   17   17   18   18   19   20   20   21   21   21   21   21   21
   21   21   21   21   21   22   23   24   26   28   30   32   33   35   36   37
   38   39   38   38   38   37   37   36   35   35   34   33   32   31   30   29
   27   26   25   24   23   22   22   21   21   22   22   22   22   23   23   23
   23   22   21   20   19   18   17   17   16
    67.5-180.0 180.0   5.0 450.0                            LAT/LON1/LON2/DLON/H
   17   17   17   17   18   18   18   19   19   20   19   20   20   20   20   20
   20   19   19   20   20   22   23   25   27   29   31   34   36   38   40   41
   42   42   42   41   41   40   40   39   39   38   37   36   35   33   31   30
   28   27   25   24   23   22   21   20   20   20   20   21   21   22   22   23
   22   22   21   20   19   18   17   17   17
    65.0-180.0 180.0   5.0 450.0                            LAT/LON1/LON2/DLON/H
   18   18   18   18   19   19   18   19   18   19   19   19   19   19   19   19
   19   19   19   19   20   21   23   25   28   31   33   36   39   41   44   45
   46   46   46   46   45   45   43   43   42   42   41   40   38   36   34   32
   29   27   25   24   23   21   20   20   19   19   19   20   20   21   22   22
   22   22   21   20   19   19   18   18   18
    62.5-180.0 180.0   5.0 450.0                            LAT/LON1/LON2/DLON/H
   19   20   20   20   20   20   19   19   19   18   18   18   18   18   18   18
   18   18   19   19   20   22   24   26   29   33   36   40   43   46   49   50
   52   52   52   51   50   50   49   48   47   46   45   43   42   39   36   33
   31   28   26   24   23   21   20   19   18   18   19   19   20   21   21   22
   22   22   21   21   20   19   19   19   19
    60.0-180.0 180.0   5.0 450.0                            LAT/LON1/LON2/DLON/H
   22   22   22   22   22   21   20   20   19   18   18   18   19   18   18   18
   18   18   19   20   21   23   26   28   32   36   40   45   49   52   55   57
   59   60   59   58   57   56   55   54   53   52   51   49   46   43   40   36
   32   30   27   26   24   22   21   20   19   19   19   20   21   22   22   22
   23   22   22   22   21   21   21   21   22
    57.5-180.0 180.0   5.0 450.0                            LAT/LON1/LON2/DLON/H
   24   24   25   24   24   23   22   21   21   20   20   20   20   20   19   20
   19   20   20   21   23   26   28   32   36   41   46   51   56   60   63   66
   68   68   68   67   66   64   62   61   60   59   57   55   52   48   44   40
   36   32   30   28   26   24   23   22   21   21   21   22   22   23   23   24
   24   24   24   24   23   23   23   24   24
    55.0-180.0 180.0   5.0 450.0                            LAT/LON1/LON2/DLON/H
   27   27   27   27   27   26   25   24   23   23   23   23   22   22   22   21
   21   22   23   24   26   30   33   37   43   48   54   59   64   68   72   74
   77   77   77   76   74   72   70   68   67   66   64   61   58   54   49   44
   40   37   33   31   29   28   26   25   24   24   24   24   25   25   26   26
   26   26   26   26   26   26   26   26   27
    52.5-180.0 180.0   5.0 450.0                            LAT/LON1/LON2/DLON/H
   30   30   30   30   30   29   29   28   28   27   27   27   26   26   25   25
   25   25   26   28   31   35   39   44   50   57   62   68   73   77   80   83
   85   86   86   85   83   80   78   76   74   73   71   68   65   60   55   50
   46   42   39   36   34   32   31   29   28   28   28   28   29   29   29   29
   29   30   30   29   29   29   29   30   30
    50.0-180.0 180.0   5.0 450.0                            LAT/LON1/LON2/DLON/H
   33   34   33   34   34   33   33   33   33   33   32   32   31   30   29   28
   28   29   31   34   37   42   47   53   59   66   72   77   82   85   88   89
   91   92   92   91   89   87   85   83   81   79   78   75   72   67   62   57
   53   49   45   42   40   38   36   35   34   33   33   33   33   33   33   33
   33   34   33   33   33   33   33   33   33
    47.5-180.0 180.0   5.0 450.0                            LAT/LON1/LON2/DLON/H
   37   37   37   37   38   38   38   38   39   39   38   37   36   34   33   32
   32   34   36   40   44   49   55   62   69   76   81   86   89   91   93   94
   95   96   96   96   94   92   91   89   87   86   84   81   78   75   70   65
   60   56   52   49   47   44   43   41   40   39   39   38   38   38   38   37
   37   38   37   37   37   37   37   37   37
    45.0-180.0 180.0   5.0 450.0                            LAT/LON1/LON2/DLON/H
   40   40   41   41   42   42   43   44   44   44   44   43   42   39   38   36
   37   39   42   46   51   57   64   71   78   85   90   93   95   96   96   96
   97   97   98   98   98   97   96   94   93   91   90   88   85   81   77   72
   68   63   59   56   53   51   48   47   45   44   44   44   43   42   42   42
   41   41   41   41   41   40   40   40   40
    42.5-180.0 180.0   5.0 450.0                            LAT/LON1/LON2/DLON/H
   43   43   43   44   45   46   47   48   49   49   49   48   46   44   42   41
   41   44   48   53   59   65   72   80   87   93   97   99   99   99   97   97
   97   98   99  100  101  101  101  100   99   97   96   93   90   87   83   79
   74   70   66   62   59   57   55   52   51   49   49   48   47   46   46   45
   45   44   44   43   43   43   43   43   43
    40.0-180.0 180.0   5.0 450.0                            LAT/LON1/LON2/DLON/H
   45   45   45   46   47   48   50   51   52   52   53   52   50   48   46   45
   46   49   54   59   66   73   80   87   94   99  103  103  103  101   99   98
   98   99  101  103  105  107  107  107  106  104  102  100   97   93   89   85
   80   75   71   67   65   62   59   57   55   54   53   52   51   50   49   48
   47   47   46   45   45   45   45   45   45
    37.5-180.0 180.0   5.0 450.0                            LAT/LON1/LON2/DLON/H
   45   45   46   47   48   49   50   52   53   54   54   54   53   51   49   49
   50   54   59   65   72   79   86   93   99  104  106  107  105  104  102  101
  102  103  106  109  112  114  116  116  115  113  110  106  103   99   95   91
   85   81   76   72   69   66   64   61   60   58   57   55   54   52   51   50
   49   48   47   46   45   45   45   45   45
    35.0-180.0 180.0   5.0 450.0                            LAT/LON1/LON2/DLON/H
   45   45   46   46   47   48   49   50   52   53   54   55   54   53   52   52
   54   58   64   70   77   84   90   97  103  107  110  110  110  109  109  109
  110  112  115  118  122  125  127  128  127  123  119  114  110  106  101   96
   91   85   80   76   73   70   68   66   63   61   60   58   57   55   53   52
   50   48   46   46   45   45   44   45   45
    32.5-180.0 180.0   5.0 450.0                            LAT/LON1/LON2/DLON/H
   44   44   44   45   45   46   46   47   49   51   53   54   55   54   54   54
   57   62   68   75   81   88   94  100  105  110  113  115  116  117  119  121
  123  126  129  132  136  140  142  142  140  136  130  124  118  113  109  103
   97   91   86   82   78   75   73   70   68   65   63   62   59   58   55   53
   51   49   47   45   44   44   44   44   44
    30.0-180.0 180.0   5.0 450.0                            LAT/LON1/LON2/DLON/H
   43   43   43   43   43   43   44   44   45   47   50   52   54   54   54   56
   60   65   72   78   84   90   96  102  107  112  117  121  125  129  134  138
  142  144  147  150  153  157  158  158  155  150  143  136  128  123  118  112
  106   99   94   89   85   81   78   75   72   70   67   65   63   60   57   55
   53   50   47   45   44   43   43   43   43
    27.5-180.0 180.0   5.0 450.0                            LAT/LON1/LON2/DLON/H
   43   42   42   42   41   42   41   41   42   44   47   50   51   53   54   57
   62   67   74   80   86   92   98  104  110  116  123  129  137  144  152  159
  163  166  168  169  172  174  175  175  171  165  157  148  141  134  129  123
  116  110  104   98   94   90   85   82   78   75   72   69   66   64   61   58
   55   52   49   47   45   44   44   44   43
    25.0-180.0 180.0   5.0 450.0                            LAT/LON1/LON2/DLON/H
   44   43   42   42   41   41   40   39   39   41   44   47   49   51   53   57
   63   70   77   83   88   94  100  106  113  121  130  140  150  161  172  180
  185  188  189  189  190  191  191  190  186  179  171  162  154  148  143  137
  130  123  117  111  105   99   94   89   85   81   77   74   71   68   65   62
   58   55   52   50   48   47   46   45   44
    22.5-180.0 180.0   5.0 450.0                            LAT/LON1/LON2/DLON/H
   46   45   44   43   42   41   40   38   38   39   42   44   46   49   52   57
   64   71   79   85   90   96  103  110  119  128  139  152  165  179  191  200
  206  208  208  207  206  206  205  204  200  194  185  177  169  163  157  152
  146  139  131  124  117  111  104   98   92   88   83   79   75   72   69   65
   62   59   56   53   52   50   49   47   46
    20.0-180.0 180.0   5.0 450.0                            LAT/LON1/LON2/DLON/H
   49   47   46   45   44   42   41   39   38   38   40   42   44   46   51   57
   64   73   81   88   94  100  107  116  125  137  150  165  180  195  208  218
  224  224  223  220  218  218  217  215  212  207  199  191  184  178  173  168
  162  155  147  139  131  122  114  107  100   94   89   84   80   76   73   70
   66   63   60   58   56   54   52   50   49
    17.5-180.0 180.0   5.0 450.0                            LAT/LON1/LON2/DLON/H
   51   49   48   47   46   44   42   40   39   39   39   40   42   44   49   56
   66   75   84   91   98  106  114  123  135  148  162  178  193  208  221  230
  235  236  233  230  228  227  227  226  223  219  212  205  199  193  188  183
  177  169  161  152  143  133  124  116  108  101   94   89   84   80   77   73
   70   66   64   61   60   58   55   53   51
    15.0-180.0 180.0   5.0 450.0                            LAT/LON1/LON2/DLON/H
   52   51   49   48   47   45   43   41   40   39   39   39   40   42   48   57
   67   78   87   96  104  113  122  133  145  159  175  190  205  218  230  238
  243  243  241  238  236  235  235  235  233  230  225  219  212  207  202  196
  190  182  173  163  153  143  133  124  115  107  100   93   88   84   80   77
   72   69   66   64   62   60   57   55   52
    12.5-180.0 180.0   5.0 450.0                            LAT/LON1/LON2/DLON/H
   53   51   49   48   47   45   43   41   40   39   38   38   39   41   48   58
   69   81   92  102  111  121  132  143  157  171  186  200  213  225  235  243
  247  247  246  244  242  242  243  244  243  241  237  232  225  220  214  208
  200  192  182  171  160  149  140  130  121  112  105   97   92   87   83   79
   74   71   67   64   63   60   58   55   53
    10.0-180.0 180.0   5.0 450.0                            LAT/LON1/LON2/DLON/H
   51   49   48   46   44   43   41   40   40   38   37   37   37   41   48   59
   72   84   97  108  119  130  142  154  168  182  196  209  220  230  238  244
  249  250  250  250  249  250  252  253  254  253  249  243  237  230  224  216
  208  199  188  177  166  155  145  136  127  117  109  101   95   91   86   81
   75   71   67   64   62   60   57   54   51
     7.5-180.0 180.0   5.0 450.0                            LAT/LON1/LON2/DLON/H
   49   47   45   43   41   40   39   38   37   37   36   35   37   40   49   61
   74   89  102  114  126  139  152  165  178  191  204  215  224  232  239  245
  251  254  255  256  257  259  261  263  264  263  259  254  247  240  232  223
  214  204  193  182  170  159  150  141  132  123  114  106   99   94   89   83
   77   72   67   64   61   58   55   52   49
     5.0-180.0 180.0   5.0 450.0                            LAT/LON1/LON2/DLON/H
   48   45   43   40   38   36   35   35   35   35   34   34   35   40   50   63
   77   92  106  119  134  147  161  173  186  198  210  219  226  233  240  247
  254  259  262  265  267  269  271  273  274  272  269  263  256  248  239  230
  220  209  198  186  175  164  155  147  138  128  119  112  105   99   93   87
   80   73   68   63   60   57   54   51   48
     2.5-180.0 180.0   5.0 450.0                            LAT/LON1/LON2/DLON/H
   49   45   42   38   36   33   32   32   33   32   32   32   35   41   51   64
   79   95  110  124  139  154  168  180  192  203  213  221  228  235  242  250
  259  266  271  274  277  279  281  282  282  280  276  270  263  255  247  236
  226  215  203  192  180  170  161  153  144  135  126  118  112  106   99   92
   84   77   71   66   62   58   55   52   49
