sample_files/i/ionex/irtg0090.21i
     1.0            IONOSPHERE MAPS     GPS                 IONEX VERSION / TYPE
tecrms2ionex_4.awk  UPC-IonSAT          01/22/21 1001UT     PGM / RUN BY / DATE
Global ionosphere maps for day   9, 2021 ( 9- 1-2021)       DESCRIPTION
Contact address: Manuel Hernandez-Pajares                   DESCRIPTION
                 IonSAT research group                      DESCRIPTION
                 Technical Univ. of Catalonia (UPC-IonSAT)  DESCRIPTION
                 Mod. C3 Campus Nord UPC                    DESCRIPTION
                 E08034-Barcelona, SPAIN                    DESCRIPTION
                 e-mail:  manuel@ma4.upc.edu                DESCRIPTION
                                                            DESCRIPTION
  2021     1     9     0     0     0                        EPOCH OF FIRST MAP
  2021     1     9    23    40     0                        EPOCH OF LAST MAP
  1200                                                      INTERVAL
    72                                                      # OF MAPS IN FILE
  COSZ                                                      MAPPING FUNCTION
     0.0                                                    ELEVATION CUTOFF
    99                                                      # OF STATIONS
    33                                                      # OF SATELLITES
  6371.0                                                    BASE RADIUS
     2                                                      MAP DIMENSION
   450.0 450.0   0.0                                        HGT1 / HGT2 / DHGT
    87.5 -87.5  -2.5                                        LAT1 / LAT2 / DLAT
  -180.0 180.0   5.0                                        LON1 / LON2 / DLON
    -1                                                      EXPONENT
TEC values in  0.1 TECUs; 9999 if no value available        COMMENT
Validation with JASON: <TEC_JASON - TEC_GPS>  [TECU]        DESCRIPTION
         (reference day of year: 009)                       DESCRIPTION
                                                            DESCRIPTION
           Bias   Sigma     RMS    VTEC   %ERR    #OBS      DESCRIPTION
          -3.31    2.87    4.38    7.44   58.9   46939      DESCRIPTION
                                                            DESCRIPTION
UT(hours)  Bias   Sigma     RMS    VTEC   %ERR    #OBS      DESCRIPTION
   0.00   -1.52    5.70    5.90   12.05   49.0    2257      DESCRIPTION
   2.00   -3.40    2.24    4.07    7.23   56.2    4684      DESCRIPTION
   4.00   -2.86    2.50    3.80    7.48   50.8    3650      DESCRIPTION
   6.00   -2.54    2.56    3.61    8.81   40.9    3492      DESCRIPTION
   8.00   -3.86    3.53    5.23    6.55   79.8    4551      DESCRIPTION
  10.00   -3.58    2.82    4.56    5.91   77.1    4058      DESCRIPTION
  12.00   -2.94    2.50    3.86    5.78   66.9    4152      DESCRIPTION
  14.00   -3.91    2.62    4.71    6.83   68.9    3648      DESCRIPTION
  16.00   -3.31    2.25    4.00    8.84   45.3    3185      DESCRIPTION
  18.00   -3.89    2.53    4.64    6.69   69.4    4876      DESCRIPTION
  20.00   -3.20    2.16    3.86    7.71   50.1    4383      DESCRIPTION
  22.00   -3.72    2.39    4.42    9.11   48.5    3561      DESCRIPTION
  24.00   -2.63    1.16    2.88    0.36  795.4     442      DESCRIPTION
                                                            DESCRIPTION
Lat(deg)   Bias   Sigma     RMS    VTEC   %ERR    #OBS      DESCRIPTION
 -60.00   -2.25    2.20    3.14    6.58   47.8   11786      DESCRIPTION
 -40.00   -2.95    2.38    3.79    7.03   53.9    8992      DESCRIPTION
 -20.00   -4.72    2.99    5.59    9.68   57.7    6931      DESCRIPTION
   0.00   -4.92    2.67    5.60   10.74   52.1    6368      DESCRIPTION
  20.00   -2.90    4.12    5.04    9.75   51.6    5396      DESCRIPTION
  40.00   -3.52    2.13    4.11    3.49  117.9    4791      DESCRIPTION
  60.00   -2.08    1.87    2.80    1.26  221.7    2675      DESCRIPTION
                                                            END OF HEADER
[from data line 14157]
    34                                                      START OF TEC MAP
  2021     1     9    11     0     0                        EPOCH OF CURRENT MAP
    87.5-180.0 180.0   5.0 450.0                            LAT/LON1/LON2/DLON/H
   19   19   19   19   18   18   18   18   18   17   17   17   17   17   16   16
   16   16   16   16   16   16   16   16   16   16   16   16   16   16   16   16
   17   16   16   17   17   17   17   17   17   18   18   18   18   18   19   19
   19   19   19   19   19   19   20   20   20   20   20   20   20   20   20   20
   20   20   20   20   20   20   20   20   19
    85.0-180.0 180.0   5.0 450.0                            LAT/LON1/LON2/DLON/H
   20   20   19   19   19   18   17   17   16   16   16   15   15   15   14   14
   14   14   14   14   14   14   14   14   14   14   14   14   15   15   15   15
   16   16   16   16   16   17   17   17   17   17   18   18   18   19   19   19
   19   20   20   20   20   20   20   21   21   21   21   22   22   22   22   22
   22   22   22   22   22   21   21   21   20
    82.5-180.0 180.0   5.0 450.0                            LAT/LON1/LON2/DLON/H
   21   20   20   19   18   17   17   16   15   15   14   13   13   13   12   12
   12   12   12   12   12   12   12   12   13   13   14   14   14   14   15   15
   15   15   16   16   16   17   17   17   18   18   18   18   18   19   19   19
   19   19   20   20   21   21   21   21   21   22   22   22   23   23   23   23
   23   23   23   23   23   23   22   21   21
    80.0-180.0 180.0   5.0 450.0                            LAT/LON1/LON2/DLON/H
   21   20   19   18   17   16   16   15   14   13   13   12   11   11   10   10
   10   10   10   10   10   11   11   12   12   12   13   14   14   14   15   15
   15   16   16   17   17   17   18   18   18   19   19   19   20   19   20   20
   20   20   20   20   20   20   20   21   21   21   22   22   23   23   23   23
   24   23   23   23   23   22   22   21   21
    77.5-180.0 180.0   5.0 450.0                            LAT/LON1/LON2/DLON/H
   20   19   18   17   16   16   15   14   13   13   11   11   10   10    9    9
    9    9    9   10   10   11   11   12   12   13   13   14   14   14   15   15
   16   16   17   17   18   19   19   20   20   21   21   21   21   21   21   21
   21   21   20   20   20   20   20   20   20   20   20   21   21   22   22   22
   23   23   23   22   22   21   21   20   20
    75.0-180.0 180.0   5.0 450.0                            LAT/LON1/LON2/DLON/H
   17   17   17   16   15   14   14   14   13   12   11   11   10   10    9    9
    9    9   10   10   10   11   12   12   12   13   13   13   14   14   15   15
   16   17   18   19   20   20   21   22   23   23   23   24   24   24   24   23
   22   22   22   21   20   19   19   19   19   19   19   19   19   20   20   21
   21   21   21   21   20   20   19   18   17
    72.5-180.0 180.0   5.0 450.0                            LAT/LON1/LON2/DLON/H
   16   15   15   14   14   14   14   13   13   12   12   11   11   10   10   10
   10    9   10   10   11   12   12   12   13   13   13   13   13   14   14   15
   16   17   19   20   21   23   24   25   26   27   27   27   27   27   27   26
   25   24   23   22   21   20   19   18   17   17   17   17   18   18   18   19
   19   19   19   19   18   18   17   16   16
    70.0-180.0 180.0   5.0 450.0                            LAT/LON1/LON2/DLON/H
   14   14   13   14   14   14   14   14   13   13   12   12   11   11   11   10
   10   10   11   11   11   12   12   12   12   12   12   12   12   13   14   15
   16   18   20   22   24   26   27   29   30   31   31   32   32   31   30   30
   28   27   25   23   22   20   19   18   17   16   16   16   16   16   17   17
   17   17   17   17   17   16   15   15   14
    67.5-180.0 180.0   5.0 450.0                            LAT/LON1/LON2/DLON/H
   13   13   13   13   14   14   14   14   14   14   13   13   12   12   11   11
   11   11   12   11   12   12   12   12   12   11   12   11   12   13   13   15
   17   19   22   25   27   30   32   34   35   36   37   37   36   36   35   34
   32   30   28   26   23   21   20   18   17   16   16   15   15   15   15   16
   16   16   16   16   15   15   14   14   13
    65.0-180.0 180.0   5.0 450.0                            LAT/LON1/LON2/DLON/H
   14   14   13   13   14   14   15   15   15   14   14   14   13   13   12   12
   12   12   12   12   12   12   12   11   11   11   11   11   12   12   14   16
   19   22   25   28   31   34   37   39   40   42   42   42   42   41   39   38
   36   34   31   29   26   24   22   20   18   17   16   16   15   15   15   15
   16   16   16   16   15   15   15   14   14
    62.5-180.0 180.0   5.0 450.0                            LAT/LON1/LON2/DLON/H
   15   15   15   14   14   15   15   15   15   15   14   14   14   13   13   13
   12   12   12   12   12   12   12   12   11   11   11   12   13   14   16   20
   23   26   30   34   37   40   43   45   47   48   48   48   48   47   45   43
   41   38   35   33   30   27   24   22   20   19   17   17   16   16   15   15
   16   16   16   16   16   17   16   15   15
    60.0-180.0 180.0   5.0 450.0                            LAT/LON1/LON2/DLON/H
   17   17   16   16   16   16   15   15   15   15   15   14   14   13   13   13
   13   13   13   13   12   12   12   12   12   12   13   14   15   18   21   25
   28   32   36   40   44   47   50   52   54   55   55   55   54   53   51   48
   46   43   40   37   34   31   28   25   24   22   20   19   18   17   16   16
   16   17   18   18   18   18   18   18   17
    57.5-180.0 180.0   5.0 450.0                            LAT/LON1/LON2/DLON/H
   20   20   19   18   17   17   16   16   15   15   14   15   14   14   14   14
   14   14   14   14   14   14   14   14   14   15   16   17   20   23   27   32
   36   40   44   48   51   54   57   59   61   62   62   62   61   59   57   55
   52   49   46   43   39   36   32   30   27   25   23   21   20   19   18   18
   18   18   19   20   21   22   22   21   20
    55.0-180.0 180.0   5.0 450.0                            LAT/LON1/LON2/DLON/H
   24   23   22   21   20   19   18   17   17   16   16   16   16   15   16   15
   16   16   16   16   16   16   16   17   17   18   20   23   27   31   36   40
   45   49   53   56   59   61   64   66   68   69   69   69   68   66   64   61
   59   56   52   49   45   42   38   35   32   29   27   25   23   22   21   20
   20   21   22   23   24   25   25   25   24
    52.5-180.0 180.0   5.0 450.0                            LAT/LON1/LON2/DLON/H
   27   27   26   24   23   22   20   20   19   19   19   19   18   18   18   18
   19   19   19   19   20   20   20   21   22   24   26   29   34   39   44   50
   54   58   61   64   66   68   70   72   74   76   76   76   75   73   71   68
   65   62   59   55   52   48   43   40   37   34   31   29   27   25   24   23
   23   24   25   26   28   28   29   28   27
    50.0-180.0 180.0   5.0 450.0                            LAT/LON1/LON2/DLON/H
   31   30   29   28   26   25   24   23   23   23   23   23   22   22   22   22
   23   23   23   24   24   25   25   26   27   29   32   36   41   47   52   58
   62   66   69   71   72   75   76   78   80   82   82   82   81   79   77   74
   71   68   65   62   58   54   49   45   41   38   35   33   31   29   28   27
   27   28   29   30   31   32   32   32   31
    47.5-180.0 180.0   5.0 450.0                            LAT/LON1/LON2/DLON/H
   35   34   33   32   31   29   29   28   29   28   29   28   28   28   28   27
   28   29   29   29   30   30   31   31   33   35   39   42   47   53   59   65
   70   73   76   77   78   79   81   83   85   86   88   87   86   84   82   79
   77   74   71   67   63   59   55   50   46   42   40   38   35   34   33   32
   31   32   32   34   34   35   35   35   35
    45.0-180.0 180.0   5.0 450.0                            LAT/LON1/LON2/DLON/H
   38   37   37   36   35   34   34   34   34   35   35   35   35   34   33   33
   34   34   35   36   36   36   36   37   38   41   44   48   53   58   64   69
   74   78   81   82   83   84   86   88   89   91   92   91   91   89   87   84
   81   78   75   72   68   64   59   54   50   47   44   42   40   39   38   37
   36   36   37   37   37   38   38   38   38
    42.5-180.0 180.0   5.0 450.0                            LAT/LON1/LON2/DLON/H
   40   40   40   40   39   38   38   39   40   41   42   42   41   40   39   39
   39   40   41   41   42   41   41   41   43   45   48   52   57   62   68   73
   78   82   85   87   88   90   91   92   94   95   96   96   94   93   90   88
   85   81   79   76   72   68   63   58   53   50   48   46   45   44   43   42
   41   40   40   40   40   40   41   40   40
    40.0-180.0 180.0   5.0 450.0                            LAT/LON1/LON2/DLON/H
   42   42   42   42   42   42   42   43   45   46   48   48   47   46   45   44
   44   45   46   46   46   45   45   45   46   49   52   56   60   65   70   75
   80   85   89   91   94   95   97   98   99  100  101  100   99   97   95   92
   88   85   82   79   76   72   67   61   57   54   52   50   49   48   47   46
   45   44   43   42   42   42   42   42   42
    37.5-180.0 180.0   5.0 450.0                            LAT/LON1/LON2/DLON/H
   43   44   43   44   43   43   44   45   47   50   51   52   51   50   49   48
   48   49   49   49   49   48   47   48   49   52   55   59   63   67   72   76
   82   88   93   97  100  102  104  105  106  107  107  106  105  104  101   98
   94   90   87   84   80   76   71   66   61   58   56   55   53   52   51   50
   48   46   45   43   43   43   42   43   43
    35.0-180.0 180.0   5.0 450.0                            LAT/LON1/LON2/DLON/H
   44   44   44   44   43   43   44   45   48   50   52   53   52   52   51   50
   50   51   51   51   50   49   49   50   51   54   58   62   65   70   74   79
   85   92   98  104  108  111  114  114  115  116  115  114  114  113  110  107
  102   98   94   90   86   82   77   71   67   63   61   59   57   56   54   52
   51   49   46   45   43   43   43   43   44
    32.5-180.0 180.0   5.0 450.0                            LAT/LON1/LON2/DLON/H
   44   44   44   44   43   42   42   43   46   48   51   52   52   52   52   51
   51   51   51   51   50   49   49   50   52   56   61   65   69   73   78   83
   90   98  106  113  118  122  125  126  127  127  126  126  126  125  123  120
  114  109  104  100   95   90   85   79   74   70   66   63   61   59   57   55
   53   51   48   46   44   44   43   43   44
    30.0-180.0 180.0   5.0 450.0                            LAT/LON1/LON2/DLON/H
   44   44   43   42   41   40   39   40   43   46   48   50   51   50   50   50
   50   50   50   49   48   48   48   50   53   58   63   68   73   79   84   90
   97  106  115  123  130  134  137  139  140  141  141  141  142  142  140  136
  131  124  118  112  108  102   96   90   84   79   74   70   66   63   60   58
   56   53   51   48   46   44   44   44   44
    27.5-180.0 180.0   5.0 450.0                            LAT/LON1/LON2/DLON/H
   44   44   43   42   40   38   37   38   39   42   44   46   47   48   48   48
   48   48   47   47   46   45   47   49   54   60   66   72   79   85   91   98
  107  116  126  135  142  147  151  154  155  156  157  158  160  161  160  157
  150  143  135  129  123  117  110  103   96   90   84   78   72   67   64   62
   60   57   54   51   49   47   45   45   44
    25.0-180.0 180.0   5.0 450.0                            LAT/LON1/LON2/DLON/H
   46   45   44   43   41   38   36   35   37   38   40   43   44   45   45   45
   45   45   44   44   43   43   45   50   55   62   69   76   84   92  100  109
  118  129  139  149  156  161  165  168  171  172  174  176  179  182  182  178
  172  163  155  148  141  134  126  118  111  103   95   87   80   74   70   67
   65   63   59   56   53   50   48   46   46
    22.5-180.0 180.0   5.0 450.0                            LAT/LON1/LON2/DLON/H
   48   47   46   44   42   38   36   35   35   36   38   40   41   42   43   43
   43   42   42   41   41   42   45   50   57   64   72   81   90  100  110  120
  130  142  152  161  169  174  178  182  186  189  191  194  198  201  202  199
  193  184  175  167  159  152  144  135  126  117  108   98   90   82   78   74
   72   69   66   62   59   55   52   50   48
    20.0-180.0 180.0   5.0 450.0                            LAT/LON1/LON2/DLON/H
   51   50   48   47   44   41   38   36   36   36   37   38   40   41   41   41
   41   40   39   39   39   41   45   51   58   67   75   85   96  108  120  131
  143  155  165  174  180  186  191  195  200  203  206  210  215  219  220  217
  211  203  194  185  178  170  161  152  142  132  121  111  101   93   87   83
   80   78   74   70   65   60   57   53   51
    17.5-180.0 180.0   5.0 450.0                            LAT/LON1/LON2/DLON/H
   54   52   51   49   47   44   41   39   38   38   38   38   39   39   40   40
   39   39   38   38   39   41   46   53   61   69   79   89  102  116  129  142
  154  166  176  184  191  196  201  207  211  215  219  223  228  232  233  231
  226  218  209  201  193  185  176  167  157  146  135  123  113  104   97   93
   89   86   83   78   72   67   61   57   54
    15.0-180.0 180.0   5.0 450.0                            LAT/LON1/LON2/DLON/H
   57   55   53   52   49   47   44   42   40   40   40   39   39   39   38   39
   38   38   38   38   39   42   48   55   64   72   82   94  108  123  138  151
  164  175  185  193  199  204  210  216  221  225  228  232  237  241  242  240
  235  228  220  213  206  198  190  180  170  159  148  136  125  115  107  102
   98   94   90   85   79   72   66   61   57
    12.5-180.0 180.0   5.0 450.0                            LAT/LON1/LON2/DLON/H
   60   57   55   53   51   49   46   44   43   42   41   40   39   39   38   38
   38   38   38   38   40   43   50   57   66   75   86   98  113  129  144  159
  171  183  192  199  205  211  217  223  228  232  235  239  243  246  247  245
  241  235  229  222  216  209  201  192  181  170  159  147  136  126  118  112
  106  101   96   90   84   77   70   64   60
    10.0-180.0 180.0   5.0 450.0                            LAT/LON1/LON2/DLON/H
   61   57   55   53   51   49   47   45   44   43   42   41   40   38   38   38
   38   39   39   39   41   45   52   60   69   79   90  103  118  135  150  164
  176  187  196  203  209  215  221  228  233  237  240  243  246  248  249  248
  244  240  235  230  224  218  210  201  191  180  168  157  146  135  126  119
  113  107  100   94   88   80   73   66   61
     7.5-180.0 180.0   5.0 450.0                            LAT/LON1/LON2/DLON/H
   62   58   54   52   50   48   46   45   44   43   43   41   40   38   37   38
   38   39   39   39   42   46   54   62   72   82   93  107  123  139  154  167
  178  188  197  204  211  217  225  232  237  241  245  247  250  251  251  250
  248  244  240  236  231  225  218  209  199  188  177  165  154  143  134  126
  118  110  103   97   89   82   74   67   62
     5.0-180.0 180.0   5.0 450.0                            LAT/LON1/LON2/DLON/H
   62   57   53   50   47   46   45   43   42   42   42   41   39   37   36   37
   38   39   39   39   42   47   54   64   74   85   97  111  127  142  156  167
  178  188  197  205  212  219  226  233  240  245  248  251  253  254  254  253
  252  250  247  243  239  233  226  217  207  196  185  173  161  150  140  131
  122  114  106   98   91   84   76   69   62
     2.5-180.0 180.0   5.0 450.0                            LAT/LON1/LON2/DLON/H
   63   58   53   49   45   44   42   41   40   40   40   39   37   36   35   36
   37   38   38   39   42   47   55   65   76   87  100  115  129  144  156  167
  176  186  195  203  211  219  227  235  242  248  252  256  259  260  259  259
  259  258  255  252  248  242  234  225  214  203  191  179  167  156  146  136
  127  117  108  101   94   86   78   70   63
