sample_files/i/ionex/irtg0030.21i
     1.0            IONOSPHERE MAPS     MIX                 IONEX VERSION / TYPE
tecrms2ionex_4.awk  UPC-IonSAT          01/03/21  101UT     PGM / RUN BY / DATE
Global ionosphere maps for day   3, 2021 ( 3- 1-2021)       DESCRIPTION
Contact address: Manuel Hernandez-Pajares                   DESCRIPTION
                 IonSAT research group                      DESCRIPTION
                 Technical Univ. of Catalonia (UPC-IonSAT)  DESCRIPTION
                 Mod. C3 Campus Nord UPC                    DESCRIPTION
                 E08034-Barcelona, SPAIN                    DESCRIPTION
                 e-mail:  manuel@ma4.upc.edu                DESCRIPTION
                                                            DESCRIPTION
                 warning: irregular time interval           DESCRIPTION
Generated by single_epoch_2_ionex_unfixed_time_interval.py  DESCRIPTION
  2021     1     3     0     5     0                        EPOCH OF FIRST MAP
  2021     1     3    23    45     0                        EPOCH OF LAST MAP
  1200                                                      INTERVAL
    68                                                      # OF MAPS IN FILE
  COSZ                                                      MAPPING FUNCTION
     0.0                                                    ELEVATION CUTOFF
   999                                                      # OF STATIONS
    99                                                      # OF SATELLITES
  6371.0                                                    BASE RADIUS
     2                                                      MAP DIMENSION
   450.0 450.0   0.0                                        HGT1 / HGT2 / DHGT
    87.5 -87.5  -2.5                                        LAT1 / LAT2 / DLAT
  -180.0 180.0   5.0                                        LON1 / LON2 / DLON
    -1                                                      EXPONENT
TEC values in  0.1 TECUs; 9999 if no value available        COMMENT
                                                            END OF HEADER
[from data line 23595]
    56                                                      START OF TEC MAP
  2021     1     3    19    45     0                        EPOCH OF CURRENT MAP
    87.5-180.0 180.0   5.0 450.0                            LAT/LON1/LON2/DLON/H
   32   32   31   31   31   31   31   31   30   30   30   30   30   30   29   29
   29   29   29   28   28   28   28   28   28   28   27   27   27   27   27   27
   27   27   27   27   27   28   28   28   28   28   28   29   29   29   30   30
   30   31   31   31   31   31   31   32   32   32   32   32   32   32   32   32
   32   32   32   32   32   32   32   32   32
    85.0-180.0 180.0   5.0 450.0                            LAT/LON1/LON2/DLON/H
   32   32   32   31   31   31   31   31   30   30   30   30   29   30   29   29
   28   28   28   28   27   27   26   26   26   25   25   25   25   24   24   24
   24   24   25   25   25   25   26   26   26   27   28   28   28   29   30   30
   31   31   32   32   33   33   34   34   34   34   34   35   35   34   35   34
   34   34   34   34   34   33   33   32   32
    82.5-180.0 180.0   5.0 450.0                            LAT/LON1/LON2/DLON/H
   32   31   31   30   30   30   29   29   29   30   29   29   30   29   29   29
   29   28   28   27   27   26   25   25   24   23   23   23   22   22   22   22
   21   22   22   23   23   24   24   25   25   26   27   28   28   29   30   31
   32   33   34   34   35   35   36   36   36   37   37   37   37   37   37   37
   36   36   36   35   34   34   33   32   32
    80.0-180.0 180.0   5.0 450.0                            LAT/LON1/LON2/DLON/H
   30   29   28   28   28   27   27   27   28   28   28   29   29   29   30   29
   29   29   28   28   27   26   25   24   23   22   21   20   20   19   19   19
   19   20   20   21   21   22   23   24   25   26   27   28   29   30   31   32
   33   34   35   35   36   37   37   38   38   39   39   39   39   39   39   38
   38   37   36   35   34   33   32   31   30
    77.5-180.0 180.0   5.0 450.0                            LAT/LON1/LON2/DLON/H
   28   27   26   25   25   25   25   25   26   27   28   28   29   30   30   30
   30   30   29   28   27   26   24   23   22   20   19   19   18   17   17   17
   18   18   18   19   20   21   22   23   24   25   26   28   29   31   32   33
   34   35   36   37   38   38   39   39   39   39   40   40   40   40   39   39
   38   38   36   35   34   32   31   30   28
    75.0-180.0 180.0   5.0 450.0                            LAT/LON1/LON2/DLON/H
   26   25   24   23   23   22   23   23   25   26   27   28   30   31   31   32
   32   31   30   30   28   26   24   23   21   19   18   17   16   15   15   15
   16   16   17   18   19   20   21   22   23   25   26   27   29   30   32   33
   34   35   36   37   38   38   39   39   40   40   40   40   40   40   40   39
   39   38   36   35   33   32   30   28   26
    72.5-180.0 180.0   5.0 450.0                            LAT/LON1/LON2/DLON/H
   25   23   22   21   21   21   22   23   24   26   28   30   31   33   34   34
   34   34   33   31   29   27   25   22   20   19   17   16   15   14   14   14
   15   15   16   17   18   18   20   20   22   23   24   25   27   29   30   32
   33   35   36   36   37   38   38   39   38   39   39   39   40   39   39   39
   38   37   36   34   32   31   29   27   25
    70.0-180.0 180.0   5.0 450.0                            LAT/LON1/LON2/DLON/H
   24   23   22   21   21   22   23   25   26   28   30   32   35   36   37   38
   38   38   36   34   31   29   26   24   21   19   17   15   14   13   13   13
   13   14   14   15   16   16   17   18   19   20   21   23   25   26   28   30
   31   33   34   35   35   36   37   37   37   37   37   38   37   38   38   37
   37   36   35   33   32   29   28   25   24
    67.5-180.0 180.0   5.0 450.0                            LAT/LON1/LON2/DLON/H
   24   23   23   23   23   24   25   28   29   32   34   37   39   41   42   43
   43   42   40   38   35   31   28   25   22   20   17   15   14   13   13   12
   12   12   13   13   13   14   15   16   17   18   19   20   22   23   25   27
   28   31   32   33   34   35   35   35   35   36   36   36   36   37   36   36
   35   35   33   32   30   29   27   25   24
    65.0-180.0 180.0   5.0 450.0                            LAT/LON1/LON2/DLON/H
   25   24   24   25   26   28   29   32   34   36   39   42   45   47   48   49
   49   48   45   42   39   35   31   28   25   22   19   17   15   14   12   12
   11   11   11   12   12   12   13   14   15   15   17   18   19   21   22   24
   26   28   30   31   32   33   34   34   34   34   34   35   35   35   34   34
   34   33   32   31   30   28   27   25   25
    62.5-180.0 180.0   5.0 450.0                            LAT/LON1/LON2/DLON/H
   25   26   26   28   29   32   34   36   39   42   45   47   50   52   54   55
   55   53   51   47   44   39   35   31   28   25   22   20   18   15   13   12
   12   11   11   11   11   12   13   14   15   16   17   18   19   20   21   23
   25   26   28   30   31   32   33   34   34   34   34   34   34   34   34   33
   33   32   31   30   29   28   27   26   25
    60.0-180.0 180.0   5.0 450.0                            LAT/LON1/LON2/DLON/H
   27   27   29   31   33   36   39   42   45   47   50   52   55   58   60   61
   61   60   57   53   49   44   40   37   33   30   26   24   21   18   17   15
   13   13   12   12   13   14   15   16   18   18   19   20   20   20   21   22
   24   26   28   30   31   33   34   35   35   35   35   35   35   35   34   33
   33   32   31   30   29   28   28   27   27
    57.5-180.0 180.0   5.0 450.0                            LAT/LON1/LON2/DLON/H
   28   29   31   34   38   41   45   48   50   52   55   57   59   62   65   66
   67   65   63   58   54   50   46   43   39   36   33   30   26   23   21   19
   17   16   16   16   16   18   19   21   22   24   24   24   24   24   24   24
   25   27   29   31   34   35   36   37   37   38   37   37   37   36   36   35
   33   32   31   30   29   29   28   28   28
    55.0-180.0 180.0   5.0 450.0                            LAT/LON1/LON2/DLON/H
   30   32   35   38   43   47   51   54   57   58   59   61   64   66   69   71
   71   70   68   64   61   57   53   50   47   44   41   37   33   30   27   25
   22   21   20   21   22   24   26   28   31   32   32   31   30   29   28   28
   28   30   32   34   37   39   40   41   41   41   41   41   40   39   38   37
   35   34   33   32   31   30   30   30   30
    52.5-180.0 180.0   5.0 450.0                            LAT/LON1/LON2/DLON/H
   33   36   39   43   49   54   58   62   64   65   65   66   67   70   73   74
   76   76   73   71   67   64   61   59   56   53   49   46   41   38   34   32
   30   28   27   27   29   31   34   37   39   41   40   39   37   35   34   33
   33   34   36   38   41   43   44   45   45   46   45   45   44   43   42   40
   38   36   35   34   33   33   32   33   33
    50.0-180.0 180.0   5.0 450.0                            LAT/LON1/LON2/DLON/H
   37   40   45   50   56   62   67   71   72   73   72   72   72   73   76   78
   80   80   79   77   74   72   70   68   66   62   58   54   50   46   43   40
   37   35   34   35   36   39   42   45   48   49   48   47   45   42   40   39
   38   38   40   42   45   46   48   49   50   50   50   49   48   47   45   43
   41   40   38   37   35   35   35   36   37
    47.5-180.0 180.0   5.0 450.0                            LAT/LON1/LON2/DLON/H
   42   46   51   58   65   71   77   80   82   82   81   79   78   78   79   82
   84   85   84   83   81   80   79   78   76   73   68   64   59   54   50   47
   45   42   41   41   43   46   49   53   55   56   55   54   52   49   46   44
   43   43   44   46   49   51   52   53   54   54   54   54   53   51   49   47
   44   42   40   39   38   38   38   40   42
    45.0-180.0 180.0   5.0 450.0                            LAT/LON1/LON2/DLON/H
   48   53   59   66   74   81   87   91   93   92   90   88   85   84   84   86
   88   90   90   90   89   89   88   88   86   82   78   72   67   62   57   54
   51   49   47   47   48   51   55   58   60   61   61   59   57   54   51   49
   47   47   48   50   52   54   55   57   58   58   58   58   56   54   52   49
   47   44   42   40   40   40   42   44   48
    42.5-180.0 180.0   5.0 450.0                            LAT/LON1/LON2/DLON/H
   53   60   67   75   82   90   96  101  103  103  101   98   94   91   90   90
   92   95   96   97   97   98   98   97   95   92   86   80   73   67   63   59
   56   54   52   52   53   56   59   62   64   65   64   62   60   58   55   53
   51   50   51   52   54   56   58   59   61   62   62   61   59   57   54   51
   48   45   43   42   41   42   45   49   53
    40.0-180.0 180.0   5.0 450.0                            LAT/LON1/LON2/DLON/H
   59   66   73   82   89   97  103  108  111  112  110  107  102   98   95   95
   96   99  102  104  106  107  107  106  104  100   93   86   79   72   67   63
   60   58   56   56   57   59   63   65   67   67   67   65   63   60   58   55
   53   53   53   54   55   57   59   61   64   65   65   63   61   58   55   52
   48   45   43   41   41   43   47   52   59
    37.5-180.0 180.0   5.0 450.0                            LAT/LON1/LON2/DLON/H
   63   71   79   87   94  101  108  112  116  118  118  114  109  104  100   99
  100  103  107  111  114  115  116  115  112  107  100   92   83   76   71   67
   64   63   61   61   62   63   67   69   70   70   68   67   65   63   59   57
   54   54   54   54   56   58   60   63   65   67   67   65   63   59   56   52
   48   45   42   40   40   43   48   55   63
    35.0-180.0 180.0   5.0 450.0                            LAT/LON1/LON2/DLON/H
   67   75   83   91   98  104  109  114  119  121  122  119  114  109  104  102
  103  107  112  117  120  123  123  122  119  113  106   97   88   81   75   71
   69   68   67   67   68   69   71   73   73   72   71   69   67   64   61   57
   55   54   54   55   56   58   61   64   67   69   69   67   64   60   56   51
   47   43   40   38   39   42   49   58   67
    32.5-180.0 180.0   5.0 450.0                            LAT/LON1/LON2/DLON/H
   71   80   87   94  101  106  110  115  119  122  123  122  117  112  107  104
  105  110  116  122  127  130  130  129  125  119  111  103   94   86   81   78
   76   76   76   76   76   77   78   79   78   76   73   71   68   65   61   58
   55   54   54   55   57   59   62   65   68   70   70   68   64   60   55   51
   47   43   39   37   38   42   50   61   71
    30.0-180.0 180.0   5.0 450.0                            LAT/LON1/LON2/DLON/H
   75   84   92   98  105  109  113  117  120  123  124  124  119  114  109  106
  107  112  119  126  132  135  137  135  131  125  118  110  102   94   89   87
   86   87   87   87   87   86   86   85   83   80   76   73   70   66   61   58
   55   54   54   56   58   59   62   66   69   70   70   68   64   60   55   50
   46   42   38   36   38   44   53   64   75
    27.5-180.0 180.0   5.0 450.0                            LAT/LON1/LON2/DLON/H
   80   89   98  105  111  116  120  122  124  126  127  126  122  117  112  109
  110  115  122  131  137  141  143  142  138  133  126  118  111  104  100   98
   98   99  100   99   98   96   93   91   88   83   79   75   71   67   62   57
   54   54   55   57   58   60   63   66   69   70   69   67   63   59   54   50
   46   41   38   36   38   45   56   69   80
    25.0-180.0 180.0   5.0 450.0                            LAT/LON1/LON2/DLON/H
   86   96  105  115  123  129  132  134  134  134  134  132  128  123  118  114
  115  119  127  135  143  148  150  149  146  141  135  129  123  117  113  111
  111  113  113  112  109  105  100   96   91   86   80   76   71   66   61   56
   54   54   56   58   60   61   63   66   68   68   68   65   62   58   54   49
   45   41   38   37   40   48   60   74   86
    22.5-180.0 180.0   5.0 450.0                            LAT/LON1/LON2/DLON/H
   92  104  116  128  139  148  152  153  151  149  147  144  140  135  129  124
  124  127  134  142  149  155  158  158  156  152  147  142  136  131  127  125
  125  126  126  123  118  112  106   99   93   86   81   75   70   65   60   55
   53   54   56   59   60   61   62   64   66   66   65   62   59   56   52   48
   44   41   38   38   43   52   65   79   92
    20.0-180.0 180.0   5.0 450.0                            LAT/LON1/LON2/DLON/H
  100  113  127  143  158  170  177  178  175  171  167  162  158  152  145  140
  137  139  144  151  158  164  168  170  169  165  161  157  152  147  142  139
  138  137  135  131  124  116  109  101   93   86   80   74   68   63   58   53
   52   53   56   59   60   61   61   62   63   63   61   59   56   53   50   46
   42   39   38   39   45   56   70   86  100
    17.5-180.0 180.0   5.0 450.0                            LAT/LON1/LON2/DLON/H
  107  122  140  159  179  195  204  206  203  198  191  187  181  175  168  161
  157  156  158  163  170  176  182  184  184  181  177  173  168  162  156  152
  148  146  142  136  128  119  110  101   93   85   79   72   67   61   56   52
   50   52   56   59   59   59   60   60   61   60   58   55   53   50   46   43
   40   37   37   39   46   59   74   91  107
    15.0-180.0 180.0   5.0 450.0                            LAT/LON1/LON2/DLON/H
  113  130  151  174  198  218  231  234  231  225  219  213  208  203  195  187
  181  177  176  179  184  190  196  200  200  198  194  190  184  177  169  162
  156  152  146  138  129  119  110  101   93   85   78   72   65   60   55   51
   50   52   55   58   58   58   58   58   58   57   55   52   50   47   44   40
   37   35   36   39   47   61   78   95  113
    12.5-180.0 180.0   5.0 450.0                            LAT/LON1/LON2/DLON/H
  118  137  160  187  214  237  251  258  256  251  245  239  235  230  223  215
  207  201  197  197  200  206  212  216  218  216  212  207  199  191  180  171
  162  155  148  139  129  120  111  103   96   88   80   73   66   60   55   51
   50   52   55   57   58   57   56   56   57   55   53   51   48   45   41   37
   33   32   33   39   48   63   81   99  118
    10.0-180.0 180.0   5.0 450.0                            LAT/LON1/LON2/DLON/H
  121  142  167  195  224  249  265  272  273  269  264  261  258  255  249  241
  233  226  220  217  218  222  229  234  236  234  229  223  214  203  190  178
  168  158  149  141  131  123  115  108  100   93   85   77   70   63   58   54
   52   53   55   57   57   56   56   56   56   55   52   50   47   44   39   34
   31   30   32   38   49   65   83  102  121
     7.5-180.0 180.0   5.0 450.0                            LAT/LON1/LON2/DLON/H
  125  146  171  200  228  253  269  278  281  279  276  275  274  273  269  263
  256  248  242  237  236  239  245  250  252  250  245  238  227  214  200  185
  172  162  152  143  135  128  121  115  109  101   93   84   76   69   63   59
   56   56   57   59   59   58   57   57   57   56   53   51   47   43   39   34
   30   29   33   39   51   66   85  105  125
     5.0-180.0 180.0   5.0 450.0                            LAT/LON1/LON2/DLON/H
  127  149  174  201  227  250  267  276  279  279  278  279  281  282  281  279
  274  268  261  256  254  256  262  267  268  266  260  252  240  226  209  193
  179  167  157  149  141  135  130  125  119  112  104   95   86   78   71   66
   62   61   62   62   62   61   60   60   60   58   55   52   49   45   40   35
   32   31   34   42   54   70   88  107  127
     2.5-180.0 180.0   5.0 450.0                            LAT/LON1/LON2/DLON/H
  131  152  176  201  224  245  258  267  271  272  272  275  279  282  284  286
  284  282  278  273  271  273  277  281  282  279  273  264  252  237  219  202
  187  175  165  156  150  144  140  136  131  124  116  106   97   88   81   75
   71   68   68   67   67   66   64   64   63   61   58   55   51   47   42   37
   34   34   38   46   58   74   92  111  131
