sample_files/i/ionex/irtg0040.21i
     1.0            IONOSPHERE MAPS     MIX                 IONEX VERSION / TYPE
tecrms2ionex_4.awk  UPC-IonSAT          01/04/21  101UT     PGM / RUN BY / DATE
Global ionosphere maps for day   4, 2021 ( 4- 1-2021)       DESCRIPTION
Contact address: Manuel Hernandez-Pajares                   DESCRIPTION
                 IonSAT research group                      DESCRIPTION
                 Technical Univ. of Catalonia (UPC-IonSAT)  DESCRIPTION
                 Mod. C3 Campus Nord UPC                    DESCRIPTION
                 E08034-Barcelona, SPAIN                    DESCRIPTION
                 e-mail:  manuel@ma4.upc.edu                DESCRIPTION
                                                            DESCRIPTION
                 warning: irregular time interval           DESCRIPTION
Generated by single_epoch_2_ionex_unfixed_time_interval.py  DESCRIPTION
  2021     1     4     0     5     0                        EPOCH OF FIRST MAP
  2021     1     4    23    40     0                        EPOCH OF LAST MAP
  1200                                                      INTERVAL
    68                                                      # OF MAPS IN FILE
  COSZ                                                      MAPPING FUNCTION
     0.0                                                    ELEVATION CUTOFF
   999                                                      # OF STATIONS
    99                                                      # OF SATELLITES
  6371.0                                                    BASE RADIUS
     2                                                      MAP DIMENSION
   450.0 450.0   0.0                                        HGT1 / HGT2 / DHGT
    87.5 -87.5  -2.5                                        LAT1 / LAT2 / DLAT
  -180.0 180.0   5.0                                        LON1 / LON2 / DLON
    -1                                                      EXPONENT
TEC values in  0.1 TECUs; 9999 if no value available        COMMENT
                                                            END OF HEADER
[from data line 27456]
    65                                                      START OF TEC MAP
  2021     1     4    22    40     0                        EPOCH OF CURRENT MAP
    87.5-180.0 180.0   5.0 450.0                            LAT/LON1/LON2/DLON/H
   24   25   25   25   25   25   26   26   26   26   26   26   26   26   26   26
   26   25   25   25   25   25   24   24   24   24   24   24   24   24   23   23
   23   23   23   23   23   23   22   22   22   22   22   22   22   22   22   22
   22   22   22   22   22   22   23   23   23   23   23   23   23   23   23   24
   24   24   24   24   24   24   24   24   24
    85.0-180.0 180.0   5.0 450.0                            LAT/LON1/LON2/DLON/H
   25   25   26   26   27   27   27   28   28   28   28   28   28   28   28   27
   27   27   27   26   26   25   25   24   24   24   23   23   23   22   22   22
   21   21   21   21   21   21   21   21   21   21   21   21   21   21   21   21
   21   21   21   21   21   21   21   22   22   22   22   22   22   22   22   23
   23   23   23   23   24   24   25   25   25
    82.5-180.0 180.0   5.0 450.0                            LAT/LON1/LON2/DLON/H
   25   25   26   27   28   28   29   29   29   30   30   30   30   30   30   30
   30   29   28   28   27   26   25   24   23   23   22   22   21   21   20   21
   20   20   20   20   20   20   20   20   21   20   21   20   21   21   21   21
   21   21   21   21   21   20   21   21   21   21   21   21   21   21   22   22
   22   22   22   22   23   24   24   24   25
    80.0-180.0 180.0   5.0 450.0                            LAT/LON1/LON2/DLON/H
   25   26   27   28   29   30   30   31   32   32   33   33   33   33   32   32
   31   30   30   29   28   26   25   24   23   22   21   21   20   20   19   20
   19   20   20   20   20   21   20   21   21   21   21   21   21   20   20   20
   20   20   20   20   21   21   21   20   20   20   21   21   21   21   21   21
   21   21   21   22   22   23   24   24   25
    77.5-180.0 180.0   5.0 450.0                            LAT/LON1/LON2/DLON/H
   26   28   29   30   31   32   33   34   34   35   35   35   35   35   35   34
   33   32   30   29   28   27   25   23   22   22   21   20   20   19   19   20
   20   20   20   21   21   21   21   21   21   22   21   21   21   21   20   20
   20   20   20   20   20   20   21   21   21   21   20   21   20   20   20   20
   20   21   21   22   22   23   24   25   26
    75.0-180.0 180.0   5.0 450.0                            LAT/LON1/LON2/DLON/H
   28   30   32   33   35   36   37   38   38   39   39   38   38   37   36   35
   34   33   31   30   28   27   25   23   22   21   20   20   20   20   20   20
   21   21   21   22   22   22   22   22   22   22   22   22   21   21   21   20
   20   20   20   20   21   21   21   21   21   21   20   21   20   20   20   20
   20   21   21   22   23   24   25   27   28
    72.5-180.0 180.0   5.0 450.0                            LAT/LON1/LON2/DLON/H
   33   34   36   38   40   41   42   43   43   43   43   42   41   40   38   37
   35   34   32   30   28   27   25   24   22   21   21   21   20   20   21   21
   22   22   22   22   22   23   23   23   22   22   21   22   21   21   21   20
   20   20   20   20   21   21   21   22   22   22   21   21   21   20   20   20
   21   21   22   23   25   26   28   30   33
    70.0-180.0 180.0   5.0 450.0                            LAT/LON1/LON2/DLON/H
   37   39   42   44   46   48   49   49   49   49   48   47   44   43   41   39
   37   35   32   31   29   27   25   24   23   22   21   21   22   22   22   22
   22   23   22   22   22   22   22   22   21   22   21   21   21   21   20   20
   20   20   20   20   21   22   22   22   22   22   21   21   21   20   20   20
   21   22   23   25   27   29   31   34   37
    67.5-180.0 180.0   5.0 450.0                            LAT/LON1/LON2/DLON/H
   42   45   48   50   52   54   55   56   56   55   53   51   49   46   43   40
   38   36   33   31   29   27   25   24   23   23   22   22   22   23   23   23
   23   23   22   21   21   21   20   20   20   20   20   21   21   20   20   20
   20   20   21   21   21   22   22   22   22   22   22   21   21   20   20   20
   21   23   25   27   30   33   36   39   42
    65.0-180.0 180.0   5.0 450.0                            LAT/LON1/LON2/DLON/H
   46   49   52   55   58   60   61   63   62   62   59   56   53   50   46   43
   39   37   34   31   29   27   25   24   23   22   23   23   23   23   24   23
   23   22   21   20   20   19   19   19   19   20   20   20   20   20   21   21
   20   20   21   21   22   22   22   23   23   22   22   21   20   20   20   21
   22   24   26   29   33   36   39   42   46
    62.5-180.0 180.0   5.0 450.0                            LAT/LON1/LON2/DLON/H
   49   53   56   59   62   65   66   68   68   67   65   62   58   54   49   45
   41   38   35   32   30   28   26   24   23   23   23   24   24   24   24   23
   22   22   21   20   19   18   19   19   19   20   21   22   22   22   22   22
   21   21   21   22   22   22   23   23   23   22   21   21   20   20   20   21
   23   25   28   32   35   39   42   45   49
    60.0-180.0 180.0   5.0 450.0                            LAT/LON1/LON2/DLON/H
   52   56   59   62   65   68   70   72   73   72   70   67   62   57   52   48
   44   40   37   34   31   28   26   24   23   23   23   24   24   24   24   24
   23   22   21   21   20   20   20   21   21   23   24   24   25   25   25   24
   24   23   23   23   23   23   24   24   23   23   22   21   21   21   21   22
   24   28   31   35   38   42   46   49   52
    57.5-180.0 180.0   5.0 450.0                            LAT/LON1/LON2/DLON/H
   56   59   62   65   68   70   73   75   76   76   74   71   66   62   56   51
   48   44   40   36   32   30   26   25   24   24   24   25   26   26   26   26
   26   25   25   24   24   24   24   25   26   27   28   29   29   29   29   28
   27   26   25   25   25   25   25   25   24   24   23   22   21   22   23   24
   27   30   34   38   42   46   50   53   56
    55.0-180.0 180.0   5.0 450.0                            LAT/LON1/LON2/DLON/H
   61   64   66   69   71   74   76   78   79   79   77   75   71   66   60   56
   51   48   44   40   35   31   28   27   26   25   27   27   29   29   29   29
   29   30   29   30   30   31   31   32   33   33   34   35   35   35   34   33
   32   31   30   29   29   28   28   28   27   26   25   24   24   24   25   27
   30   34   38   42   47   50   54   58   61
    52.5-180.0 180.0   5.0 450.0                            LAT/LON1/LON2/DLON/H
   67   70   73   75   77   79   80   81   82   82   81   78   75   70   65   60
   56   53   48   44   39   35   31   30   29   29   30   32   32   33   34   34
   35   36   37   37   38   39   39   40   40   41   41   42   42   41   40   39
   38   36   35   34   33   33   32   31   30   29   28   28   27   28   29   31
   34   38   43   47   51   56   60   64   67
    50.0-180.0 180.0   5.0 450.0                            LAT/LON1/LON2/DLON/H
   75   79   81   83   85   86   86   86   86   86   84   82   78   74   69   65
   62   58   54   49   44   40   36   34   34   34   36   37   38   39   39   40
   41   42   44   45   47   47   48   48   48   48   48   48   48   47   46   45
   44   43   41   40   39   37   36   35   34   33   32   32   31   32   34   36
   39   43   47   52   57   63   67   71   75
    47.5-180.0 180.0   5.0 450.0                            LAT/LON1/LON2/DLON/H
   84   87   90   93   94   94   94   92   91   90   89   86   83   78   74   70
   67   63   59   55   50   46   42   41   40   41   42   43   44   44   44   45
   46   48   50   52   54   54   55   54   55   55   54   54   53   53   52   51
   50   48   47   46   45   43   42   40   39   38   37   36   36   37   38   41
   44   48   52   58   63   68   74   79   84
    45.0-180.0 180.0   5.0 450.0                            LAT/LON1/LON2/DLON/H
   91   95   99  102  103  103  101   99   97   95   93   90   87   83   79   75
   72   69   65   61   56   52   50   48   48   49   49   50   49   49   49   49
   50   52   54   56   58   59   59   59   59   59   58   58   58   57   57   55
   55   54   53   51   50   48   47   45   43   42   41   41   41   42   44   46
   49   53   57   62   68   74   80   86   91
    42.5-180.0 180.0   5.0 450.0                            LAT/LON1/LON2/DLON/H
   96  101  105  108  110  110  108  105  102  100   97   95   92   87   83   80
   77   74   71   67   63   60   57   55   55   55   55   55   54   53   52   52
   52   54   56   58   60   61   61   61   61   61   60   60   60   60   60   60
   58   58   57   56   55   53   51   49   47   46   45   44   45   47   49   51
   54   57   61   66   72   78   85   91   96
    40.0-180.0 180.0   5.0 450.0                            LAT/LON1/LON2/DLON/H
   98  104  108  111  113  113  111  109  106  104  101   99   96   92   89   85
   82   79   76   73   69   66   64   63   62   61   60   59   57   55   53   52
   53   55   56   58   60   61   61   62   62   62   62   62   61   61   62   61
   61   60   59   58   57   56   54   52   50   49   48   48   48   51   53   56
   59   62   65   69   75   81   88   94   98
    37.5-180.0 180.0   5.0 450.0                            LAT/LON1/LON2/DLON/H
   99  103  107  110  112  113  112  110  108  106  105  103  100   97   93   90
   87   84   80   78   75   72   70   69   67   65   62   60   58   56   54   53
   53   54   56   57   58   59   61   62   62   62   62   62   62   63   63   62
   62   61   61   60   59   57   56   54   52   51   50   50   52   54   57   60
   63   66   69   73   78   83   89   95   99
    35.0-180.0 180.0   5.0 450.0                            LAT/LON1/LON2/DLON/H
  100  103  105  107  110  110  110  109  108  107  107  106  104  102   98   95
   91   89   85   83   79   77   75   72   69   66   63   61   59   57   56   55
   55   55   56   57   58   59   60   62   63   63   63   63   63   63   63   63
   62   61   60   59   59   58   57   55   53   52   51   52   54   57   61   65
   68   71   73   77   82   87   92   96  100
    32.5-180.0 180.0   5.0 450.0                            LAT/LON1/LON2/DLON/H
  103  104  105  107  108  108  108  108  108  109  109  109  108  106  103  100
   97   94   90   87   84   82   79   75   71   66   62   60   59   59   58   58
   59   59   59   59   59   60   61   63   64   65   64   64   63   63   63   62
   61   59   59   57   57   57   56   54   53   52   51   52   55   59   65   69
   73   76   78   82   87   92   97  100  103
    30.0-180.0 180.0   5.0 450.0                            LAT/LON1/LON2/DLON/H
  110  111  110  110  110  110  110  110  111  112  113  113  113  111  108  106
  103   99   95   92   89   85   80   76   70   66   62   61   62   63   64   64
   65   66   65   64   62   62   63   64   66   66   65   65   64   63   62   61
   59   58   56   55   55   55   54   53   51   51   50   52   56   62   68   74
   78   81   85   89   95  100  105  108  110
    27.5-180.0 180.0   5.0 450.0                            LAT/LON1/LON2/DLON/H
  123  124  124  122  120  119  118  118  118  120  120  119  118  116  114  112
  109  105  102   97   93   88   83   77   71   66   64   64   67   69   72   74
   75   75   72   69   66   65   65   66   68   68   66   65   64   63   61   60
   58   55   54   52   52   52   51   51   50   49   49   52   58   64   72   78
   83   88   93   98  105  111  117  121  123
    25.0-180.0 180.0   5.0 450.0                            LAT/LON1/LON2/DLON/H
  143  145  145  143  140  137  135  134  133  131  130  128  126  123  121  118
  115  112  108  102   97   91   85   78   72   68   68   70   74   79   82   85
   85   84   80   75   70   67   67   68   68   68   66   64   63   61   60   57
   55   53   51   50   49   48   49   48   47   47   48   52   59   67   76   82
   89   95  102  109  117  125  132  138  143
    22.5-180.0 180.0   5.0 450.0                            LAT/LON1/LON2/DLON/H
  165  170  173  171  168  164  161  157  154  150  146  141  136  132  129  126
  123  119  115  109  102   95   88   82   77   74   75   79   84   89   93   95
   95   92   86   80   73   69   67   68   67   67   65   63   62   60   57   55
   53   50   49   47   46   46   45   44   44   45   47   52   60   70   80   88
   95  102  111  120  130  140  149  158  165
    20.0-180.0 180.0   5.0 450.0                            LAT/LON1/LON2/DLON/H
  188  197  202  204  201  197  192  187  181  174  165  156  149  143  139  135
  131  127  122  116  109  101   94   88   84   83   86   90   94   99  101  103
  101   97   90   81   73   68   66   66   65   64   62   61   59   56   55   52
   50   48   46   44   42   42   42   41   41   42   45   52   62   72   83   92
  101  110  120  131  143  154  166  177  188
    17.5-180.0 180.0   5.0 450.0                            LAT/LON1/LON2/DLON/H
  208  221  230  234  233  230  225  219  211  200  187  174  164  156  149  144
  140  136  131  124  116  109  102   98   95   95   98  101  104  107  107  106
  104   99   90   80   71   65   63   63   63   61   59   57   56   53   52   50
   47   45   43   41   40   39   39   39   39   40   44   52   64   76   87   97
  107  117  128  141  154  167  180  193  208
    15.0-180.0 180.0   5.0 450.0                            LAT/LON1/LON2/DLON/H
  221  237  250  257  259  258  255  249  239  225  209  193  180  170  162  156
  151  145  139  133  125  119  113  109  108  109  111  112  113  111  109  107
  103   97   88   77   68   63   61   60   59   58   56   54   53   50   48   47
   44   43   41   39   38   37   37   37   37   38   44   53   65   78   91  102
  112  124  136  150  163  176  190  204  221
    12.5-180.0 180.0   5.0 450.0                            LAT/LON1/LON2/DLON/H
  226  244  259  269  274  276  275  270  261  246  229  211  197  185  176  167
  161  155  149  143  136  130  126  123  123  123  123  121  118  113  108  105
  100   94   85   75   67   62   60   59   58   56   54   52   51   49   46   45
   42   41   39   37   36   36   36   36   36   38   44   54   67   81   95  106
  118  130  144  157  170  182  195  209  226
    10.0-180.0 180.0   5.0 450.0                            LAT/LON1/LON2/DLON/H
  225  242  257  269  277  282  284  282  274  260  243  226  211  199  189  180
  172  165  159  154  148  143  140  138  138  136  134  128  121  113  107  102
   97   92   84   76   68   64   62   61   59   56   54   52   50   48   46   44
   42   40   38   36   35   35   36   36   36   38   45   55   69   84   98  111
  123  136  150  163  175  186  197  210  225
     7.5-180.0 180.0   5.0 450.0                            LAT/LON1/LON2/DLON/H
  221  234  248  259  269  276  281  282  277  266  252  237  224  212  202  192
  183  176  170  165  160  157  154  153  151  148  142  134  123  113  106  101
   97   93   87   80   74   70   68   66   63   59   56   54   52   50   48   46
   43   41   38   36   36   36   37   37   37   39   46   57   71   87  101  114
  127  141  156  169  179  188  197  208  221
     5.0-180.0 180.0   5.0 450.0                            LAT/LON1/LON2/DLON/H
  215  225  235  245  254  263  271  275  273  266  255  243  234  224  214  204
  194  187  181  177  173  171  168  166  163  157  149  138  126  116  108  104
  102   99   94   89   84   80   76   73   69   65   61   58   56   54   51   50
   47   44   41   39   37   38   39   39   40   41   48   59   73   88  102  116
  130  145  160  172  182  190  197  206  215
     2.5-180.0 180.0   5.0 450.0                            LAT/LON1/LON2/DLON/H
  213  219  225  232  239  249  257  264  265  261  255  247  241  233  224  214
  205  198  193  189  186  184  182  179  174  165  154  142  130  120  114  112
  111  110  107  101   96   91   86   81   76   71   67   65   62   60   58   55
   52   48   45   42   41   41   41   42   42   44   50   61   75   89  103  117
  132  147  162  174  185  193  200  206  213
