sample_files/i/ionex/irtg0020.21i
     1.0            IONOSPHERE MAPS     GPS                 IONEX VERSION / TYPE
tecrms2ionex_4.awk  UPC-IonSAT          06/17/21  206UT     PGM / RUN BY / DATE
Global ionosphere maps for day   2, 2021 ( 2- 1-2021)       DESCRIPTION
Contact address: Manuel Hernandez-Pajares                   DESCRIPTION
                 IonSAT research group                      DESCRIPTION
                 Technical Univ. of Catalonia (UPC-IonSAT)  DESCRIPTION
                 Mod. C3 Campus Nord UPC                    DESCRIPTION
                 E08034-Barcelona, SPAIN                    DESCRIPTION
                 e-mail:  manuel@ma4.upc.edu                DESCRIPTION
                                                            DESCRIPTION
  2021     1     2     1    15     0                        EPOCH OF FIRST MAP
  2021     1     2    23    35     0                        EPOCH OF LAST MAP
  1200                                                      INTERVAL
    68                                                      # OF MAPS IN FILE
  COSZ                                                      MAPPING FUNCTION
     0.0                                                    ELEVATION CUTOFF
    99                                                      # OF STATIONS
    33                                                      # OF SATELLITES
  6371.0                                                    BASE RADIUS
     2                                                      MAP DIMENSION
   450.0 450.0   0.0                                        HGT1 / HGT2 / DHGT
    87.5 -87.5  -2.5                                        LAT1 / LAT2 / DLAT
  -180.0 180.0   5.0                                        LON1 / LON2 / DLON
    -1                                                      EXPONENT
TEC values in  0.1 TECUs; 9999 if no value available        COMMENT
Validation with JASON: <TEC_JASON - TEC_GPS>  [TECU]        DESCRIPTION
         (reference day of year: 002)                       DESCRIPTION
                                                            DESCRIPTION
           Bias   Sigma     RMS    VTEC   %ERR    #OBS      DESCRIPTION
          -3.07    2.93    4.24    9.47   44.8   45369      DESCRIPTION
                                                            DESCRIPTION
UT(hours)  Bias   Sigma     RMS    VTEC   %ERR    #OBS      DESCRIPTION
   2.00   -2.82    3.07    4.17    9.30   44.8    4307      DESCRIPTION
   4.00   -2.99    2.49    3.89    9.45   41.2    4602      DESCRIPTION
   6.00   -3.28    3.44    4.75   11.64   40.8    4080      DESCRIPTION
   8.00   -1.98    3.86    4.33   13.85   31.3    3412      DESCRIPTION
  10.00   -3.38    3.27    4.70    9.11   51.6    4161      DESCRIPTION
  12.00   -3.13    2.45    3.97    6.16   64.5    3539      DESCRIPTION
  14.00   -3.06    1.94    3.62    9.13   39.7    4256      DESCRIPTION
  16.00   -3.67    2.73    4.58    8.29   55.2    4060      DESCRIPTION
  18.00   -2.50    3.70    4.46    8.61   51.8    3326      DESCRIPTION
  20.00   -3.11    2.52    4.00    9.94   40.3    4070      DESCRIPTION
  22.00   -3.72    2.44    4.45   10.14   43.9    3862      DESCRIPTION
  24.00   -2.84    1.81    3.37    6.44   52.2    1694      DESCRIPTION
                                                            DESCRIPTION
Lat(deg)   Bias   Sigma     RMS    VTEC   %ERR    #OBS      DESCRIPTION
 -60.00   -1.75    2.63    3.16    9.14   34.6   11405      DESCRIPTION
 -40.00   -2.23    2.72    3.52    9.42   37.3    8887      DESCRIPTION
 -20.00   -3.79    3.04    4.86   13.62   35.7    6951      DESCRIPTION
   0.00   -4.98    2.80    5.71   12.62   45.2    6388      DESCRIPTION
  20.00   -4.08    2.69    4.89    9.41   51.9    5314      DESCRIPTION
  40.00   -3.54    2.25    4.20    3.56  117.9    4266      DESCRIPTION
  60.00   -2.08    2.05    2.92    0.59  497.6    2158      DESCRIPTION
                                                            END OF HEADER
[from data line 28743]
    68                                                      START OF TEC MAP
  2021     1     2    23    35     0                        EPOCH OF CURRENT MAP
    87.5-180.0 180.0   5.0 450.0                            LAT/LON1/LON2/DLON/H
    9    9   10   10   10   10   10   10   10   10   11   11   11   11   11   12
   12   11   11   11   12   12   11   11   11   11   12   11   11   11   11   11
   11   10   10   10   10   10   10   10   10    9    9    9    9    9    9    8
    8    9    9    8    8    8    8    8    7    7    8    8    8    8    8    7
    7    7    7    8    8    8    8    8    9
    85.0-180.0 180.0   5.0 450.0                            LAT/LON1/LON2/DLON/H
    9    9   10   10   10   11   12   12   12   12   13   13   13   13   14   14
   13   14   14   13   13   13   13   12   13   13   12   12   12   12   12   11
   11   11   11   11   11   11   11   11   11   10   10   10   10   10   10    9
    9    8    8    8    7    7    7    7    7    6    6    6    6    6    6    6
    6    6    6    7    7    7    8    9    9
    82.5-180.0 180.0   5.0 450.0                            LAT/LON1/LON2/DLON/H
   10   11   11   12   12   13   14   14   14   15   16   16   16   16   16   16
   16   15   16   15   15   14   14   13   13   13   12   12   11   12   11   11
   11   11   11   11   11   11   11   11   11   11   11   11   11   11   10   10
    9    9    8    7    7    6    6    6    5    5    5    5    5    5    5    5
    6    7    7    7    8    8    9   10   10
    80.0-180.0 180.0   5.0 450.0                            LAT/LON1/LON2/DLON/H
   13   14   14   14   15   16   16   17   17   18   18   18   18   18   18   18
   18   17   17   16   15   15   14   13   13   12   11   11   11   10   10   10
   10   10   10   10   11   11   11   12   11   12   12   11   11   11   11   11
   10    9    9    8    8    7    7    6    6    5    5    5    5    6    6    6
    7    8    9    9   10   11   12   12   13
    77.5-180.0 180.0   5.0 450.0                            LAT/LON1/LON2/DLON/H
   18   18   19   19   19   20   20   20   20   20   21   20   20   20   20   19
   19   17   17   16   15   14   13   12   11   11   10    9    9    8    8    8
    8    8    9    9   10   10   11   11   11   12   12   11   12   12   11   11
   10   10    9    9    8    7    7    6    6    6    6    6    7    7    8    9
   10   11   12   13   14   15   16   17   18
    75.0-180.0 180.0   5.0 450.0                            LAT/LON1/LON2/DLON/H
   24   25   25   25   25   24   24   24   24   23   23   23   22   21   21   20
   19   18   17   15   15   13   12   11   10    9    8    7    7    7    6    6
    7    7    7    8    8    8    9   10   10   10   10   11   11   11   11   10
   10   10    9    8    8    8    8    7    7    7    7    7    8    9   10   12
   14   15   17   19   20   21   23   23   24
    72.5-180.0 180.0   5.0 450.0                            LAT/LON1/LON2/DLON/H
   32   32   32   31   31   30   30   29   28   27   26   25   24   22   21   20
   18   17   16   14   13   12   10   10    8    7    6    6    5    5    5    5
    5    5    6    6    7    7    7    8    8    9    9   10   10   10   10   10
   10    9    9    9    9    8    8    8    8    8    8    9   10   11   13   15
   17   20   22   25   27   29   30   31   32
    70.0-180.0 180.0   5.0 450.0                            LAT/LON1/LON2/DLON/H
   40   40   39   39   38   37   36   34   33   31   29   28   25   23   21   19
   18   16   15   13   12   10    9    8    7    6    5    4    5    4    4    4
    4    4    4    4    4    5    5    6    6    7    7    8    8    8    8    8
    8    9    9    9    9    9    8    8    8    8    9   10   12   14   16   18
   21   25   28   31   33   36   38   39   40
    67.5-180.0 180.0   5.0 450.0                            LAT/LON1/LON2/DLON/H
   48   48   48   47   45   43   42   40   38   35   33   31   28   25   23   20
   17   16   14   12   11    9    9    7    7    6    5    5    4    4    4    4
    4    3    3    3    3    3    4    5    5    5    6    6    6    7    7    7
    8    8    8    8    9    9    9    9    9    9   10   11   13   15   18   21
   25   29   32   36   39   42   45   47   48
    65.0-180.0 180.0   5.0 450.0                            LAT/LON1/LON2/DLON/H
   54   55   55   53   52   50   48   45   43   40   38   34   31   28   24   21
   18   16   13   12   10    9    8    7    7    7    6    5    5    5    5    4
    4    4    3    3    3    3    4    4    5    6    6    6    7    6    6    7
    7    8    8    9   10    9    9    9   10   10   11   12   14   16   19   23
   27   32   36   40   45   48   51   53   54
    62.5-180.0 180.0   5.0 450.0                            LAT/LON1/LON2/DLON/H
   60   61   61   60   58   56   54   51   48   45   42   39   35   31   28   23
   20   17   14   13   11   10    9    8    8    7    7    7    7    7    7    7
    7    6    6    5    5    5    5    6    7    7    8    8    8    8    7    8
    8    9    9   10   11   11   11   11   10   11   11   13   14   18   21   25
   29   34   39   44   48   52   56   59   60
    60.0-180.0 180.0   5.0 450.0                            LAT/LON1/LON2/DLON/H
   67   68   67   67   64   62   59   57   53   50   47   44   39   35   31   27
   23   20   16   15   12   12   11   10    9   10    9   10   10   10   11   11
   10   10    9    9    9    9   10   11   12   12   13   13   12   11   11   10
   10   11   11   12   13   13   13   12   12   12   13   13   16   19   23   27
   31   37   41   46   52   57   61   64   67
    57.5-180.0 180.0   5.0 450.0                            LAT/LON1/LON2/DLON/H
   73   74   74   73   70   68   65   62   58   55   51   48   44   40   35   31
   27   23   20   17   16   14   13   13   13   13   13   14   15   16   16   16
   16   16   15   15   15   15   17   17   18   19   19   19   17   16   15   14
   14   15   15   16   16   16   16   15   14   14   14   16   19   22   26   30
   35   40   45   50   56   61   66   70   73
    55.0-180.0 180.0   5.0 450.0                            LAT/LON1/LON2/DLON/H
   79   80   80   79   77   74   71   67   64   60   56   53   49   45   40   36
   32   28   25   21   19   18   17   17   17   17   18   19   20   21   22   23
   23   23   22   22   23   24   24   26   26   27   27   26   24   23   21   20
   19   19   20   21   21   21   20   19   17   17   18   20   23   27   31   35
   39   44   49   54   60   66   71   75   79
    52.5-180.0 180.0   5.0 450.0                            LAT/LON1/LON2/DLON/H
   85   87   88   87   84   81   77   73   69   66   62   57   53   49   45   41
   37   33   30   26   24   23   22   22   23   23   24   26   27   28   29   29
   30   30   31   31   31   33   33   34   35   35   35   34   32   30   28   26
   26   26   26   26   26   26   25   23   22   21   22   25   28   32   37   41
   46   50   56   61   66   71   76   81   85
    50.0-180.0 180.0   5.0 450.0                            LAT/LON1/LON2/DLON/H
   92   94   95   94   92   88   85   80   76   71   67   62   58   54   50   47
   43   39   35   33   30   29   29   29   29   30   31   32   34   35   35   36
   37   38   39   39   40   41   42   43   43   43   43   41   39   37   35   34
   33   33   33   33   32   31   29   27   26   26   28   31   35   40   45   49
   54   58   62   68   72   78   83   87   92
    47.5-180.0 180.0   5.0 450.0                            LAT/LON1/LON2/DLON/H
   97  100  102  102   99   96   92   87   83   78   73   68   64   60   56   53
   49   45   42   40   37   36   36   36   36   37   38   39   40   41   42   43
   43   44   46   46   47   48   49   49   49   49   48   47   45   44   42   41
   40   40   39   39   39   37   35   33   32   32   34   38   43   48   54   59
   62   67   71   75   79   83   88   93   97
    45.0-180.0 180.0   5.0 450.0                            LAT/LON1/LON2/DLON/H
  102  105  107  107  105  103  100   95   91   86   80   75   70   66   62   59
   55   52   49   46   45   44   44   43   44   44   45   46   46   47   47   47
   48   49   50   52   53   54   54   53   53   52   52   51   50   49   49   47
   47   47   46   46   45   43   41   38   38   38   41   45   51   57   62   67
   71   75   79   83   86   90   94   98  102
    42.5-180.0 180.0   5.0 450.0                            LAT/LON1/LON2/DLON/H
  105  109  110  111  110  108  105  102   98   93   88   83   77   73   69   65
   62   58   56   53   51   51   51   51   51   51   51   51   51   50   50   50
   51   51   52   54   56   57   56   56   55   55   54   54   54   54   54   53
   53   52   52   51   50   48   46   44   43   45   48   53   59   65   70   75
   79   82   86   89   93   95   98  102  105
    40.0-180.0 180.0   5.0 450.0                            LAT/LON1/LON2/DLON/H
  108  111  113  113  113  111  109  107  104  101   97   91   85   80   76   72
   69   65   62   60   58   58   58   58   57   57   56   55   54   53   52   52
   51   52   54   55   57   58   57   57   56   56   56   56   57   58   58   58
   58   57   57   56   54   52   50   48   47   49   53   60   66   72   77   81
   85   89   92   95   98  100  103  105  108
    37.5-180.0 180.0   5.0 450.0                            LAT/LON1/LON2/DLON/H
  111  113  114  114  114  113  112  111  110  108  104   99   94   88   83   80
   76   72   68   65   64   63   63   63   62   61   59   58   57   55   54   52
   52   53   53   56   57   58   58   58   57   56   57   58   59   60   61   62
   61   60   60   59   58   56   53   52   52   54   59   65   71   77   82   87
   90   95   98  102  104  105  107  109  111
    35.0-180.0 180.0   5.0 450.0                            LAT/LON1/LON2/DLON/H
  116  116  117  116  114  114  113  114  114  114  111  107  102   96   92   87
   82   78   74   71   68   68   68   67   65   64   61   60   58   57   55   54
   53   53   54   55   57   59   59   58   58   58   58   59   61   62   63   64
   63   62   61   60   59   57   55   54   54   57   63   69   76   81   86   90
   95  100  105  108  111  112  113  114  116
    32.5-180.0 180.0   5.0 450.0                            LAT/LON1/LON2/DLON/H
  123  124  123  121  118  116  116  117  118  119  117  115  109  104   99   94
   89   84   79   75   73   71   70   69   67   65   63   61   59   59   57   56
   54   54   55   56   58   60   60   60   59   59   59   61   62   63   64   64
   63   61   60   59   58   57   55   55   55   59   65   73   79   85   90   94
  100  106  112  117  119  121  122  123  123
    30.0-180.0 180.0   5.0 450.0                            LAT/LON1/LON2/DLON/H
  137  136  134  131  126  123  122  122  123  124  124  121  116  111  106  101
   95   89   84   79   76   74   72   70   69   66   64   63   63   62   61   59
   57   56   56   58   59   61   62   62   61   61   60   61   62   63   63   63
   61   60   58   58   56   55   54   54   56   61   67   75   82   88   93   99
  105  113  121  127  131  133  134  136  137
    27.5-180.0 180.0   5.0 450.0                            LAT/LON1/LON2/DLON/H
  155  154  152  147  141  136  132  131  131  131  130  127  123  118  112  107
  102   95   89   83   79   76   74   73   71   69   67   67   66   66   65   64
   62   60   59   60   61   63   64   64   63   62   61   61   61   61   61   60
   59   57   56   54   54   53   52   52   55   60   69   77   85   92   97  104
  112  122  132  139  145  148  151  153  155
    25.0-180.0 180.0   5.0 450.0                            LAT/LON1/LON2/DLON/H
  176  177  174  169  162  154  149  145  142  141  138  134  130  125  119  114
  108  101   94   88   83   80   77   76   74   73   71   71   71   71   71   69
   66   63   62   62   64   65   66   66   64   62   61   60   59   58   57   56
   54   53   51   50   50   49   49   50   54   61   70   80   88   96  103  111
  121  133  144  153  160  165  170  173  176
    22.5-180.0 180.0   5.0 450.0                            LAT/LON1/LON2/DLON/H
  200  203  202  196  188  179  171  164  158  154  149  144  138  132  126  121
  115  108  101   94   89   85   83   80   79   78   77   77   76   76   75   73
   70   67   64   65   65   66   66   66   64   62   59   57   55   54   53   52
   50   48   47   47   46   46   46   48   53   61   72   83   94  102  111  121
  132  145  158  168  176  183  189  195  200
    20.0-180.0 180.0   5.0 450.0                            LAT/LON1/LON2/DLON/H
  223  228  229  225  217  207  197  187  179  171  163  155  148  141  135  130
  124  117  110  102   97   92   90   88   87   86   84   83   82   80   79   76
   72   69   66   65   65   66   66   64   62   59   56   53   52   50   48   47
   45   44   43   42   42   42   43   46   52   62   75   87   99  110  119  130
  143  158  171  182  192  199  207  216  223
    17.5-180.0 180.0   5.0 450.0                            LAT/LON1/LON2/DLON/H
  242  250  253  251  244  235  224  212  201  189  180  170  161  153  146  140
  134  128  120  113  107  103   99   98   96   95   91   88   86   84   81   78
   73   69   66   65   64   64   63   62   59   56   53   50   47   46   44   43
   42   41   40   40   39   39   41   45   52   64   78   93  106  118  129  142
  156  170  184  196  205  213  221  232  242
    15.0-180.0 180.0   5.0 450.0                            LAT/LON1/LON2/DLON/H
  255  265  270  271  266  259  248  236  222  210  198  186  177  168  160  154
  147  141  134  126  120  115  111  109  106  103   99   94   89   85   82   78
   74   69   65   63   62   61   60   58   55   52   49   46   44   42   41   40
   39   38   38   37   37   38   39   44   54   66   83   99  113  126  140  153
  168  183  195  206  214  222  232  243  255
    12.5-180.0 180.0   5.0 450.0                            LAT/LON1/LON2/DLON/H
  261  273  280  283  281  276  267  255  242  228  216  205  193  184  176  169
  163  156  148  141  133  128  123  120  117  112  106   98   92   87   82   78
   73   69   64   62   60   58   56   55   52   49   46   44   42   40   39   39
   38   37   37   36   36   37   39   45   56   71   88  105  121  135  149  163
  178  192  205  214  221  228  237  248  261
    10.0-180.0 180.0   5.0 450.0                            LAT/LON1/LON2/DLON/H
  261  273  282  288  289  286  279  269  257  244  233  222  212  202  194  186
  180  172  165  156  148  141  135  130  125  119  111  102   95   88   83   79
   74   70   65   61   58   57   54   52   49   47   45   43   42   40   39   38
   38   37   37   36   36   37   41   47   59   74   92  111  127  143  157  172
  187  200  212  220  225  231  238  249  261
     7.5-180.0 180.0   5.0 450.0                            LAT/LON1/LON2/DLON/H
  257  268  278  285  288  289  284  276  267  256  246  238  229  220  212  203
  197  190  181  172  163  154  145  139  132  124  115  106   97   91   86   82
   78   73   68   64   60   56   53   51   49   48   46   45   44   42   41   40
   39   39   38   38   37   39   42   49   61   78   97  115  132  148  162  178
  192  206  216  223  228  232  238  246  257
     5.0-180.0 180.0   5.0 450.0                            LAT/LON1/LON2/DLON/H
  253  262  272  279  284  286  285  279  272  264  258  251  245  237  229  221
  214  206  197  186  175  164  155  145  138  129  119  109  101   95   92   88
   85   80   74   69   63   59   56   53   51   50   49   48   46   45   43   42
   41   41   40   39   39   40   44   51   64   81  100  118  135  150  166  181
  196  209  219  226  230  233  237  244  253
     2.5-180.0 180.0   5.0 450.0                            LAT/LON1/LON2/DLON/H
  250  258  267  274  280  284  284  281  275  270  266  262  258  252  244  237
  229  221  211  199  186  173  161  150  141  131  122  113  107  103  100   97
   94   89   83   76   70   64   60   57   55   54   53   52   51   48   47   45
   44   43   42   41   40   41   45   53   66   83  101  119  135  150  166  182
  197  210  220  227  232  235  238  243  250
