sample_files/i/ionex/irtg0100.21i
     1.0            IONOSPHERE MAPS     MIX                 IONEX VERSION / TYPE
tecrms2ionex_4.awk  UPC-IonSAT          01/10/21  101UT     PGM / RUN BY / DATE
Global ionosphere maps for day  10, 2021 (10- 1-2021)       DESCRIPTION
Contact address: Manuel Hernandez-Pajares                   DESCRIPTION
                 IonSAT research group                      DESCRIPTION
                 Technical Univ. of Catalonia (UPC-IonSAT)  DESCRIPTION
                 Mod. C3 Campus Nord UPC                    DESCRIPTION
                 E08034-Barcelona, SPAIN                    DESCRIPTION
                 e-mail:  manuel@ma4.upc.edu                DESCRIPTION
                                                            DESCRIPTION
Generated by single_epoch_2_ionex_unfixed_time_interval.py  DESCRIPTION
  2021     1    10     0     0     0                        EPOCH OF FIRST MAP
  2021     1    10    23    40     0                        EPOCH OF LAST MAP
  1200                                                      INTERVAL
    68                                                      # OF MAPS IN FILE
  COSZ                                                      MAPPING FUNCTION
     0.0                                                    ELEVATION CUTOFF
   999                                                      # OF STATIONS
    99                                                      # OF SATELLITES
  6371.0                                                    BASE RADIUS
     2                                                      MAP DIMENSION
   450.0 450.0   0.0                                        HGT1 / HGT2 / DHGT
    87.5 -87.5  -2.5                                        LAT1 / LAT2 / DLAT
  -180.0 180.0   5.0                                        LON1 / LON2 / DLON
    -1                                                      EXPONENT
TEC values in  0.1 TECUs; 9999 if no value available        COMMENT
                                                            END OF HEADER
[from data line 27456]
    65                                                      START OF TEC MAP
  2021     1    10    22    40     0                        EPOCH OF CURRENT MAP
    87.5-180.0 180.0   5.0 450.0                            LAT/LON1/LON2/DLON/H
   20   20   20   20   20   21   21   21   21   21   21   21   21   21   21   21
   21   21   21   21   20   21   20   20   20   20   19   19   19   19   18   18
   18   18   18   18   18   17   17   17   17   16   16   16   17   16   16   16
   16   16   16   16   16   16   16   17   17   17   17   17   17   17   18   18
   18   18   18   19   19   19   19   19   20
    85.0-180.0 180.0   5.0 450.0                            LAT/LON1/LON2/DLON/H
   20   20   21   21   22   22   22   23   23   23   24   24   24   24   24   24
   24   23   23   23   23   22   22   21   21   20   20   20   19   19   18   18
   18   18   17   16   16   16   16   16   15   15   15   15   15   15   15   15
   14   15   14   15   15   15   15   15   15   15   15   16   16   16   17   17
   17   17   18   18   18   19   19   19   20
    82.5-180.0 180.0   5.0 450.0                            LAT/LON1/LON2/DLON/H
   20   20   21   22   22   23   24   25   25   25   26   26   26   26   26   26
   26   25   25   25   24   23   23   22   22   21   20   20   19   19   18   18
   17   17   17   16   16   16   15   15   15   15   14   14   14   13   13   13
   13   13   13   13   13   14   14   14   14   14   14   15   15   15   15   16
   16   17   17   17   18   18   19   19   20
    80.0-180.0 180.0   5.0 450.0                            LAT/LON1/LON2/DLON/H
   19   20   21   22   23   24   25   26   27   28   28   28   28   28   28   28
   27   27   26   26   25   24   23   22   22   21   20   20   19   18   18   18
   17   17   16   16   16   16   15   15   14   15   14   14   13   13   13   13
   13   12   13   12   12   13   13   13   14   14   14   14   14   14   15   15
   15   16   16   16   17   17   18   19   19
    77.5-180.0 180.0   5.0 450.0                            LAT/LON1/LON2/DLON/H
   19   20   22   23   25   26   27   28   29   30   30   30   31   30   30   30
   29   28   27   26   25   24   23   22   21   20   20   19   19   18   18   17
   17   17   17   16   16   16   16   15   15   15   14   14   14   13   13   12
   13   12   12   12   12   12   12   13   13   13   13   14   14   14   14   14
   14   14   14   15   15   16   17   18   19
    75.0-180.0 180.0   5.0 450.0                            LAT/LON1/LON2/DLON/H
   20   21   23   25   27   28   30   32   32   33   33   34   33   33   32   31
   30   29   27   27   25   24   22   21   20   20   19   18   18   18   17   17
   17   16   17   16   16   16   15   15   15   15   14   14   14   13   13   12
   12   12   12   12   12   12   12   13   13   13   13   13   13   13   13   13
   13   13   13   14   14   16   17   18   20
    72.5-180.0 180.0   5.0 450.0                            LAT/LON1/LON2/DLON/H
   21   24   26   28   30   32   35   36   37   38   38   37   37   36   34   33
   31   30   28   26   25   23   22   21   19   19   18   18   17   17   17   16
   16   16   16   16   15   15   15   15   14   14   14   13   13   13   13   12
   12   12   12   12   12   12   12   12   12   12   12   13   13   12   12   12
   12   12   13   14   14   16   17   20   21
    70.0-180.0 180.0   5.0 450.0                            LAT/LON1/LON2/DLON/H
   25   27   30   33   36   38   40   41   42   43   43   42   41   39   37   35
   33   31   29   27   25   23   21   20   19   18   17   16   16   16   16   16
   15   15   15   14   14   14   13   13   13   12   13   12   12   12   12   12
   12   11   11   11   11   12   11   12   12   12   12   12   12   12   12   11
   11   12   13   14   15   17   19   22   25
    67.5-180.0 180.0   5.0 450.0                            LAT/LON1/LON2/DLON/H
   29   32   35   38   41   44   46   47   48   49   48   47   45   43   41   38
   36   33   31   28   25   24   21   20   18   17   16   16   15   16   15   15
   15   14   14   13   12   12   12   11   11   11   11   11   11   11   11   11
   11   10   11   11   10   11   11   11   12   11   12   11   11   11   10   11
   11   12   13   15   17   20   23   26   29
    65.0-180.0 180.0   5.0 450.0                            LAT/LON1/LON2/DLON/H
   34   37   41   44   47   49   51   53   54   54   53   52   49   47   44   42
   39   36   33   31   28   25   22   20   18   17   16   15   16   15   15   15
   14   14   13   12   11   11   10   10    9    9    9   10   10   10   10   10
   10   10   10   10   10   10   10   11   11   11   11   11   10   10   10   10
   11   13   15   17   20   23   27   30   34
    62.5-180.0 180.0   5.0 450.0                            LAT/LON1/LON2/DLON/H
   39   43   46   49   52   54   57   58   59   59   58   56   54   51   48   46
   43   40   37   34   30   27   24   21   19   18   17   16   16   16   16   16
   15   15   14   13   12   11   11   10   10   10   10   10   10   10   10   10
   10   11   10   10   10   10   10   11   11   11   10   11   10   10   10   11
   12   14   17   20   24   27   31   35   39
    60.0-180.0 180.0   5.0 450.0                            LAT/LON1/LON2/DLON/H
   44   47   50   54   56   58   61   62   63   63   62   60   58   55   53   50
   48   45   42   38   34   30   27   23   21   20   19   19   19   18   18   18
   17   17   17   16   15   14   13   13   12   12   12   12   12   12   12   12
   12   12   12   11   11   11   11   11   11   11   11   10   10   11   11   12
   14   17   20   24   28   32   36   41   44
    57.5-180.0 180.0   5.0 450.0                            LAT/LON1/LON2/DLON/H
   49   52   55   57   60   62   64   66   67   66   65   64   62   59   57   55
   53   50   47   43   39   34   30   27   24   23   23   22   23   23   22   22
   22   22   21   21   20   20   19   18   18   18   17   17   17   16   16   15
   15   14   13   13   13   12   12   12   12   12   12   12   12   12   13   15
   17   20   24   28   32   37   42   46   49
    55.0-180.0 180.0   5.0 450.0                            LAT/LON1/LON2/DLON/H
   55   58   60   62   64   66   68   70   70   70   69   67   65   63   61   60
   58   56   52   48   43   39   34   31   29   28   28   28   28   28   28   28
   28   28   28   28   28   27   27   26   26   25   24   23   23   22   21   20
   19   18   17   16   15   15   15   15   14   14   14   13   13   14   16   18
   21   25   29   33   38   43   47   52   55
    52.5-180.0 180.0   5.0 450.0                            LAT/LON1/LON2/DLON/H
   61   64   66   68   70   72   73   74   75   74   73   71   69   68   66   65
   63   61   58   54   49   44   40   37   35   34   34   34   35   35   35   35
   35   35   36   36   36   36   35   35   34   33   32   31   30   29   28   26
   25   24   22   21   20   19   19   18   18   18   17   16   16   17   19   22
   26   30   34   39   44   49   53   58   61
    50.0-180.0 180.0   5.0 450.0                            LAT/LON1/LON2/DLON/H
   68   71   73   75   77   78   79   80   80   80   78   76   74   72   71   69
   68   66   63   59   54   50   46   43   42   41   42   42   42   42   41   41
   42   42   43   43   44   44   43   42   42   41   40   39   37   36   35   33
   32   30   28   27   26   25   24   24   23   22   21   20   20   21   24   27
   31   35   40   44   49   55   60   64   68
    47.5-180.0 180.0   5.0 450.0                            LAT/LON1/LON2/DLON/H
   75   78   81   82   84   85   86   87   87   86   85   82   80   78   76   75
   73   71   68   64   60   56   53   51   50   50   50   50   50   48   47   47
   47   47   48   49   50   49   49   49   48   47   46   45   44   42   41   40
   38   36   35   33   32   31   30   30   29   28   26   25   25   26   28   32
   37   41   45   50   55   61   66   71   75
    45.0-180.0 180.0   5.0 450.0                            LAT/LON1/LON2/DLON/H
   81   85   88   90   92   93   94   94   94   93   91   89   86   83   82   80
   78   76   73   70   66   63   60   59   57   57   57   57   55   54   52   50
   50   51   52   53   53   53   53   53   52   51   50   49   48   47   47   46
   45   43   41   39   38   37   36   36   35   33   31   30   30   31   34   38
   42   46   50   54   60   66   72   77   81
    42.5-180.0 180.0   5.0 450.0                            LAT/LON1/LON2/DLON/H
   87   90   93   96   97   99  100  101  101  100   98   95   92   90   88   86
   84   81   78   75   73   70   68   66   65   64   63   62   60   57   54   53
   52   53   53   54   55   54   54   54   54   53   52   52   51   51   51   50
   49   48   47   46   44   43   43   42   41   39   37   35   35   36   39   43
   47   51   54   58   64   70   76   82   87
    40.0-180.0 180.0   5.0 450.0                            LAT/LON1/LON2/DLON/H
   91   94   97  100  101  103  104  105  105  105  103  101   98   95   93   91
   89   86   84   81   79   77   75   73   70   69   67   65   62   59   55   53
   52   53   53   54   54   54   54   54   54   54   53   53   53   53   53   54
   54   53   52   50   49   49   48   47   45   44   42   40   40   41   44   49
   52   55   58   62   67   74   81   86   91
    37.5-180.0 180.0   5.0 450.0                            LAT/LON1/LON2/DLON/H
   94   97   99  101  103  104  105  106  108  108  107  105  103  101   98   97
   94   92   89   87   85   84   81   78   75   72   69   66   63   59   55   54
   53   53   53   54   54   54   54   54   54   54   54   54   54   55   56   56
   56   56   55   54   53   52   51   50   49   47   46   44   44   46   50   54
   57   60   62   65   71   78   84   90   94
    35.0-180.0 180.0   5.0 450.0                            LAT/LON1/LON2/DLON/H
   97   98  100  102  104  104  106  107  109  111  111  109  107  105  104  102
  100   97   95   93   91   89   86   82   77   73   70   67   63   59   56   54
   54   54   54   54   54   54   54   55   56   55   55   55   55   56   57   57
   58   57   56   56   55   53   53   52   51   49   48   47   48   51   55   59
   62   64   66   70   75   82   89   94   97
    32.5-180.0 180.0   5.0 450.0                            LAT/LON1/LON2/DLON/H
  101  102  103  104  105  106  107  108  111  113  114  114  112  110  110  108
  106  104  101   99   97   94   90   85   79   74   70   67   63   61   58   57
   56   56   56   56   56   56   56   57   57   57   57   56   56   56   57   58
   58   57   57   56   55   54   53   52   51   50   49   49   51   55   60   64
   67   69   72   75   81   88   94   98  101
    30.0-180.0 180.0   5.0 450.0                            LAT/LON1/LON2/DLON/H
  107  108  109  110  110  110  111  113  116  119  120  120  118  117  116  115
  113  111  107  105  102   98   93   87   80   75   71   69   66   64   62   61
   61   61   60   60   59   59   59   59   60   59   58   57   57   57   57   57
   57   56   56   54   53   52   51   50   49   49   49   51   53   58   64   69
   73   75   78   82   89   96  101  106  107
    27.5-180.0 180.0   5.0 450.0                            LAT/LON1/LON2/DLON/H
  118  118  120  121  121  121  121  124  127  130  131  130  127  125  124  123
  121  118  115  111  107  103   96   89   82   77   74   72   71   69   68   68
   67   67   65   64   63   62   61   61   61   61   60   58   57   57   57   56
   56   55   53   52   51   49   48   47   46   47   48   51   56   62   68   74
   78   82   86   91   98  105  112  116  118
    25.0-180.0 180.0   5.0 450.0                            LAT/LON1/LON2/DLON/H
  131  133  136  138  139  138  139  142  145  147  147  144  140  137  135  133
  131  128  123  119  113  107  100   93   86   82   80   79   78   78   77   76
   75   73   71   68   66   64   63   63   62   61   60   58   57   55   55   55
   53   52   51   49   47   46   44   43   43   44   46   50   56   63   71   78
   84   89   94  101  109  117  124  128  131
    22.5-180.0 180.0   5.0 450.0                            LAT/LON1/LON2/DLON/H
  147  152  156  159  161  162  163  166  168  170  168  163  157  151  148  145
  142  138  133  127  121  114  106   99   94   91   90   89   89   87   86   84
   82   79   75   72   68   65   63   62   61   60   59   57   54   54   52   52
   50   49   47   46   44   42   41   40   40   41   44   49   56   65   73   82
   89   96  103  112  120  129  137  143  147
    20.0-180.0 180.0   5.0 450.0                            LAT/LON1/LON2/DLON/H
  165  171  178  183  187  188  190  193  196  196  193  185  177  170  164  160
  156  151  145  138  130  122  115  108  105  102  102  101  100   98   96   93
   89   84   79   73   69   65   63   60   59   57   56   54   51   50   49   48
   47   46   44   42   41   39   37   37   36   38   41   48   56   66   75   85
   94  103  112  122  132  141  150  158  165
    17.5-180.0 180.0   5.0 450.0                            LAT/LON1/LON2/DLON/H
  180  189  198  205  210  214  217  221  223  223  218  209  199  188  181  175
  170  165  158  150  142  134  126  121  118  117  116  114  113  109  105  100
   94   88   81   75   70   65   61   58   55   54   53   50   48   47   45   44
   44   42   40   39   37   36   35   34   34   36   40   46   56   66   77   88
   99  109  121  132  142  152  161  171  180
    15.0-180.0 180.0   5.0 450.0                            LAT/LON1/LON2/DLON/H
  192  203  213  222  229  235  240  244  247  247  241  231  219  208  198  191
  185  180  173  165  156  147  140  135  133  132  131  128  124  119  113  106
   98   91   83   76   70   65   60   56   54   52   50   48   45   43   42   41
   40   39   37   36   35   34   33   32   32   33   38   45   55   67   78   90
  103  115  128  140  150  160  171  181  192
    12.5-180.0 180.0   5.0 450.0                            LAT/LON1/LON2/DLON/H
  200  212  223  232  240  248  254  260  264  264  258  249  236  225  214  207
  201  195  188  180  171  162  156  152  150  148  145  141  135  128  120  112
  103   94   86   78   72   66   61   56   53   51   49   46   43   41   40   38
   37   36   35   34   33   32   32   31   31   33   37   45   56   68   80   93
  106  120  134  146  157  166  177  189  200
    10.0-180.0 180.0   5.0 450.0                            LAT/LON1/LON2/DLON/H
  204  215  226  235  244  252  260  267  272  273  269  260  249  238  228  221
  215  210  203  196  187  179  172  168  166  163  158  152  144  136  127  118
  107   98   89   82   75   69   64   60   56   53   50   47   44   41   39   37
   36   35   33   32   32   31   31   30   30   32   36   45   56   69   82   95
  109  124  139  151  161  171  181  192  204
     7.5-180.0 180.0   5.0 450.0                            LAT/LON1/LON2/DLON/H
  205  215  223  231  240  249  258  266  272  274  272  266  257  248  239  232
  227  223  218  211  203  195  188  183  180  175  169  161  152  142  133  123
  113  104   95   88   81   75   70   66   61   58   54   50   46   42   40   37
   36   34   33   32   31   31   31   30   29   31   36   45   57   71   84   98
  112  128  142  154  165  174  184  194  205
     5.0-180.0 180.0   5.0 450.0                            LAT/LON1/LON2/DLON/H
  205  213  219  225  233  241  251  260  266  270  270  267  262  255  248  241
  238  234  231  224  217  209  202  197  191  185  177  168  159  149  139  129
  120  110  102   95   89   83   78   73   69   64   60   55   50   46   42   39
   37   35   34   33   32   31   31   30   30   31   37   46   59   72   86  100
  115  130  145  158  168  177  187  196  205
     2.5-180.0 180.0   5.0 450.0                            LAT/LON1/LON2/DLON/H
  206  212  216  220  226  234  243  252  259  264  266  266  264  260  255  250
  246  244  241  236  229  221  214  207  201  193  184  174  164  155  145  136
  127  118  110  103   97   91   86   81   76   71   66   60   55   50   46   42
   40   37   36   34   34   33   31   30   30   32   37   47   60   74   88  102
  116  132  147  160  171  180  190  199  206
