sample_files/i/ionex/irtg0010.21i
     1.0            IONOSPHERE MAPS     GPS                 IONEX VERSION / TYPE
tecrms2ionex_4.awk  UPC-IonSAT          06/17/21  206UT     PGM / RUN BY / DATE
Global ionosphere maps for day   1, 2021 ( 1- 1-2021)       DESCRIPTION
Contact address: Manuel Hernandez-Pajares                   DESCRIPTION
                 IonSAT research group                      DESCRIPTION
                 Technical Univ. of Catalonia (UPC-IonSAT)  DESCRIPTION
                 Mod. C3 Campus Nord UPC                    DESCRIPTION
                 E08034-Barcelona, SPAIN                    DESCRIPTION
                 e-mail:  manuel@ma4.upc.edu                DESCRIPTION
                                                            DESCRIPTION
  2021     1     1     1    35     0                        EPOCH OF FIRST MAP
  2021     1     1    23    35     0                        EPOCH OF LAST MAP
  1200                                                      INTERVAL
    67                                                      # OF MAPS IN FILE
  COSZ                                                      MAPPING FUNCTION
     0.0                                                    ELEVATION CUTOFF
    99                                                      # OF STATIONS
    33                                                      # OF SATELLITES
  6371.0                                                    BASE RADIUS
     2                                                      MAP DIMENSION
   450.0 450.0   0.0                                        HGT1 / HGT2 / DHGT
    87.5 -87.5  -2.5                                        LAT1 / LAT2 / DLAT
  -180.0 180.0   5.0                                        LON1 / LON2 / DLON
    -1                                                      EXPONENT
TEC values in  0.1 TECUs; 9999 if no value available        COMMENT
Validation with JASON: <TEC_JASON - TEC_GPS>  [TECU]        DESCRIPTION
         (reference day of year: 001)                       DESCRIPTION
                                                            DESCRIPTION
           Bias   Sigma     RMS    VTEC   %ERR    #OBS      DESCRIPTION
          -2.72    3.35    4.31   10.13   42.6   45699      DESCRIPTION
                                                            DESCRIPTION
UT(hours)  Bias   Sigma     RMS    VTEC   %ERR    #OBS      DESCRIPTION
   2.00   -1.91    3.09    3.64   12.14   30.0    3413      DESCRIPTION
   4.00   -2.47    2.93    3.83    8.39   45.7    4902      DESCRIPTION
   6.00   -1.55    2.52    2.95   10.82   27.3    3548      DESCRIPTION
   8.00   -2.03    3.43    3.99   16.17   24.7    2698      DESCRIPTION
  10.00   -2.74    3.25    4.25    9.71   43.7    4667      DESCRIPTION
  12.00   -2.98    2.67    4.00    5.12   78.2    3639      DESCRIPTION
  14.00   -4.05    2.99    5.03    8.25   61.0    4371      DESCRIPTION
  16.00   -3.25    3.44    4.73   11.00   43.0    4537      DESCRIPTION
  18.00   -2.86    2.63    3.89    6.87   56.6    3055      DESCRIPTION
  20.00   -3.60    2.96    4.66    8.82   52.8    4882      DESCRIPTION
  22.00   -2.61    3.27    4.18   11.25   37.2    4063      DESCRIPTION
  24.00   -0.95    6.46    6.53   20.10   32.5    1924      DESCRIPTION
                                                            DESCRIPTION
Lat(deg)   Bias   Sigma     RMS    VTEC   %ERR    #OBS      DESCRIPTION
 -60.00   -1.41    2.51    2.88    9.20   31.3   11143      DESCRIPTION
 -40.00   -2.30    2.35    3.29    9.37   35.1    9346      DESCRIPTION
 -20.00   -2.83    5.02    5.77   16.82   34.3    6453      DESCRIPTION
   0.00   -4.88    3.61    6.07   13.35   45.4    6357      DESCRIPTION
  20.00   -3.49    3.26    4.77   10.60   45.0    5597      DESCRIPTION
  40.00   -3.25    2.14    3.89    3.88  100.2    4519      DESCRIPTION
  60.00   -1.61    1.74    2.37    1.07  221.5    2284      DESCRIPTION
                                                            END OF HEADER
[from data line 18876]
    45                                                      START OF TEC MAP
  2021     1     1    16    15     0                        EPOCH OF CURRENT MAP
    87.5-180.0 180.0   5.0 450.0                            LAT/LON1/LON2/DLON/H
   18   18   18   18   18   18   18   18   18   18   18   18   18   18   18   18
   18   18   18   18   18   19   19   19   19   19   19   19   19   19   19   20
   19   19   19   19   19   20   20   20   20   20   20   20   20   20   20   19
   20   20   20   19   19   19   19   19   19   19   19   19   19   18   18   18
   18   18   18   18   18   18   17   17   18
    85.0-180.0 180.0   5.0 450.0                            LAT/LON1/LON2/DLON/H
   16   16   16   16   16   16   16   17   17   17   17   17   17   18   18   18
   18   18   18   18   18   18   19   19   19   19   19   19   19   19   19   20
   20   20   20   20   20   20   20   21   21   21   21   20   21   21   20   20
   20   20   20   20   19   19   19   19   19   19   18   18   18   18   17   17
   17   17   17   17   17   17   16   16   16
    82.5-180.0 180.0   5.0 450.0                            LAT/LON1/LON2/DLON/H
   15   15   15   15   15   15   15   16   16   16   16   17   17   17   18   18
   19   18   19   19   19   19   19   20   19   19   20   19   19   19   20   20
   20   20   20   20   20   20   21   21   21   21   21   21   21   21   21   20
   20   20   20   20   19   19   19   19   18   18   18   18   18   17   17   16
   16   16   16   16   15   15   15   15   15
    80.0-180.0 180.0   5.0 450.0                            LAT/LON1/LON2/DLON/H
   14   14   14   14   14   15   15   15   15   16   16   17   18   18   19   19
   20   20   20   21   21   21   21   21   21   21   21   21   20   19   20   20
   19   20   20   20   20   21   20   20   21   21   21   21   21   20   20   20
   20   19   19   19   19   18   18   18   18   18   17   17   17   17   16   16
   16   15   15   15   14   14   14   14   14
    77.5-180.0 180.0   5.0 450.0                            LAT/LON1/LON2/DLON/H
   13   13   13   13   14   14   14   14   15   16   16   17   18   19   20   21
   21   23   23   24   25   25   25   25   24   24   23   23   21   21   20   20
   20   20   20   20   20   20   20   21   21   21   21   20   20   20   19   19
   18   18   18   18   18   18   17   18   17   17   17   17   17   16   16   15
   15   15   14   14   14   14   14   13   13
    75.0-180.0 180.0   5.0 450.0                            LAT/LON1/LON2/DLON/H
   14   13   13   13   13   14   14   15   15   15   16   17   18   20   21   22
   24   26   27   28   29   30   30   30   29   28   27   26   24   23   22   21
   20   20   20   20   20   20   20   20   20   20   19   19   19   18   17   17
   17   17   17   16   16   17   17   17   17   17   17   17   16   16   16   15
   15   15   15   14   14   13   13   13   14
    72.5-180.0 180.0   5.0 450.0                            LAT/LON1/LON2/DLON/H
   14   14   14   14   13   14   14   14   14   15   16   17   19   20   22   24
   27   29   32   34   35   36   37   36   36   34   32   30   28   26   24   23
   22   21   20   20   20   19   19   19   19   18   18   17   17   17   16   15
   15   15   15   15   15   16   16   16   16   16   16   16   16   16   16   16
   15   15   15   14   14   14   14   14   14
    70.0-180.0 180.0   5.0 450.0                            LAT/LON1/LON2/DLON/H
   15   14   14   14   14   14   14   14   14   14   16   17   19   21   24   26
   30   33   36   39   41   43   44   44   43   41   39   36   33   30   27   25
   23   21   20   20   19   18   18   18   17   17   16   16   15   15   14   14
   13   14   13   14   14   15   15   16   16   16   16   16   16   16   16   16
   15   15   15   15   14   15   15   15   15
    67.5-180.0 180.0   5.0 450.0                            LAT/LON1/LON2/DLON/H
   15   15   15   15   14   14   14   13   13   14   15   16   18   21   25   28
   32   36   40   44   47   49   51   51   50   48   45   41   38   34   31   27
   25   23   21   20   19   18   17   16   16   15   15   14   14   13   13   12
   12   13   13   13   13   14   14   15   15   15   16   15   16   15   15   15
   15   15   15   15   15   15   15   15   15
    65.0-180.0 180.0   5.0 450.0                            LAT/LON1/LON2/DLON/H
   16   16   16   16   15   15   14   13   14   13   15   16   19   22   26   30
   35   40   44   49   52   56   57   57   57   54   51   47   44   39   35   32
   28   25   23   21   19   17   16   15   14   14   13   13   13   13   12   12
   12   12   12   13   13   13   14   14   14   15   15   15   15   15   15   15
   15   15   15   15   15   15   16   16   16
    62.5-180.0 180.0   5.0 450.0                            LAT/LON1/LON2/DLON/H
   16   17   17   16   16   15   15   14   14   14   15   17   19   23   28   32
   38   43   48   53   57   60   63   63   62   60   57   53   49   45   41   37
   32   29   26   23   20   18   16   15   14   13   13   13   13   13   13   13
   12   13   13   13   14   14   14   14   15   15   15   15   15   15   15   15
   15   15   15   15   15   15   16   16   16
    60.0-180.0 180.0   5.0 450.0                            LAT/LON1/LON2/DLON/H
   17   18   18   18   17   17   16   15   14   15   16   18   21   26   30   35
   41   46   52   57   61   64   67   68   67   65   63   60   56   52   47   43
   39   35   30   27   23   20   18   16   15   15   14   14   14   14   14   14
   14   14   14   14   15   15   16   16   16   16   16   16   16   16   16   16
   16   16   16   16   16   16   16   17   17
    57.5-180.0 180.0   5.0 450.0                            LAT/LON1/LON2/DLON/H
   19   20   20   20   20   19   18   17   17   17   19   21   25   29   34   40
   45   51   56   61   65   68   71   72   72   70   69   66   63   60   56   52
   47   42   37   33   28   25   21   19   18   17   17   17   17   17   17   17
   17   17   18   18   18   18   18   18   19   19   18   19   19   19   19   19
   18   18   18   18   17   18   18   18   19
    55.0-180.0 180.0   5.0 450.0                            LAT/LON1/LON2/DLON/H
   22   23   23   23   23   23   22   20   20   20   22   25   29   34   40   46
   51   56   61   65   69   72   75   76   76   76   74   73   71   69   65   61
   56   51   46   40   35   30   26   24   23   22   22   22   22   22   22   22
   22   22   22   22   23   23   23   23   23   23   23   23   23   23   23   22
   22   21   21   21   21   20   21   21   22
    52.5-180.0 180.0   5.0 450.0                            LAT/LON1/LON2/DLON/H
   26   27   28   28   28   27   26   25   24   25   27   31   35   41   47   53
   58   62   67   70   74   77   80   81   82   81   81   80   79   77   75   71
   66   60   54   48   42   37   33   30   29   29   28   29   29   28   28   28
   28   28   28   29   29   29   30   30   30   30   30   30   30   29   29   28
   27   27   26   26   25   25   25   26   26
    50.0-180.0 180.0   5.0 450.0                            LAT/LON1/LON2/DLON/H
   32   33   34   34   33   32   31   29   30   30   33   37   42   48   55   60
   65   69   73   77   81   84   86   88   88   89   88   88   87   86   83   79
   74   68   62   56   51   46   41   38   37   36   36   36   36   36   35   35
   35   35   35   36   37   37   38   38   38   37   37   37   37   36   35   34
   33   32   32   32   31   31   31   32   32
    47.5-180.0 180.0   5.0 450.0                            LAT/LON1/LON2/DLON/H
   39   39   40   40   39   38   36   35   35   37   40   44   50   56   62   68
   73   77   81   85   88   92   94   95   96   96   96   95   95   93   90   86
   81   75   69   63   58   53   50   46   45   44   44   44   44   44   43   42
   42   42   43   44   45   45   46   46   46   45   45   44   44   43   42   40
   39   38   38   38   38   38   38   38   39
    45.0-180.0 180.0   5.0 450.0                            LAT/LON1/LON2/DLON/H
   44   45   45   45   44   43   41   40   41   43   47   51   57   64   70   76
   80   84   88   92   97  100  103  104  104  104  103  102  101   99   95   91
   86   80   75   70   66   61   57   54   52   52   52   52   52   51   50   49
   49   49   50   52   52   53   53   54   53   53   52   51   50   49   47   46
   44   44   43   43   44   44   44   44   44
    42.5-180.0 180.0   5.0 450.0                            LAT/LON1/LON2/DLON/H
   50   50   50   50   49   47   46   46   47   50   54   59   65   71   77   82
   87   91   95  100  105  109  112  112  112  111  109  108  106  104   99   95
   89   85   80   77   73   69   65   62   60   59   59   59   59   58   57   56
   55   56   57   58   59   60   60   59   59   58   57   56   55   53   52   50
   48   47   47   47   48   49   49   49   50
    40.0-180.0 180.0   5.0 450.0                            LAT/LON1/LON2/DLON/H
   52   52   52   52   52   50   49   50   52   56   61   67   73   78   83   87
   92   97  102  108  113  117  120  121  119  117  116  114  112  108  103   98
   94   90   87   84   80   76   73   69   67   65   65   65   65   64   63   62
   61   61   62   63   65   65   65   64   63   62   61   60   58   57   55   53
   50   50   50   51   52   52   53   52   52
    37.5-180.0 180.0   5.0 450.0                            LAT/LON1/LON2/DLON/H
   53   52   53   53   52   51   51   53   56   62   68   74   80   85   89   93
   98  102  108  114  120  125  127  127  126  124  122  120  117  113  109  104
  101   97   95   93   90   86   81   77   74   71   71   71   71   70   68   67
   66   66   67   68   68   69   69   67   66   65   63   62   60   58   57   54
   52   51   51   52   53   54   54   53   53
    35.0-180.0 180.0   5.0 450.0                            LAT/LON1/LON2/DLON/H
   52   52   52   52   52   52   52   55   60   67   74   81   86   90   95   98
  102  108  113  120  126  131  133  133  132  129  128  126  125  121  117  114
  111  110  108  106  103   97   92   85   81   78   77   77   76   75   73   71
   70   70   70   71   72   72   71   70   68   66   64   63   62   60   58   55
   53   52   52   53   54   54   54   53   52
    32.5-180.0 180.0   5.0 450.0                            LAT/LON1/LON2/DLON/H
   51   50   51   51   51   51   53   57   64   72   80   87   92   97  100  104
  108  113  118  125  132  137  139  138  137  135  135  135  134  132  130  129
  128  127  126  123  118  112  104   96   89   85   83   83   82   81   79   77
   75   74   74   74   74   74   73   71   69   67   65   64   62   61   58   57
   55   54   53   54   54   54   53   52   51
    30.0-180.0 180.0   5.0 450.0                            LAT/LON1/LON2/DLON/H
   49   49   49   49   50   50   53   58   66   76   85   92   98  102  106  109
  113  118  124  130  137  141  143  143  142  143  144  146  148  148  148  148
  148  148  147  144  137  129  119  108  100   94   91   90   89   88   85   82
   79   78   77   78   77   77   75   72   70   68   66   65   63   62   60   59
   57   55   55   54   54   53   52   51   49
    27.5-180.0 180.0   5.0 450.0                            LAT/LON1/LON2/DLON/H
   49   48   48   48   48   50   53   59   68   80   89   97  103  108  112  115
  120  125  130  136  141  145  147  148  149  151  155  160  164  167  169  171
  173  173  171  166  158  147  135  123  112  104  100   98   97   95   93   89
   85   83   82   81   80   79   77   74   71   69   67   65   64   63   62   61
   60   59   57   56   55   53   52   50   49
    25.0-180.0 180.0   5.0 450.0                            LAT/LON1/LON2/DLON/H
   49   48   48   48   49   50   54   61   71   83   93  102  108  114  118  122
  127  132  136  141  146  150  152  154  157  162  169  176  183  188  192  195
  197  197  195  189  179  166  152  138  126  116  111  108  106  104  101   96
   92   89   86   85   84   82   79   76   72   70   68   67   66   65   64   63
   63   62   60   58   56   54   52   51   49
    22.5-180.0 180.0   5.0 450.0                            LAT/LON1/LON2/DLON/H
   50   49   48   49   49   51   56   63   74   86   97  106  113  120  125  130
  135  139  143  147  151  155  159  162  167  174  184  194  203  209  214  217
  220  219  215  208  197  184  169  154  141  130  123  118  115  113  108  104
   99   95   91   89   87   84   81   77   73   70   69   67   67   66   66   66
   65   64   62   59   57   55   54   52   50
    20.0-180.0 180.0   5.0 450.0                            LAT/LON1/LON2/DLON/H
   52   51   50   50   51   53   57   66   77   90  101  111  119  126  133  139
  143  148  151  155  158  162  167  172  180  189  200  212  221  228  232  235
  237  236  231  223  212  199  184  169  156  144  136  130  125  120  116  110
  104   99   95   92   89   86   82   77   74   71   69   67   67   67   66   66
   67   66   64   61   58   56   54   53   52
    17.5-180.0 180.0   5.0 450.0                            LAT/LON1/LON2/DLON/H
   52   51   50   50   51   54   60   69   81   94  106  117  126  134  142  149
  153  158  161  163  166  172  177  185  194  205  216  227  236  242  245  247
  247  245  241  233  222  211  198  184  171  158  148  141  134  128  121  115
  108  103   98   94   90   86   82   77   74   71   69   68   67   66   66   66
   66   65   63   60   57   55   54   53   52
    15.0-180.0 180.0   5.0 450.0                            LAT/LON1/LON2/DLON/H
   51   50   49   49   50   55   62   72   85   99  112  123  133  143  152  159
  164  168  171  173  177  182  190  199  210  221  231  241  248  251  253  253
  252  249  245  238  230  220  209  197  185  172  161  151  141  133  125  118
  111  105  100   95   91   86   82   77   74   71   69   68   66   65   64   64
   64   63   61   58   56   54   52   52   51
    12.5-180.0 180.0   5.0 450.0                            LAT/LON1/LON2/DLON/H
   48   48   47   47   50   55   64   75   90  104  118  130  142  152  162  170
  177  180  182  185  189  196  205  215  226  237  246  253  256  257  256  255
  252  250  246  241  235  227  219  209  198  186  173  160  148  137  127  119
  112  107  101   96   91   87   82   78   74   71   70   68   67   65   63   62
   61   60   58   55   52   50   49   49   48
    10.0-180.0 180.0   5.0 450.0                            LAT/LON1/LON2/DLON/H
   45   44   44   44   47   54   64   78   94  109  124  137  150  162  173  181
  188  193  195  198  203  211  221  232  243  251  258  262  263  261  258  255
  252  250  247  244  240  235  229  221  211  199  185  169  154  140  129  120
  114  108  103   98   94   89   85   81   77   74   72   70   68   65   62   60
   59   57   54   52   49   47   46   45   45
     7.5-180.0 180.0   5.0 450.0                            LAT/LON1/LON2/DLON/H
   41   40   40   41   45   52   65   80   98  114  130  145  158  171  182  192
  199  205  209  212  219  227  237  249  259  266  270  270  268  265  261  258
  255  253  251  249  247  244  240  233  224  212  196  178  161  145  132  123
  117  112  108  103   98   94   90   85   82   78   76   73   71   68   63   60
   57   55   52   49   47   44   43   42   41
     5.0-180.0 180.0   5.0 450.0                            LAT/LON1/LON2/DLON/H
   38   37   36   37   42   52   66   83  101  119  136  151  166  179  191  201
  209  216  222  227  234  243  254  265  274  279  280  279  275  272  268  265
  262  261  260  259  257  255  251  246  237  224  208  188  168  151  137  128
  123  118  115  111  106  102   98   94   89   85   82   79   75   71   66   61
   58   55   52   49   46   43   41   39   38
     2.5-180.0 180.0   5.0 450.0                            LAT/LON1/LON2/DLON/H
   37   35   34   35   41   51   67   85  104  123  140  157  172  186  198  208
  218  226  233  241  249  258  268  279  286  291  291  289  286  282  280  278
  277  276  274  273  271  269  265  259  250  236  219  198  177  159  145  137
  132  128  125  121  117  113  109  104   99   93   89   85   82   77   71   65
   60   57   54   51   48   44   41   39   37
