sample_files/i/ionex/irtg0100.21i
     1.0            IONOSPHERE MAPS     MIX                 IONEX VERSION / TYPE
tecrms2ionex_4.awk  UPC-IonSAT          01/10/21  101UT     PGM / RUN BY / DATE
Global ionosphere maps for day  10, 2021 (10- 1-2021)       DESCRIPTION
Contact address: Manuel Hernandez-Pajares                   DESCRIPTION
                 IonSAT research group                      DESCRIPTION
                 Technical Univ. of Catalonia (UPC-IonSAT)  DESCRIPTION
                 Mod. C3 Campus Nord UPC                    DESCRIPTION
                 E08034-Barcelona, SPAIN                    DESCRIPTION
                 e-mail:  manuel@ma4.upc.edu                DESCRIPTION
                                                            DESCRIPTION
Generated by single_epoch_2_ionex_unfixed_time_interval.py  DESCRIPTION
  2021     1    10     0     0     0                        EPOCH OF FIRST MAP
  2021     1    10    23    40     0                        EPOCH OF LAST MAP
  1200                                                      INTERVAL
    68                                                      # OF MAPS IN FILE
  COSZ                                                      MAPPING FUNCTION
     0.0                                                    ELEVATION CUTOFF
   999                                                      # OF STATIONS
    99                                                      # OF SATELLITES
  6371.0                                                    BASE RADIUS
     2                                                      MAP DIMENSION
   450.0 450.0   0.0                                        HGT1 / HGT2 / DHGT
    87.5 -87.5  -2.5                                        LAT1 / LAT2 / DLAT
  -180.0 180.0   5.0                                        LON1 / LON2 / DLON
    -1                                                      EXPONENT
TEC values in  0.1 TECUs; 9999 if no value available        COMMENT
                                                            END OF HEADER
[from data line 17160]
    41                                                      START OF TEC MAP
  2021     1    10    14    40     0                        EPOCH OF CURRENT MAP
    87.5-180.0 180.0   5.0 450.0                            LAT/LON1/LON2/DLON/H
   17   17   17   17   17   17   17   17   17   17   17   17   17   17   17   17
   18   18   18   18   18   18   18   18   19   19   19   19   20   20   20   20
   20   20   20   21   21   21   21   21   20   21   21   21   20   20   20   20
   20   20   20   20   20   20   20   20   19   19   19   19   19   19   18   18
   18   18   18   18   17   18   18   18   17
    85.0-180.0 180.0   5.0 450.0                            LAT/LON1/LON2/DLON/H
   16   16   15   15   15   15   15   15   15   15   15   15   15   15   15   16
   16   16   16   17   17   17   18   18   18   19   19   20   20   21   21   21
   22   22   22   22   22   22   22   22   22   22   22   22   22   21   21   21
   21   21   21   20   20   20   20   20   19   19   19   18   19   18   18   18
   17   17   17   17   17   16   16   16   16
    82.5-180.0 180.0   5.0 450.0                            LAT/LON1/LON2/DLON/H
   15   14   14   14   14   14   14   14   14   14   13   13   14   13   14   14
   14   15   15   15   15   16   17   18   18   19   19   20   21   22   22   22
   23   23   24   23   24   24   24   23   23   23   23   22   22   22   21   21
   20   20   20   20   20   19   19   19   19   18   18   18   17   18   17   17
   16   16   16   16   15   15   15   15   15
    80.0-180.0 180.0   5.0 450.0                            LAT/LON1/LON2/DLON/H
   14   14   13   13   13   13   13   13   13   12   12   12   12   12   12   13
   13   13   14   14   15   16   17   18   19   20   21   22   23   24   24   25
   25   25   25   25   25   25   24   24   24   23   23   22   22   21   21   20
   20   19   19   19   18   18   18   18   18   17   17   17   17   16   16   16
   16   15   15   15   15   14   14   14   14
    77.5-180.0 180.0   5.0 450.0                            LAT/LON1/LON2/DLON/H
   13   13   13   13   13   13   13   13   12   12   12   12   12   12   11   12
   12   13   13   14   15   16   17   18   20   21   23   23   24   25   26   26
   27   27   27   27   26   26   25   25   24   23   22   22   21   20   20   19
   18   19   18   18   18   17   17   17   17   17   16   16   16   16   16   16
   15   15   14   14   14   14   13   13   13
    75.0-180.0 180.0   5.0 450.0                            LAT/LON1/LON2/DLON/H
   13   13   13   13   13   13   13   13   13   12   12   12   11   11   11   11
   12   13   13   14   15   17   18   20   22   23   25   26   27   27   28   29
   29   29   28   28   27   26   25   24   23   22   21   20   20   19   18   18
   18   17   17   17   17   17   16   16   16   16   16   15   16   16   15   15
   14   14   14   14   13   13   13   13   13
    72.5-180.0 180.0   5.0 450.0                            LAT/LON1/LON2/DLON/H
   13   13   13   13   14   13   13   13   13   13   12   12   11   11   11   12
   12   13   14   15   17   19   21   22   24   26   27   28   29   30   30   31
   30   30   29   29   27   26   25   24   23   22   21   20   19   18   17   17
   17   16   16   16   16   15   15   15   15   15   15   15   15   15   15   15
   14   14   14   13   14   13   13   13   13
    70.0-180.0 180.0   5.0 450.0                            LAT/LON1/LON2/DLON/H
   14   14   14   14   14   14   14   14   13   13   12   12   12   11   11   12
   12   14   15   17   19   21   24   25   27   29   30   32   32   33   33   33
   32   31   30   29   28   27   25   24   23   22   20   19   19   17   17   16
   16   16   15   15   15   15   14   15   15   15   15   15   15   15   15   14
   14   14   14   14   14   13   13   13   14
    67.5-180.0 180.0   5.0 450.0                            LAT/LON1/LON2/DLON/H
   14   15   15   14   15   14   14   14   13   12   12   12   11   11   11   12
   13   14   16   18   21   24   26   29   31   33   34   35   36   36   36   35
   35   33   32   31   30   28   27   25   24   23   21   20   19   17   16   16
   15   15   15   15   14   14   14   14   14   14   14   15   15   15   15   15
   15   14   14   14   14   14   14   14   14
    65.0-180.0 180.0   5.0 450.0                            LAT/LON1/LON2/DLON/H
   15   15   15   15   15   14   14   13   13   12   12   12   12   11   12   12
   14   15   18   20   23   27   29   32   34   36   38   39   39   39   39   39
   38   37   35   34   32   31   29   28   27   25   23   22   20   18   17   16
   15   15   14   14   14   14   13   14   14   14   15   14   15   15   15   15
   15   15   14   14   15   14   15   15   15
    62.5-180.0 180.0   5.0 450.0                            LAT/LON1/LON2/DLON/H
   16   16   16   16   15   14   14   14   13   13   12   12   11   11   12   13
   14   16   19   22   26   30   33   36   38   40   42   43   44   44   44   43
   42   41   39   38   37   35   34   32   30   29   26   24   22   19   17   16
   15   14   14   13   13   13   14   13   14   14   15   15   15   15   15   15
   15   15   15   15   15   15   16   16   16
    60.0-180.0 180.0   5.0 450.0                            LAT/LON1/LON2/DLON/H
   18   18   17   16   16   15   14   14   14   13   13   12   12   12   12   14
   15   18   22   25   29   33   36   39   42   45   47   48   49   50   50   50
   49   48   46   44   43   41   39   38   36   34   31   28   25   22   19   17
   15   15   14   14   13   14   14   14   14   15   15   15   15   16   16   16
   16   16   16   16   16   17   17   17   18
    57.5-180.0 180.0   5.0 450.0                            LAT/LON1/LON2/DLON/H
   19   19   19   18   17   16   15   15   15   14   14   13   13   13   14   15
   17   21   24   29   32   37   40   44   47   50   52   54   55   57   58   57
   56   55   54   52   50   48   47   45   43   41   37   33   29   25   22   19
   17   16   15   15   15   15   15   16   16   16   17   17   17   17   18   17
   17   17   18   18   18   19   19   19   19
    55.0-180.0 180.0   5.0 450.0                            LAT/LON1/LON2/DLON/H
   22   22   21   20   19   18   17   17   17   17   16   16   16   16   16   18
   21   24   28   33   37   42   46   49   52   55   58   61   62   64   65   65
   65   64   62   60   58   56   54   52   50   47   44   39   34   30   25   22
   20   18   18   17   18   18   18   18   19   19   19   19   19   20   20   20
   20   20   20   21   21   22   22   22   22
    52.5-180.0 180.0   5.0 450.0                            LAT/LON1/LON2/DLON/H
   26   25   24   24   23   22   21   21   20   20   19   19   19   18   20   22
   25   29   33   38   43   47   52   55   59   62   65   67   69   71   72   73
   72   71   70   68   65   63   61   59   57   54   50   46   41   35   30   27
   24   23   22   22   22   22   22   22   23   22   22   23   23   23   23   24
   24   24   24   24   25   25   26   26   26
    50.0-180.0 180.0   5.0 450.0                            LAT/LON1/LON2/DLON/H
   30   29   29   28   27   26   25   25   25   24   23   23   22   23   24   26
   30   34   39   44   49   54   58   62   66   69   72   74   76   77   78   78
   79   78   76   74   72   69   67   65   63   60   56   52   46   41   37   33
   30   29   28   28   27   27   27   27   27   27   27   27   27   28   28   29
   29   29   29   29   30   30   30   30   30
    47.5-180.0 180.0   5.0 450.0                            LAT/LON1/LON2/DLON/H
   35   34   33   32   31   31   30   30   29   29   28   27   26   27   29   31
   36   41   46   52   57   62   66   70   73   76   78   79   80   81   81   82
   81   82   81   79   77   74   71   69   67   65   61   57   52   47   43   40
   37   36   35   34   34   33   33   33   33   32   32   32   32   33   33   34
   34   34   34   34   34   35   35   35   35
    45.0-180.0 180.0   5.0 450.0                            LAT/LON1/LON2/DLON/H
   39   38   37   36   36   35   35   35   34   33   32   31   31   31   34   37
   42   47   53   58   63   68   73   77   80   82   83   84   83   82   82   82
   83   83   84   82   80   77   75   72   70   69   65   62   58   53   49   47
   45   43   42   41   40   39   39   38   38   38   37   37   38   38   38   39
   39   38   39   39   39   39   39   39   39
    42.5-180.0 180.0   5.0 450.0                            LAT/LON1/LON2/DLON/H
   42   41   40   39   39   38   38   38   38   37   36   35   35   36   39   43
   48   54   59   65   70   75   79   83   86   88   88   87   85   83   81   81
   83   84   86   85   84   81   78   76   74   72   69   66   63   59   56   53
   51   50   48   47   46   45   44   44   43   43   42   42   42   42   43   43
   43   43   42   42   42   43   43   43   42
    40.0-180.0 180.0   5.0 450.0                            LAT/LON1/LON2/DLON/H
   44   44   42   42   40   40   40   40   40   40   39   38   38   40   44   49
   54   60   66   71   76   80   85   88   91   92   92   90   86   83   81   81
   83   86   88   90   89   86   84   81   78   76   73   71   67   64   61   58
   56   55   54   52   51   50   48   48   48   47   46   46   45   46   46   46
   45   45   44   44   44   44   45   45   44
    37.5-180.0 180.0   5.0 450.0                            LAT/LON1/LON2/DLON/H
   45   44   43   42   41   40   41   41   42   41   41   40   42   45   49   55
   60   65   71   76   80   85   89   92   94   95   95   92   89   85   83   83
   86   91   94   97   97   95   92   89   85   83   79   76   72   69   65   62
   60   59   58   56   54   53   52   51   51   50   49   49   48   48   48   48
   47   45   45   44   45   45   45   45   45
    35.0-180.0 180.0   5.0 450.0                            LAT/LON1/LON2/DLON/H
   44   43   42   41   40   40   40   40   41   41   41   42   45   49   54   60
   65   71   75   80   84   88   91   94   97   99   98   97   94   91   89   90
   94   99  105  108  108  107  104  100   95   91   87   83   78   74   70   67
   64   62   60   59   57   56   55   54   54   53   52   51   50   49   49   48
   47   45   44   43   43   44   44   44   44
    32.5-180.0 180.0   5.0 450.0                            LAT/LON1/LON2/DLON/H
   42   41   40   39   38   38   38   38   40   41   42   44   48   53   58   65
   70   75   80   84   88   90   93   96   99  102  103  104  103  102  101  103
  108  114  120  124  125  123  119  115  109  103   98   91   86   81   75   71
   67   64   63   61   60   58   57   57   56   55   54   52   51   50   49   48
   46   44   43   42   42   42   42   42   42
    30.0-180.0 180.0   5.0 450.0                            LAT/LON1/LON2/DLON/H
   40   39   38   37   36   35   35   37   38   39   41   44   49   56   63   69
   74   79   84   88   91   93   96   98  102  106  110  114  116  118  119  122
  128  134  140  144  144  142  138  132  125  117  110  103   96   89   82   76
   72   69   66   64   63   61   60   59   57   56   55   53   51   50   49   47
   46   44   43   42   40   40   40   40   40
    27.5-180.0 180.0   5.0 450.0                            LAT/LON1/LON2/DLON/H
   38   38   36   35   34   34   34   35   36   37   40   44   50   58   66   73
   78   83   88   91   95   97   99  101  105  111  119  126  134  138  142  146
  152  158  163  166  165  162  157  150  142  134  125  116  107   99   91   84
   78   74   71   69   67   65   63   61   60   58   56   54   52   50   49   47
   46   44   43   41   40   39   39   39   38
    25.0-180.0 180.0   5.0 450.0                            LAT/LON1/LON2/DLON/H
   38   37   36   35   34   33   33   33   34   36   39   44   52   60   68   76
   82   87   92   96   99  102  103  106  111  118  129  141  152  161  167  172
  177  182  186  187  185  181  175  168  159  150  140  130  121  112  102   93
   86   81   78   75   73   70   67   64   62   59   57   55   52   50   49   48
   47   46   44   42   41   40   39   38   38
    22.5-180.0 180.0   5.0 450.0                            LAT/LON1/LON2/DLON/H
   38   37   37   36   35   33   32   32   33   35   38   44   52   62   71   78
   85   91   97  102  106  108  109  112  118  127  141  157  172  183  191  197
  201  205  207  205  202  197  191  183  175  165  155  145  135  125  115  105
   97   91   87   83   80   76   72   68   64   61   58   56   53   51   50   49
   48   47   46   44   42   41   39   39   38
    20.0-180.0 180.0   5.0 450.0                            LAT/LON1/LON2/DLON/H
   39   38   37   37   36   35   33   33   32   34   37   43   52   63   72   81
   88   96  103  108  113  115  117  120  126  137  153  172  190  203  212  217
  221  222  222  220  215  209  203  195  187  178  169  159  150  139  128  118
  109  101   96   91   88   82   77   71   67   63   60   57   54   52   50   50
   50   49   48   46   44   42   41   40   39
    17.5-180.0 180.0   5.0 450.0                            LAT/LON1/LON2/DLON/H
   40   39   39   37   37   36   34   33   33   34   37   44   53   64   74   84
   92  100  108  115  120  123  126  130  136  148  164  184  203  218  227  231
  234  234  233  228  223  217  210  204  197  189  181  173  163  153  142  131
  120  112  105  100   95   89   82   76   70   66   62   58   55   53   51   51
   51   51   50   48   46   44   42   40   40
    15.0-180.0 180.0   5.0 450.0                            LAT/LON1/LON2/DLON/H
   40   39   38   38   37   36   35   33   33   33   37   44   54   66   77   87
   96  105  115  123  129  133  136  141  147  159  174  194  213  227  235  239
  240  240  238  233  227  221  215  210  204  198  191  184  175  166  154  142
  131  121  114  107  101   94   87   79   74   69   65   61   57   54   53   52
   52   52   52   49   47   44   43   41   40
    12.5-180.0 180.0   5.0 450.0                            LAT/LON1/LON2/DLON/H
   39   38   37   37   36   35   34   33   32   33   37   45   56   69   80   91
  101  111  121  130  137  142  147  152  159  169  183  200  218  230  238  241
  241  241  239  234  228  223  218  214  210  206  201  194  186  176  165  152
  140  129  121  113  106   98   91   83   78   73   68   64   60   56   54   52
   53   52   51   49   47   44   43   41   39
    10.0-180.0 180.0   5.0 450.0                            LAT/LON1/LON2/DLON/H
   38   36   35   35   34   34   33   32   32   33   39   47   59   72   84   95
  106  117  128  137  145  151  157  163  170  178  190  205  219  230  236  239
  240  240  238  235  230  226  222  220  217  214  210  204  196  187  175  162
  149  136  126  117  110  102   95   88   82   77   72   68   63   59   56   53
   52   52   51   49   46   44   42   40   38
     7.5-180.0 180.0   5.0 450.0                            LAT/LON1/LON2/DLON/H
   36   34   32   31   31   31   31   30   30   33   39   49   62   75   89  100
  112  123  134  144  152  160  167  174  180  187  196  207  218  227  233  236
  238  239  240  237  233  230  228  226  225  222  219  214  206  196  184  170
  156  142  131  121  113  106   99   92   86   82   78   73   68   62   58   54
   52   51   50   48   45   43   41   39   36
     5.0-180.0 180.0   5.0 450.0                            LAT/LON1/LON2/DLON/H
   35   31   29   28   28   28   28   28   29   32   40   51   65   79   93  105
  117  128  140  150  159  167  175  182  188  194  200  209  217  224  230  235
  238  241  243  242  240  238  236  235  234  232  229  223  216  206  194  179
  164  149  136  125  117  110  103   97   92   88   83   78   73   66   61   56
   53   51   49   47   45   43   40   38   35
     2.5-180.0 180.0   5.0 450.0                            LAT/LON1/LON2/DLON/H
   34   30   27   26   25   25   25   26   27   33   41   53   68   83   96  109
  122  133  145  154  164  172  182  190  195  200  204  210  217  224  230  236
  243  248  250  250  249  247  246  245  244  242  239  233  225  216  203  189
  173  156  142  130  121  114  108  102   98   94   89   84   78   71   65   59
   55   52   50   48   46   43   41   38   34
