sample_files/i/ionex/irtg0060.21i
     1.0            IONOSPHERE MAPS     GPS                 IONEX VERSION / TYPE
tecrms2ionex_4.awk  UPC-IonSAT          01/22/21 1001UT     PGM / RUN BY / DATE
Global ionosphere maps for day   6, 2021 ( 6- 1-2021)       DESCRIPTION
Contact address: Manuel Hernandez-Pajares                   DESCRIPTION
                 IonSAT research group                      DESCRIPTION
                 Technical Univ. of Catalonia (UPC-IonSAT)  DESCRIPTION
                 Mod. C3 Campus Nord UPC                    DESCRIPTION
                 E08034-Barcelona, SPAIN                    DESCRIPTION
                 e-mail:  manuel@ma4.upc.edu                DESCRIPTION
                                                            DESCRIPTION
  2021     1     6     0     0     0                        EPOCH OF FIRST MAP
  2021     1     6    23    40     0                        EPOCH OF LAST MAP
  1200                                                      INTERVAL
    72                                                      # OF MAPS IN FILE
  COSZ                                                      MAPPING FUNCTION
     0.0                                                    ELEVATION CUTOFF
    99                                                      # OF STATIONS
    33                                                      # OF SATELLITES
  6371.0                                                    BASE RADIUS
     2                                                      MAP DIMENSION
   450.0 450.0   0.0                                        HGT1 / HGT2 / DHGT
    87.5 -87.5  -2.5                                        LAT1 / LAT2 / DLAT
  -180.0 180.0   5.0                                        LON1 / LON2 / DLON
    -1                                                      EXPONENT
TEC values in  0.1 TECUs; 9999 if no value available        COMMENT
Validation with JASON: <TEC_JASON - TEC_GPS>  [TECU]        DESCRIPTION
         (reference day of year: 006)                       DESCRIPTION
                                                            DESCRIPTION
           Bias   Sigma     RMS    VTEC   %ERR    #OBS      DESCRIPTION
          -3.12    2.84    4.22    9.18   46.0   47991      DESCRIPTION
                                                            DESCRIPTION
UT(hours)  Bias   Sigma     RMS    VTEC   %ERR    #OBS      DESCRIPTION
   0.00   -3.64    2.72    4.55   12.28   37.0    2508      DESCRIPTION
   2.00   -2.21    3.46    4.10    9.53   43.1    4767      DESCRIPTION
   4.00   -3.76    1.90    4.21    7.73   54.5    4357      DESCRIPTION
   6.00   -1.09    3.12    3.30   13.58   24.3    2648      DESCRIPTION
   8.00   -3.03    2.22    3.76   10.94   34.3    3309      DESCRIPTION
  10.00   -2.42    2.38    3.39    6.26   54.2    3868      DESCRIPTION
  12.00   -3.40    2.32    4.12    6.62   62.3    4163      DESCRIPTION
  14.00   -3.35    1.88    3.85    8.50   45.2    4256      DESCRIPTION
  16.00   -2.82    2.83    4.00    8.71   45.9    3184      DESCRIPTION
  18.00   -3.42    2.68    4.35    7.14   60.9    4552      DESCRIPTION
  20.00   -3.54    2.58    4.38    8.18   53.6    4695      DESCRIPTION
  22.00   -3.74    3.15    4.89   10.90   44.9    3428      DESCRIPTION
  24.00   -4.00    4.50    6.02   15.27   39.4    2256      DESCRIPTION
                                                            DESCRIPTION
Lat(deg)   Bias   Sigma     RMS    VTEC   %ERR    #OBS      DESCRIPTION
 -60.00   -2.82    1.92    3.42    7.26   47.0   12604      DESCRIPTION
 -40.00   -3.19    2.29    3.93    8.48   46.3    9734      DESCRIPTION
 -20.00   -3.35    3.71    5.00   13.55   36.9    7147      DESCRIPTION
   0.00   -4.10    2.83    4.98   12.99   38.4    6401      DESCRIPTION
  20.00   -3.01    4.24    5.20   10.73   48.5    5486      DESCRIPTION
  40.00   -2.93    2.11    3.61    5.05   71.6    4361      DESCRIPTION
  60.00   -1.62    1.88    2.48    2.44  101.8    2258      DESCRIPTION
                                                            END OF HEADER
[from data line 9867]
    24                                                      START OF TEC MAP
  2021     1     6     7    40     0                        EPOCH OF CURRENT MAP
    87.5-180.0 180.0   5.0 450.0                            LAT/LON1/LON2/DLON/H
   28   28   28   27   27   27   26   26   26   26   25   25   25   25   25   24
   24   24   24   24   24   24   24   24   24   24   24   24   24   24   24   24
   24   24   24   25   25   25   25   25   25   25   25   25   26   26   26   26
   26   26   26   27   27   27   27   27   27   28   28   28   28   28   28   28
   28   28   28   28   28   28   28   28   28
    85.0-180.0 180.0   5.0 450.0                            LAT/LON1/LON2/DLON/H
   30   30   29   29   28   28   27   27   26   26   25   24   24   23   23   23
   22   22   22   22   21   21   21   21   22   22   22   22   22   22   22   23
   23   23   24   24   24   24   24   25   25   25   25   25   25   26   26   26
   26   27   27   27   27   27   28   28   28   28   29   29   29   29   30   30
   30   30   30   30   30   30   30   30   30
    82.5-180.0 180.0   5.0 450.0                            LAT/LON1/LON2/DLON/H
   31   31   31   30   29   29   28   27   26   25   24   24   22   22   21   21
   20   19   19   19   19   19   20   20   20   20   21   21   22   22   22   23
   23   23   23   24   24   24   24   25   25   25   25   25   25   25   26   26
   26   26   27   27   27   28   28   29   28   29   29   29   30   30   30   30
   31   31   31   31   32   32   31   32   31
    80.0-180.0 180.0   5.0 450.0                            LAT/LON1/LON2/DLON/H
   32   32   31   31   30   29   28   27   26   25   24   22   21   20   19   19
   18   18   17   17   17   18   18   19   19   20   21   21   22   23   23   23
   23   24   24   24   24   24   24   24   24   24   25   25   25   25   26   26
   27   27   28   28   28   28   29   29   29   29   30   30   30   30   31   31
   31   31   31   32   32   32   32   32   32
    77.5-180.0 180.0   5.0 450.0                            LAT/LON1/LON2/DLON/H
   31   31   30   30   30   29   28   27   26   25   23   22   20   19   18   17
   17   17   16   17   17   17   18   19   20   21   21   22   23   23   23   24
   24   24   24   24   25   24   24   24   24   24   25   25   25   26   26   27
   28   28   29   29   29   30   30   30   30   30   30   30   30   31   30   30
   30   30   31   30   31   31   31   31   31
    75.0-180.0 180.0   5.0 450.0                            LAT/LON1/LON2/DLON/H
   29   29   29   29   28   28   27   26   25   24   23   21   20   19   17   17
   16   16   17   17   18   18   19   20   21   22   22   23   24   24   25   24
   24   24   24   24   24   24   24   24   24   24   25   25   26   27   28   29
   30   31   31   32   32   32   32   32   32   32   32   31   31   31   30   30
   30   30   29   29   29   29   29   29   29
    72.5-180.0 180.0   5.0 450.0                            LAT/LON1/LON2/DLON/H
   26   27   27   27   27   27   26   26   25   24   22   21   20   19   18   17
   17   17   17   18   19   20   21   22   22   23   23   24   24   24   24   24
   24   23   23   23   23   23   22   23   24   24   25   26   28   29   30   32
   33   34   35   36   36   36   36   35   35   34   34   33   32   32   31   30
   30   29   28   28   27   27   27   27   26
    70.0-180.0 180.0   5.0 450.0                            LAT/LON1/LON2/DLON/H
   24   24   24   25   25   26   25   25   25   24   23   21   20   19   18   18
   18   18   19   20   20   21   22   23   23   24   24   24   24   23   23   22
   22   22   21   21   22   21   22   22   23   24   26   28   30   32   34   36
   38   39   40   41   41   41   40   40   38   38   37   35   34   34   32   31
   30   29   27   26   25   25   24   24   24
    67.5-180.0 180.0   5.0 450.0                            LAT/LON1/LON2/DLON/H
   22   22   22   23   24   24   25   25   25   24   23   22   21   20   19   19
   19   19   20   21   22   22   23   23   23   24   23   23   23   22   21   21
   20   20   19   19   20   20   21   22   24   26   28   30   33   35   38   41
   43   45   46   47   47   47   46   45   44   42   41   39   37   36   34   32
   31   29   27   26   24   23   22   22   22
    65.0-180.0 180.0   5.0 450.0                            LAT/LON1/LON2/DLON/H
   21   21   22   22   23   24   24   25   24   24   23   22   21   20   20   20
   19   20   21   21   22   23   23   23   23   23   22   22   21   21   20   19
   19   18   18   19   19   20   22   23   26   28   31   34   37   40   44   46
   49   51   53   54   54   53   52   51   49   47   45   44   42   39   37   35
   33   30   28   26   24   22   22   21   21
    62.5-180.0 180.0   5.0 450.0                            LAT/LON1/LON2/DLON/H
   21   21   21   22   23   24   25   25   25   25   24   23   22   21   21   20
   20   21   21   22   22   22   23   23   22   22   21   21   21   20   19   19
   18   18   18   19   20   22   23   26   29   32   36   39   43   46   50   53
   56   58   60   61   61   60   58   57   55   53   51   48   46   43   41   38
   35   32   29   27   24   23   22   21   21
    60.0-180.0 180.0   5.0 450.0                            LAT/LON1/LON2/DLON/H
   22   22   22   23   24   25   25   25   25   25   25   24   23   22   22   21
   21   21   22   22   22   22   22   22   22   22   22   22   21   21   21   20
   20   20   20   21   23   24   27   30   34   38   42   46   50   53   57   60
   63   65   67   68   68   67   65   63   61   58   56   54   51   47   45   41
   37   34   31   28   26   24   23   22   22
    57.5-180.0 180.0   5.0 450.0                            LAT/LON1/LON2/DLON/H
   24   25   25   25   26   26   26   26   26   26   26   25   24   23   23   23
   22   22   22   22   23   23   23   23   23   23   23   23   23   24   23   23
   23   23   23   24   26   29   33   37   41   45   50   54   57   61   64   68
   70   72   74   75   75   73   72   70   67   65   62   60   56   52   48   44
   40   36   33   30   28   27   26   25   24
    55.0-180.0 180.0   5.0 450.0                            LAT/LON1/LON2/DLON/H
   28   28   28   28   28   28   28   28   28   27   27   26   26   26   24   24
   24   24   24   24   24   24   25   25   25   26   26   27   28   28   28   27
   27   27   28   29   32   35   40   44   49   54   58   62   66   69   72   75
   77   80   81   82   82   80   79   76   73   71   68   65   61   57   53   48
   43   39   36   33   31   30   29   28   28
    52.5-180.0 180.0   5.0 450.0                            LAT/LON1/LON2/DLON/H
   32   32   32   31   31   31   30   30   30   29   29   29   28   28   28   27
   27   27   27   28   27   28   28   29   30   30   31   32   33   33   33   33
   33   33   34   36   39   42   47   52   57   62   67   71   75   78   81   82
   85   87   88   89   88   87   85   82   79   76   73   70   67   62   57   52
   47   42   39   36   34   33   33   32   32
    50.0-180.0 180.0   5.0 450.0                            LAT/LON1/LON2/DLON/H
   36   36   35   35   34   33   33   33   32   32   32   32   32   31   31   31
   32   32   32   33   33   33   34   35   35   36   37   38   39   39   39   38
   38   38   40   42   45   50   55   61   67   72   77   81   84   86   89   90
   92   93   94   94   94   92   90   87   84   81   78   75   71   67   62   57
   51   46   43   40   39   37   37   36   36
    47.5-180.0 180.0   5.0 450.0                            LAT/LON1/LON2/DLON/H
   40   40   39   38   37   37   36   36   36   36   36   36   36   36   36   37
   37   37   39   40   41   41   42   42   43   43   44   44   44   44   44   42
   43   43   45   48   52   57   63   69   75   82   86   90   93   94   96   97
   98   99  100   99   98   96   93   91   87   85   82   79   76   72   67   61
   56   51   48   45   43   42   41   41   40
    45.0-180.0 180.0   5.0 450.0                            LAT/LON1/LON2/DLON/H
   44   43   43   42   41   40   40   39   40   40   41   41   42   41   41   42
   43   45   46   47   49   49   50   50   50   50   50   50   49   48   47   46
   45   47   49   54   59   65   71   78   84   90   95   99  101  102  103  104
  104  105  104  103  102   99   96   93   90   87   85   82   79   76   72   66
   61   56   52   50   47   46   45   45   44
    42.5-180.0 180.0   5.0 450.0                            LAT/LON1/LON2/DLON/H
   47   46   46   45   44   44   43   43   44   45   46   47   47   47   47   48
   49   51   54   56   57   58   57   57   57   56   55   54   53   51   50   48
   48   50   53   58   65   71   78   86   92   99  104  107  109  110  110  110
  109  109  108  107  104  101   98   95   92   89   87   85   83   80   76   71
   66   61   57   54   52   50   48   47   47
    40.0-180.0 180.0   5.0 450.0                            LAT/LON1/LON2/DLON/H
   49   48   48   47   46   46   46   47   48   50   51   52   52   53   53   54
   55   58   61   63   64   65   64   63   61   60   58   57   55   53   51   49
   50   52   57   63   70   77   85   92   99  106  110  113  115  116  116  116
  115  114  113  111  108  104  101   97   94   92   90   88   86   84   81   76
   71   66   61   57   54   52   51   49   49
    37.5-180.0 180.0   5.0 450.0                            LAT/LON1/LON2/DLON/H
   50   49   49   48   48   48   49   50   52   53   55   56   57   57   57   59
   60   63   67   69   70   70   69   67   64   62   60   58   56   54   51   50
   51   54   60   67   75   82   90   97  105  111  116  119  121  122  122  122
  121  120  119  116  113  109  105  102   99   96   94   92   90   88   84   80
   75   69   64   60   56   53   52   51   50
    35.0-180.0 180.0   5.0 450.0                            LAT/LON1/LON2/DLON/H
   50   49   49   49   49   49   50   51   53   55   58   59   60   61   61   62
   64   67   71   73   74   73   71   68   65   62   60   58   56   54   52   51
   52   56   62   70   79   87   95  102  109  116  121  125  126  128  128  129
  129  128  127  124  121  118  114  111  108  105  102   99   96   93   89   84
   79   72   67   61   57   54   52   50   50
    32.5-180.0 180.0   5.0 450.0                            LAT/LON1/LON2/DLON/H
   49   49   49   49   48   49   50   51   53   55   58   60   61   62   63   64
   66   69   72   75   75   74   71   67   64   61   58   57   55   53   51   51
   52   57   64   73   82   90   98  105  113  120  125  130  132  135  136  138
  139  139  139  137  134  131  127  125  122  118  115  110  104  100   95   90
   83   77   70   63   58   54   52   50   49
    30.0-180.0 180.0   5.0 450.0                            LAT/LON1/LON2/DLON/H
   50   49   49   49   48   48   49   50   52   54   56   59   61   62   63   64
   66   70   73   75   75   73   69   65   61   58   56   54   53   52   50   50
   52   58   66   75   85   93  101  109  116  123  130  135  139  143  146  149
  151  153  154  153  151  149  146  144  142  137  131  124  117  110  103   97
   90   82   74   66   60   56   53   50   50
    27.5-180.0 180.0   5.0 450.0                            LAT/LON1/LON2/DLON/H
   52   51   50   50   49   49   49   49   50   51   54   56   59   61   62   63
   65   68   72   73   72   70   66   62   57   55   53   52   51   50   49   49
   52   58   67   77   87   95  103  111  119  127  134  141  147  153  158  163
  167  170  172  173  173  171  170  168  165  160  152  143  132  123  115  106
   99   90   80   72   65   60   56   53   52
    25.0-180.0 180.0   5.0 450.0                            LAT/LON1/LON2/DLON/H
   56   54   53   52   51   49   49   49   49   49   51   53   56   58   60   61
   64   66   69   70   70   66   62   58   54   51   50   49   48   48   47   48
   52   59   68   79   88   98  105  114  123  132  141  149  158  165  172  179
  184  188  192  194  195  195  194  193  190  184  175  163  150  139  129  120
  111  101   91   81   73   67   62   58   56
    22.5-180.0 180.0   5.0 450.0                            LAT/LON1/LON2/DLON/H
   63   61   58   56   54   52   51   49   48   48   49   51   54   56   58   59
   61   64   66   68   66   63   59   55   51   49   47   46   46   45   45   47
   51   59   69   80   90  100  109  118  128  138  149  159  169  179  187  195
  201  207  211  215  217  218  219  218  215  209  198  184  170  157  145  135
  125  115  104   94   85   77   71   67   63
    20.0-180.0 180.0   5.0 450.0                            LAT/LON1/LON2/DLON/H
   73   68   65   62   59   56   54   52   50   48   48   50   52   54   56   58
   59   62   64   65   64   61   57   53   49   47   45   43   42   42   42   45
   51   59   71   82   93  103  113  123  134  146  158  170  182  193  202  211
  217  224  229  233  236  238  239  239  236  230  219  205  189  174  162  152
  142  132  121  109   99   90   83   77   73
    17.5-180.0 180.0   5.0 450.0                            LAT/LON1/LON2/DLON/H
   83   77   73   69   65   62   59   56   53   51   50   50   52   54   55   56
   58   61   62   63   62   59   55   52   49   46   43   41   40   39   40   43
   50   60   72   85   97  108  119  130  142  155  168  181  194  206  216  224
  231  237  242  247  250  252  253  254  252  246  235  222  206  192  180  170
  160  150  138  126  115  105   97   90   83
    15.0-180.0 180.0   5.0 450.0                            LAT/LON1/LON2/DLON/H
   94   87   81   76   72   68   65   62   58   55   53   53   53   55   56   57
   58   60   61   62   60   58   55   52   49   46   43   40   38   37   39   43
   50   61   74   88  101  113  125  137  151  164  178  192  206  217  227  235
  241  246  251  255  258  260  262  262  261  256  247  235  221  207  196  186
  177  167  155  142  131  120  110  101   94
    12.5-180.0 180.0   5.0 450.0                            LAT/LON1/LON2/DLON/H
  103   95   88   83   79   75   71   67   64   61   58   57   57   57   58   59
   60   61   62   62   60   58   55   52   49   46   43   40   37   36   38   43
   52   63   77   92  105  118  131  145  159  173  187  201  214  225  235  242
  247  252  256  260  262  264  265  266  265  261  254  244  232  221  211  201
  192  182  169  156  144  132  122  112  103
    10.0-180.0 180.0   5.0 450.0                            LAT/LON1/LON2/DLON/H
  110  101   93   88   84   80   76   73   70   66   63   61   61   60   61   61
   62   63   62   62   60   58   55   52   50   47   44   40   37   36   38   44
   53   66   81   95  109  123  136  151  165  180  194  207  220  231  239  245
  250  254  258  261  264  265  266  266  266  263  258  250  241  231  222  213
  204  193  181  167  154  142  131  120  110
     7.5-180.0 180.0   5.0 450.0                            LAT/LON1/LON2/DLON/H
  115  105   98   92   87   84   80   77   74   71   68   65   64   63   64   64
   64   64   64   62   60   58   55   52   50   47   44   40   37   36   39   45
   56   69   84   98  113  127  140  155  170  184  198  210  222  232  240  246
  251  255  260  263  265  266  266  266  266  264  261  256  249  241  232  223
  213  202  189  175  161  148  137  126  115
     5.0-180.0 180.0   5.0 450.0                            LAT/LON1/LON2/DLON/H
  118  108  100   94   89   86   82   79   76   73   71   69   67   66   66   67
   66   66   65   63   61   58   55   51   49   46   44   41   38   37   40   47
   58   71   87  101  115  129  142  157  172  186  199  211  221  230  239  245
  251  257  262  266  268  269  269  269  268  267  265  262  256  249  240  231
  220  208  195  179  165  152  141  129  118
     2.5-180.0 180.0   5.0 450.0                            LAT/LON1/LON2/DLON/H
  119  110  102   95   91   87   83   80   77   75   72   70   68   67   68   68
   68   67   65   63   60   57   53   50   48   45   43   41   38   37   41   49
   60   74   88  102  116  129  142  157  171  185  198  208  218  227  236  244
  252  259  266  271  274  276  276  275  274  273  272  269  264  257  247  238
  226  213  198  183  168  154  143  131  119
