sample_files/i/ict/RAQMS60_MODEL_20060326_R0_C130.ict
112 1001
Pierce, R. Bradley
NOAA/NESDIS
Merged data file for MILAGRO, Flight 10 (20060326), on the c130 platform. Data is merged to 60 seconds.
NCAR MILAGRO Mission 2006
1 1
2006 03 26 2007 07 12
60
UTC,s
74
1 1 1 1 1 1 1 1 1 1 1 1 1 1 1 1 1 1 1 1 1 1 1 1 1 1 1 1 1 1 1 1 1 1 1 1 1 1 1 1 1 1 1 1 1 1 1 1 1 1 1 1 1 1 1 1 1 1 1 1 1 1 1 1 1 1 1 1 1 1 1 1 1 1
-9999 -9999 -9999 -9999 -9999 -9999 -9999 -9999 -9999 -9999 -9999 -9999 -9999 -9999 -9999 -9999 -9999 -9999 -9999 -9999 -9999 -9999 -9999 -9999 -9999 -9999 -9999 -9999 -9999 -9999 -9999 -9999 -9999 -9999 -9999 -9999 -9999 -9999 -9999 -9999 -9999 -9999 -9999 -9999 -9999 -9999 -9999 -9999 -9999 -9999 -9999 -9999 -9999 -9999 -9999 -9999 -9999 -9999 -9999 -9999 -9999 -9999 -9999 -9999 -9999 -9999 -9999 -9999 -9999 -9999 -9999 -9999 -9999 -9999
JDAY, days
INDEX, none
FLIGHT, none
LOCAL_SUN_TIME, hour
LATITUDE, deg
LONGITUDE, deg
ALTP, km
PRESSURE, hPa
TEMPERATURE, K
THETA, K
O3COLUMN, DU
SZA, deg
WNS, m/s
WND, Degs
longitude_RAQMS, deg
latitude_RAQMS, deg
pressure_RAQMS, hPa
U_velocity_RAQMS, m/s
V_velocity_RAQMS, m/s
Theta_RAQMS, K
PV_RAQMS, PVU
Geopotential_RAQMS, km
QDF_RAQMS, 1/s
H2O_RAQMS, vmr
BrCl_RAQMS, vmr
BrNO3_RAQMS, vmr
Bry_RAQMS, vmr
CH2O_RAQMS, vmr
CH3OOH_RAQMS, vmr
CH4_RAQMS, vmr
Cl2_RAQMS, vmr
ClNO3_RAQMS, vmr
Cly_RAQMS, vmr
CO_RAQMS, vmr
H2O2_RAQMS, vmr
HBr_RAQMS, vmr
HCl_RAQMS, vmr
HNO3_RAQMS, vmr
HNO4_RAQMS, vmr
HOBr_RAQMS, vmr
HOCl_RAQMS, vmr
N2O5_RAQMS, vmr
N2O_RAQMS, vmr
NO2_RAQMS, vmr
NO3_RAQMS, vmr
NOy_RAQMS, vmr
OClO_RAQMS, vmr
Ox_RAQMS, vmr
C2H6_RAQMS, vmr
ald2_RAQMS, vmr
ethOOH_RAQMS, vmr
PAN_RAQMS, vmr
par_RAQMS, vmr
onit_RAQMS, vmr
aone_RAQMS, vmr
rOOH_RAQMS, vmr
mgly_RAQMS, vmr
ethene_RAQMS, vmr
olet_RAQMS, vmr
olei_RAQMS, vmr
isop_RAQMS, vmr
isoprd_RAQMS, vmr
propar_RAQMS, vmr
CH3OH_RAQMS, vmr
MVK_RAQMS, vmr
macr_RAQMS, vmr
MPAN_RAQMS, vmr
oxprod_RAQMS, vmr/day
O3_RAQMS, vmr
OH_RAQMS, vmr
HO2_RAQMS, vmr
NO_RAQMS, vmr
jO1d_RAQMS, 1/s
jNO_RAQMS, 1/s
0
24
PI_CONTACT_INFO: NOAA/NESDIS, 1225 W DAYTON STREET RM 203, MADISON, WI 53706-1612; email brad.pierce@noaa.gov or brad.pierce@ssec.wisc.edu; (608)890-1892
PLATFORM: RAQMS global model sampled along C130 flight track
LOCATION:  Latitude, Longitude, and Altitude included in data records
ASSOCIATED_DATA: N/A
INSTRUMENT_INFO: RAQMS global predictions at horizontal resolution of 2.0 degrees x 2.0 degrees
DATA_INFO: All constituent data are in volume mixing ratio (vmr); 1 PVU=10-6 K m2 kg-1 s-1; QDF is scaled by the radius of the earth
UNCERTAINTY: N/A
ULOD_FLAG: -7777
ULOD_VALUE: N/A
LLOD_FLAG: -8888
LLOD_VALUE: N/A
DM_CONTACT_INFO: Jay Al-Saadi, NASA Langley Research Center; j.a.al-saadi@nasa.gov; 757-864-5164
PROJECT_INFO: N/A
STIPULATIONS_ON_USE: Use of these data requires prior OK from the PI
OTHER_COMMENTS:This merge was created using data in the NASA LaRC INTEX-B archive
 as of 07/07/2007
 In most cases, variable names have been kept identical
 to those submitted in the raw data files.
 However, in some cases, names have been changed 
 (e.g., to eliminate duplication) 
 Units have been standardized throughout the merge.
REVISION: R0
R0: No Comment for this revision
 UTC JDAY INDEX FLIGHT LOCAL_SUN_TIME LATITUDE LONGITUDE ALTP PRESSURE TEMPERATURE THETA O3COLUMN SZA WNS WND longitude_RAQMS latitude_RAQMS pressure_RAQMS U_velocity_RAQMS V_velocity_RAQMS Theta_RAQMS PV_RAQMS Geopotential_RAQMS QDF_RAQMS H2O_RAQMS BrCl_RAQMS BrNO3_RAQMS Bry_RAQMS CH2O_RAQMS CH3OOH_RAQMS CH4_RAQMS Cl2_RAQMS ClNO3_RAQMS Cly_RAQMS CO_RAQMS H2O2_RAQMS HBr_RAQMS HCl_RAQMS HNO3_RAQMS HNO4_RAQMS HOBr_RAQMS HOCl_RAQMS N2O5_RAQMS N2O_RAQMS NO2_RAQMS NO3_RAQMS NOy_RAQMS OClO_RAQMS Ox_RAQMS C2H6_RAQMS ald2_RAQMS ethOOH_RAQMS PAN_RAQMS par_RAQMS onit_RAQMS aone_RAQMS rOOH_RAQMS mgly_RAQMS ethene_RAQMS olet_RAQMS olei_RAQMS isop_RAQMS isoprd_RAQMS propar_RAQMS CH3OH_RAQMS MVK_RAQMS macr_RAQMS MPAN_RAQMS oxprod_RAQMS O3_RAQMS OH_RAQMS HO2_RAQMS NO_RAQMS jO1d_RAQMS jNO_RAQMS
[from data line 100]
      68460.0        85.0000        100101.00            10.00        12.4567        19.6449        261.600        5.12884        530.819        264.193        316.598        268.000        18.8137        3.02275        247.585       -98.3996        19.6445        530.818        8.42513       -2.16348        318.100       0.228699        5.36662        45.6316     0.00241065   1.48121e-019   1.04195e-014   2.55253e-013   1.78759e-010   2.98670e-010   1.74957e-006   8.16193e-018   2.21608e-012   1.56397e-011   9.39522e-008   7.73055e-010   1.43514e-013   1.23416e-011   1.81091e-010   8.44096e-012   3.24011e-014   4.82347e-013   2.16171e-014   3.05616e-007   3.62468e-011   5.76620e-015   4.50721e-010   1.14738e-019   6.05066e-008   4.41523e-010   3.08382e-011   4.99425e-012   1.60360e-010   8.14241e-010   4.55628e-011   5.21499e-010   6.64261e-011   6.30974e-013   8.42986e-012   9.06252e-013       0.000000   1.31358e-012   2.21897e-012   1.51100e-010   6.00000e-010   5.40310e-012   3.35912e-012   6.45976e-013  -8.42924e-010   6.01853e-008   2.91889e-013   1.87073e-011   1.62307e-011   5.24117e-005     0.00988547  
      68520.0        85.0000        100102.00            10.00        12.4784        19.6192        261.676        5.12234        531.281        264.277        316.620        268.000        18.9059        2.65943        222.082       -98.3232        19.6190        531.289        8.48522       -2.14717        318.089       0.230200        5.35912        46.7729     0.00242794   1.47482e-019   1.09660e-014   2.54604e-013   1.78602e-010   2.99218e-010   1.74949e-006   8.21181e-018   2.22302e-012   1.55968e-011   9.38407e-008   7.73275e-010   1.42810e-013   1.22900e-011   1.78980e-010   8.34977e-012   3.43778e-014   4.84056e-013   1.96379e-014   3.05608e-007   3.51952e-011   5.63126e-015   4.46980e-010   1.16409e-019   6.04505e-008   4.41323e-010   3.07783e-011   5.00603e-012   1.60028e-010   8.18009e-010   4.55406e-011   5.21699e-010   6.68573e-011   6.20193e-013   8.32926e-012   8.72864e-013       0.000000   1.28901e-012   2.20881e-012   1.51762e-010   6.00000e-010   5.40600e-012   3.36264e-012   6.45991e-013  -8.75003e-010   6.01313e-008   2.93449e-013   1.87457e-011   1.60583e-011   5.22335e-005     0.00983014  
      68580.0        85.0000        100103.00            10.00        12.5004        19.6039        261.756        5.11539        531.776        264.780        317.138        268.000        19.0141        2.19480        276.203       -98.2430        19.6038        531.780        8.56258       -2.14313        318.068       0.232174        5.35104        48.2884     0.00244739   1.41485e-019   1.14380e-014   2.54126e-013   1.78655e-010   2.99917e-010   1.74940e-006   8.28264e-018   2.23340e-012   1.55665e-011   9.37492e-008   7.74477e-010   1.42194e-013   1.22490e-011   1.77324e-010   8.26993e-012   3.58432e-014   4.86452e-013   1.76388e-014   3.05599e-007   3.41845e-011   5.51408e-015   4.44101e-010   1.14191e-019   6.03987e-008   4.41284e-010   3.08007e-011   5.02319e-012   1.59964e-010   8.24152e-010   4.55977e-011   5.21930e-010   6.74943e-011   6.11252e-013   8.25723e-012   8.35808e-013       0.000000   1.25501e-012   2.20108e-012   1.52755e-010   6.00000e-010   5.42125e-012   3.37315e-012   6.48036e-013  -9.01459e-010   6.00823e-008   2.94992e-013   1.87860e-011   1.58817e-011   5.20158e-005     0.00977204  
      68640.0        85.0000        100104.00            10.00        12.5224        19.5868        261.835        5.11472        531.823        264.758        317.103        268.000        19.1250        4.76425        271.452       -98.1640        19.5866        531.828        8.65567       -2.13143        318.076       0.234475        5.34962        49.7916     0.00245520   1.39188e-019   1.19654e-014   2.53628e-013   1.78151e-010   3.00143e-010   1.74930e-006   8.33822e-018   2.24139e-012   1.55308e-011   9.36282e-008   7.74495e-010   1.41663e-013   1.22051e-011   1.75293e-010   8.19631e-012   3.74784e-014   4.88311e-013   1.56501e-014   3.05582e-007   3.30671e-011   5.36952e-015   4.40247e-010   1.15294e-019   6.03523e-008   4.41122e-010   3.07036e-011   5.03128e-012   1.59637e-010   8.26895e-010   4.54313e-011   5.22062e-010   6.78349e-011   5.98551e-013   8.14625e-012   7.95353e-013       0.000000   1.23650e-012   2.18947e-012   1.53479e-010   6.00000e-010   5.41845e-012   3.37436e-012   6.47311e-013  -9.24992e-010   6.00386e-008   2.95968e-013   1.88010e-011   1.56943e-011   5.18189e-005     0.00971754  
      68700.0        85.0000        100105.00            10.00        12.5443        19.5677        261.914        5.10723        532.358        264.359        316.535        268.000        19.2387        4.72598        289.219       -98.0854        19.5675        532.357        8.73778       -2.12560        318.055       0.235798        5.34100        50.8437     0.00247210   1.35518e-019   1.24919e-014   2.53097e-013   1.78102e-010   3.00773e-010   1.74920e-006   8.39161e-018   2.24885e-012   1.54948e-011   9.35149e-008   7.75379e-010   1.41005e-013   1.21617e-011   1.73444e-010   8.11185e-012   3.91714e-014   4.90174e-013   1.36314e-014   3.05573e-007   3.20524e-011   5.24581e-015   4.36919e-010   1.15290e-019   6.02998e-008   4.40958e-010   3.06516e-011   5.04482e-012   1.59425e-010   8.31218e-010   4.53942e-011   5.22277e-010   6.83301e-011   5.87656e-013   8.04525e-012   7.54092e-013       0.000000   1.20110e-012   2.17443e-012   1.54257e-010   6.00000e-010   5.41387e-012   3.37280e-012   6.46972e-013  -9.50535e-010   5.99886e-008   2.97469e-013   1.88383e-011   1.55180e-011   5.16194e-005     0.00966124  
      68760.0        85.0000        100106.00            10.00        12.5662        19.5513        261.993        5.12550        531.057        264.426        316.836        268.000        19.3596        5.11557        265.647       -98.0067        19.5512        531.041        8.86268       -2.09029        318.153       0.239552        5.36052        52.7190     0.00244717   1.60087e-019   1.31526e-014   2.52714e-013   1.76128e-010   2.99775e-010   1.74900e-006   8.41296e-018   2.25121e-012   1.54586e-011   9.33474e-008   7.73392e-010   1.41048e-013   1.21215e-011   1.70993e-010   8.07480e-012   4.10557e-014   4.90504e-013   1.18870e-014   3.05547e-007   3.07384e-011   5.03105e-015   4.31500e-010   1.38257e-019   6.02551e-008   4.40621e-010   3.03438e-011   5.03708e-012   1.58573e-010   8.27946e-010   4.47607e-011   5.22058e-010   6.82051e-011   5.68124e-013   7.85191e-012   7.11125e-013       0.000000   1.25616e-012   2.16651e-012   1.54628e-010   6.00000e-010   5.38290e-012   3.36287e-012   6.39464e-013  -9.60516e-010   5.99464e-008   2.96891e-013   1.87795e-011   1.53411e-011   5.15518e-005     0.00963758  
      68820.0        85.0000        100107.00            10.00        12.5881        19.5480        262.072        5.13543        530.349        264.170        316.651        268.000        19.4971        5.88888        246.703       -97.9272        19.5481        530.344        8.81773       -2.05789        318.238       0.242673        5.37581        54.9688     0.00244323   3.20741e-019   1.39369e-014   2.53340e-013   1.75086e-010   3.00958e-010   1.74897e-006   8.37373e-018   2.23625e-012   1.55050e-011   9.33626e-008   7.82583e-010   1.43329e-013   1.21622e-011   1.72426e-010   8.03920e-012   4.38554e-014   4.89047e-013   1.15326e-014   3.05539e-007   2.98524e-011   4.79339e-015   4.32638e-010   2.61908e-019   6.00718e-008   4.40776e-010   3.06198e-011   5.11157e-012   1.58661e-010   8.44859e-010   4.52190e-011   5.21452e-010   7.07623e-011   5.66310e-013   7.65865e-012   6.91132e-013       0.000000   1.41782e-012   2.18716e-012   1.56802e-010   6.00000e-010   5.35712e-012   3.35552e-012   6.21359e-013  -9.73107e-010   5.97641e-008   2.98521e-013   1.87714e-011   1.54258e-011   5.22488e-005     0.00980863  
      68880.0        85.0000        100108.00            10.00        12.6101        19.5506        262.152        5.13782        530.179        264.645        317.248        268.000        19.6443        6.43156        228.279       -97.8472        19.5506        530.187        8.72036       -2.03912        318.282       0.245203        5.38331        57.2002     0.00245489   5.50141e-019   1.47846e-014   2.54292e-013   1.74715e-010   3.03196e-010   1.74895e-006   8.32370e-018   2.21703e-012   1.55789e-011   9.34303e-008   7.95474e-010   1.46229e-013   1.22316e-011   1.74918e-010   7.99627e-012   4.77198e-014   4.88075e-013   1.14433e-014   3.05539e-007   2.91418e-011   4.57749e-015   4.35825e-010   4.32799e-019   5.98551e-008   4.41061e-010   3.10776e-011   5.20954e-012   1.59185e-010   8.67190e-010   4.60298e-011   5.20893e-010   7.39852e-011   5.70649e-013   7.49991e-012   6.77704e-013       0.000000   1.57642e-012   2.21356e-012   1.59388e-010   6.00000e-010   5.34213e-012   3.35276e-012   6.03187e-013  -9.90932e-010   5.95485e-008   3.01488e-013   1.88072e-011   1.55606e-011   5.30850e-005      0.0100205  
      68940.0        85.0000        100109.00            10.00        12.6322        19.5520        262.233        5.13594        530.311        264.781        317.390        268.000        19.7949        6.45287        234.965       -97.7668        19.5520        530.303        8.61305       -2.02750        318.295       0.247193        5.38583        59.2131     0.00247296   8.23185e-019   1.57142e-014   2.55284e-013   1.74578e-010   3.05800e-010   1.74891e-006   8.26544e-018   2.19576e-012   1.56558e-011   9.34884e-008   8.08870e-010   1.49228e-013   1.23075e-011   1.77327e-010   7.94459e-012   5.26908e-014   4.87523e-013   1.12813e-014   3.05538e-007   2.84604e-011   4.37526e-015   4.38969e-010   6.32483e-019   5.96366e-008   4.41252e-010   3.15105e-011   5.30711e-012   1.59759e-010   8.88273e-010   4.68313e-011   5.20436e-010   7.70854e-011   5.75045e-013   7.35236e-012   6.64009e-013       0.000000   1.71049e-012   2.23497e-012   1.61758e-010   6.00000e-010   5.32370e-012   3.34651e-012   5.85663e-013  -1.01294e-009   5.93314e-008   3.05174e-013   1.88683e-011   1.56829e-011   5.39011e-005      0.0102296  
      69000.0        85.0000        100110.00            10.00        12.6541        19.5368        262.311        5.13504        530.376        264.777        317.374        268.000        19.9344        8.70179        235.930       -97.6879        19.5366        530.379        8.50739       -2.00048        318.308       0.248266        5.38800        60.7192     0.00248381   1.14430e-018   1.68165e-014   2.56014e-013   1.74040e-010   3.08080e-010   1.74875e-006   8.16654e-018   2.16871e-012   1.57106e-011   9.34763e-008   8.20365e-010   1.52094e-013   1.23694e-011   1.78821e-010   7.87894e-012   5.90367e-014   4.85395e-013   1.09889e-014   3.05533e-007   2.76993e-011   4.15477e-015   4.40248e-010   8.65958e-019   5.94191e-008   4.40987e-010   3.16858e-011   5.38622e-012   1.59857e-010   9.01615e-010   4.72874e-011   5.19998e-010   7.94846e-011   5.73253e-013   7.14589e-012   6.45309e-013       0.000000   1.82007e-012   2.23525e-012   1.63194e-010   6.00000e-010   5.25772e-012   3.31055e-012   5.63653e-013  -1.03614e-009   5.91147e-008   3.09084e-013   1.89301e-011   1.57934e-011   5.47364e-005      0.0104336  
      69060.0        85.0000        100111.00            10.00        12.6757        19.5082        262.385        5.13363        530.477        264.991        317.613        268.000        20.0643        7.87995        234.946       -97.6139        19.5079        530.482        8.40837       -1.96002        318.317       0.248528        5.38870        61.8655     0.00248891   1.49078e-018   1.79836e-014   2.56435e-013   1.73288e-010   3.09994e-010   1.74851e-006   8.04220e-018   2.13936e-012   1.57423e-011   9.34144e-008   8.29783e-010   1.54637e-013   1.24142e-011   1.79542e-010   7.80442e-012   6.59996e-014   4.81879e-013   1.06021e-014   3.05523e-007   2.69459e-011   3.93964e-015   4.40118e-010   1.11736e-018   5.92123e-008   4.40373e-010   3.16565e-011   5.44651e-012   1.59617e-010   9.08336e-010   4.74678e-011   5.19621e-010   8.12184e-011   5.66918e-013   6.90871e-012   6.23409e-013       0.000000   1.89655e-012   2.21692e-012   1.63832e-010   6.00000e-010   5.15611e-012   3.25149e-012   5.39463e-013  -1.05760e-009   5.89080e-008   3.12987e-013   1.89897e-011   1.58934e-011   5.55386e-005      0.0106217  
      69120.0        85.0000        100112.00            10.00        12.6971        19.4746        262.456        5.15003        529.311        264.458        317.174        268.000        20.1926        4.79501        175.852       -97.5430        19.4743        529.297        8.35416       -1.89344        318.390       0.250080        5.40690        63.5014     0.00246150   1.90485e-018   1.93043e-014   2.56712e-013   1.71103e-010   3.10455e-010   1.74814e-006   7.88926e-018   2.10731e-012   1.57561e-011   9.32743e-008   8.35009e-010   1.57384e-013   1.24481e-011   1.79008e-010   7.76188e-012   7.41356e-014   4.77010e-013   1.02187e-014   3.05502e-007   2.60090e-011   3.68776e-015   4.37253e-010   1.41647e-018   5.90340e-008   4.39376e-010   3.12782e-011   5.47013e-012   1.58778e-010   9.03144e-010   4.69611e-011   5.19085e-010   8.17338e-011   5.51188e-013   6.61982e-012   5.99369e-013       0.000000   1.99030e-012   2.19126e-012   1.63427e-010   6.00000e-010   5.02408e-012   3.17772e-012   5.12091e-013  -1.06547e-009   5.87301e-008   3.15655e-013   1.89909e-011   1.59589e-011   5.63178e-005      0.0108034  
      69180.0        85.0000        100113.00            10.00        12.7185        19.4451        262.527        5.12628        531.001        264.104        316.460        276.000        20.3283        4.65963        189.376       -97.4726        19.4450        531.010        8.21630       -1.87401        318.294       0.248330        5.38291        64.1157     0.00250117   2.23104e-018   2.02902e-014   2.56986e-013   1.72066e-010   3.13777e-010   1.74801e-006   7.79104e-018   2.08267e-012   1.57890e-011   9.32742e-008   8.47121e-010   1.59317e-013   1.24919e-011   1.80496e-010   7.64951e-012   8.05221e-014   4.74580e-013   9.73945e-015   3.05509e-007   2.56082e-011   3.56849e-015   4.39389e-010   1.65200e-018   5.88205e-008   4.38931e-010   3.14808e-011   5.54922e-012   1.59181e-010   9.16381e-010   4.76756e-011   5.19089e-010   8.40217e-011   5.52805e-013   6.47165e-012   5.79548e-013       0.000000   1.97665e-012   2.16239e-012   1.64407e-010   6.00000e-010   4.93787e-012   3.12035e-012   4.93865e-013  -1.09616e-009   5.85164e-008   3.21193e-013   1.91295e-011   1.60710e-011   5.70214e-005      0.0109680  
