sample_files/i/ict/RAQMS60_MODEL_20060326_R0_C130.ict
112 1001
Pierce, R. Bradley
NOAA/NESDIS
Merged data file for MILAGRO, Flight 10 (20060326), on the c130 platform. Data is merged to 60 seconds.
NCAR MILAGRO Mission 2006
1 1
2006 03 26 2007 07 12
60
UTC,s
74
1 1 1 1 1 1 1 1 1 1 1 1 1 1 1 1 1 1 1 1 1 1 1 1 1 1 1 1 1 1 1 1 1 1 1 1 1 1 1 1 1 1 1 1 1 1 1 1 1 1 1 1 1 1 1 1 1 1 1 1 1 1 1 1 1 1 1 1 1 1 1 1 1 1
-9999 -9999 -9999 -9999 -9999 -9999 -9999 -9999 -9999 -9999 -9999 -9999 -9999 -9999 -9999 -9999 -9999 -9999 -9999 -9999 -9999 -9999 -9999 -9999 -9999 -9999 -9999 -9999 -9999 -9999 -9999 -9999 -9999 -9999 -9999 -9999 -9999 -9999 -9999 -9999 -9999 -9999 -9999 -9999 -9999 -9999 -9999 -9999 -9999 -9999 -9999 -9999 -9999 -9999 -9999 -9999 -9999 -9999 -9999 -9999 -9999 -9999 -9999 -9999 -9999 -9999 -9999 -9999 -9999 -9999 -9999 -9999 -9999 -9999
JDAY, days
INDEX, none
FLIGHT, none
LOCAL_SUN_TIME, hour
LATITUDE, deg
LONGITUDE, deg
ALTP, km
PRESSURE, hPa
TEMPERATURE, K
THETA, K
O3COLUMN, DU
SZA, deg
WNS, m/s
WND, Degs
longitude_RAQMS, deg
latitude_RAQMS, deg
pressure_RAQMS, hPa
U_velocity_RAQMS, m/s
V_velocity_RAQMS, m/s
Theta_RAQMS, K
PV_RAQMS, PVU
Geopotential_RAQMS, km
QDF_RAQMS, 1/s
H2O_RAQMS, vmr
BrCl_RAQMS, vmr
BrNO3_RAQMS, vmr
Bry_RAQMS, vmr
CH2O_RAQMS, vmr
CH3OOH_RAQMS, vmr
CH4_RAQMS, vmr
Cl2_RAQMS, vmr
ClNO3_RAQMS, vmr
Cly_RAQMS, vmr
CO_RAQMS, vmr
H2O2_RAQMS, vmr
HBr_RAQMS, vmr
HCl_RAQMS, vmr
HNO3_RAQMS, vmr
HNO4_RAQMS, vmr
HOBr_RAQMS, vmr
HOCl_RAQMS, vmr
N2O5_RAQMS, vmr
N2O_RAQMS, vmr
NO2_RAQMS, vmr
NO3_RAQMS, vmr
NOy_RAQMS, vmr
OClO_RAQMS, vmr
Ox_RAQMS, vmr
C2H6_RAQMS, vmr
ald2_RAQMS, vmr
ethOOH_RAQMS, vmr
PAN_RAQMS, vmr
par_RAQMS, vmr
onit_RAQMS, vmr
aone_RAQMS, vmr
rOOH_RAQMS, vmr
mgly_RAQMS, vmr
ethene_RAQMS, vmr
olet_RAQMS, vmr
olei_RAQMS, vmr
isop_RAQMS, vmr
isoprd_RAQMS, vmr
propar_RAQMS, vmr
CH3OH_RAQMS, vmr
MVK_RAQMS, vmr
macr_RAQMS, vmr
MPAN_RAQMS, vmr
oxprod_RAQMS, vmr/day
O3_RAQMS, vmr
OH_RAQMS, vmr
HO2_RAQMS, vmr
NO_RAQMS, vmr
jO1d_RAQMS, 1/s
jNO_RAQMS, 1/s
0
24
PI_CONTACT_INFO: NOAA/NESDIS, 1225 W DAYTON STREET RM 203, MADISON, WI 53706-1612; email brad.pierce@noaa.gov or brad.pierce@ssec.wisc.edu; (608)890-1892
PLATFORM: RAQMS global model sampled along C130 flight track
LOCATION:  Latitude, Longitude, and Altitude included in data records
ASSOCIATED_DATA: N/A
INSTRUMENT_INFO: RAQMS global predictions at horizontal resolution of 2.0 degrees x 2.0 degrees
DATA_INFO: All constituent data are in volume mixing ratio (vmr); 1 PVU=10-6 K m2 kg-1 s-1; QDF is scaled by the radius of the earth
UNCERTAINTY: N/A
ULOD_FLAG: -7777
ULOD_VALUE: N/A
LLOD_FLAG: -8888
LLOD_VALUE: N/A
DM_CONTACT_INFO: Jay Al-Saadi, NASA Langley Research Center; j.a.al-saadi@nasa.gov; 757-864-5164
PROJECT_INFO: N/A
STIPULATIONS_ON_USE: Use of these data requires prior OK from the PI
OTHER_COMMENTS:This merge was created using data in the NASA LaRC INTEX-B archive
 as of 07/07/2007
 In most cases, variable names have been kept identical
 to those submitted in the raw data files.
 However, in some cases, names have been changed 
 (e.g., to eliminate duplication) 
 Units have been standardized throughout the merge.
REVISION: R0
R0: No Comment for this revision
 UTC JDAY INDEX FLIGHT LOCAL_SUN_TIME LATITUDE LONGITUDE ALTP PRESSURE TEMPERATURE THETA O3COLUMN SZA WNS WND longitude_RAQMS latitude_RAQMS pressure_RAQMS U_velocity_RAQMS V_velocity_RAQMS Theta_RAQMS PV_RAQMS Geopotential_RAQMS QDF_RAQMS H2O_RAQMS BrCl_RAQMS BrNO3_RAQMS Bry_RAQMS CH2O_RAQMS CH3OOH_RAQMS CH4_RAQMS Cl2_RAQMS ClNO3_RAQMS Cly_RAQMS CO_RAQMS H2O2_RAQMS HBr_RAQMS HCl_RAQMS HNO3_RAQMS HNO4_RAQMS HOBr_RAQMS HOCl_RAQMS N2O5_RAQMS N2O_RAQMS NO2_RAQMS NO3_RAQMS NOy_RAQMS OClO_RAQMS Ox_RAQMS C2H6_RAQMS ald2_RAQMS ethOOH_RAQMS PAN_RAQMS par_RAQMS onit_RAQMS aone_RAQMS rOOH_RAQMS mgly_RAQMS ethene_RAQMS olet_RAQMS olei_RAQMS isop_RAQMS isoprd_RAQMS propar_RAQMS CH3OH_RAQMS MVK_RAQMS macr_RAQMS MPAN_RAQMS oxprod_RAQMS O3_RAQMS OH_RAQMS HO2_RAQMS NO_RAQMS jO1d_RAQMS jNO_RAQMS
[from data line 43]
      65040.0        85.0000        100044.00            10.00        11.5174        20.0058        261.762        4.99379        540.504        265.183        316.147        286.000        19.2854        4.11716        238.106       -98.2389        20.0056        540.509        8.16503       -2.79630        317.184       0.273053        5.21581        66.1025     0.00241956   6.86105e-020   2.16090e-015   2.74123e-013   1.75288e-010   3.20265e-010   1.74979e-006   1.00170e-017   2.41651e-012   1.67659e-011   9.19324e-008   8.30040e-010   1.51122e-013   1.34018e-011   2.01352e-010   7.57062e-012   4.94978e-015   5.28271e-013   3.24204e-015   3.05673e-007   1.99733e-011   3.13256e-015   4.37084e-010   5.08471e-020   6.01520e-008   4.37511e-010   2.86633e-011   5.32731e-012   1.50224e-010   7.90461e-010   4.02784e-011   5.24308e-010   7.19529e-011   5.56166e-013   7.33033e-012   5.19199e-013       0.000000   1.01448e-013   1.42712e-012   1.45384e-010   6.00000e-010   4.27731e-012   2.57540e-012   5.45053e-013  -6.12184e-010   5.98623e-008   3.53295e-013   2.18955e-011   1.53957e-011   6.02601e-005      0.0112305  
      65100.0        85.0000        100045.00            10.00        11.5293        19.9909        261.690        4.99342        540.530        265.185        316.145        268.000        19.2084        3.53103        253.465       -98.3107        19.9909        540.527        8.16704       -2.75585        317.192       0.265389        5.21703        60.7912     0.00243879   1.69864e-019   3.60703e-015   2.72415e-013   1.78151e-010   3.18812e-010   1.74983e-006   9.96550e-018   2.40333e-012   1.66856e-011   9.21804e-008   8.26440e-010   1.50987e-013   1.33246e-011   2.02452e-010   7.89267e-012   9.67665e-015   5.19602e-013   4.07883e-015   3.05679e-007   2.15728e-011   3.28355e-015   4.43376e-010   1.21163e-019   6.01909e-008   4.37910e-010   2.90848e-011   5.31186e-012   1.51949e-010   7.95710e-010   4.11837e-011   5.23917e-010   7.17862e-011   5.84318e-013   7.53041e-012   5.25213e-013       0.000000   2.26361e-013   1.44030e-012   1.45397e-010   6.00000e-010   4.26664e-012   2.56421e-012   5.45140e-013  -5.52185e-010   5.98903e-008   3.54974e-013   2.18131e-011   1.63555e-011   6.02268e-005      0.0112398  
      65160.0        85.0000        100046.00            10.00        11.5411        19.9895        261.616        4.99512        540.408        264.749        315.645        268.000        19.1460        3.92558        241.353       -98.3845        19.9897        540.404        8.17382       -2.71958        317.206       0.258703        5.22051        56.0826     0.00245173   2.40602e-019   4.66279e-015   2.71171e-013   1.80936e-010   3.17317e-010   1.74992e-006   9.93306e-018   2.39268e-012   1.66287e-011   9.24484e-008   8.23819e-010   1.51113e-013   1.32700e-011   2.04257e-010   8.24620e-012   1.28193e-014   5.11886e-013   5.08181e-015   3.05688e-007   2.32416e-011   3.44114e-015   4.50502e-010   1.70340e-019   6.02221e-008   4.38457e-010   2.96188e-011   5.29662e-012   1.53594e-010   8.04732e-010   4.21187e-011   5.23526e-010   7.17476e-011   6.15731e-013   7.77388e-012   5.37605e-013       0.000000   3.76068e-013   1.46447e-012   1.45809e-010   6.00000e-010   4.28499e-012   2.57152e-012   5.47763e-013  -4.96003e-010   5.99100e-008   3.56007e-013   2.17035e-011   1.73821e-011   6.01768e-005      0.0112533  
      65220.0        85.0000        100047.00            10.00        11.5529        19.9810        261.544        5.00030        540.034        264.852        315.831        268.000        19.0778        4.14676        249.203       -98.4570        19.9808        540.026        8.17389       -2.68347        317.239       0.252557        5.22747        51.2757     0.00244817   2.79098e-019   5.34723e-015   2.70071e-013   1.82419e-010   3.15670e-010   1.74993e-006   9.84365e-018   2.37393e-012   1.65690e-011   9.26374e-008   8.19897e-010   1.51040e-013   1.32232e-011   2.04911e-010   8.53134e-012   1.51045e-014   5.05466e-013   6.09291e-015   3.05690e-007   2.46462e-011   3.57088e-015   4.54741e-010   1.97084e-019   6.02608e-008   4.38715e-010   2.98523e-011   5.26885e-012   1.54445e-010   8.06690e-010   4.25820e-011   5.23152e-010   7.11581e-011   6.34951e-013   7.90984e-012   5.48385e-013       0.000000   5.14007e-013   1.47632e-012   1.45653e-010   6.00000e-010   4.26776e-012   2.55978e-012   5.45067e-013  -4.64720e-010   5.99391e-008   3.55937e-013   2.15769e-011   1.82077e-011   6.01640e-005      0.0112674  
      65280.0        85.0000        100048.00            10.00        11.5650        19.9516        261.475        5.00520        539.679        264.743        315.760        268.000        18.9899        4.98122        223.454       -98.5252        19.9513        539.684        8.14535       -2.63733        317.283       0.246093        5.23388        45.7137     0.00243138   2.95173e-019   5.76073e-015   2.68852e-013   1.82179e-010   3.14133e-010   1.74980e-006   9.66370e-018   2.34229e-012   1.64883e-011   9.27055e-008   8.14234e-010   1.50526e-013   1.31690e-011   2.03401e-010   8.66118e-012   1.74142e-014   5.00619e-013   6.97859e-015   3.05680e-007   2.55645e-011   3.65250e-015   4.54189e-010   2.08154e-019   6.02935e-008   4.38468e-010   2.96343e-011   5.22900e-012   1.54157e-010   7.98983e-010   4.24864e-011   5.22824e-010   6.99267e-011   6.35485e-013   7.85938e-012   5.53739e-013       0.000000   6.11991e-013   1.46615e-012   1.44648e-010   6.00000e-010   4.19174e-012   2.51521e-012   5.34023e-013  -4.77338e-010   5.99651e-008   3.54708e-013   2.14551e-011   1.86409e-011   6.02267e-005      0.0112792  
      65340.0        85.0000        100049.00            10.00        11.5770        19.9284        261.404        5.00193        539.916        264.980        316.003        268.000        18.9101        5.82200        211.194       -98.5962        19.9282        539.913        8.10077       -2.57264        317.286       0.238463        5.23230        39.9840     0.00245283   3.56299e-019   6.70594e-015   2.67359e-013   1.85376e-010   3.12775e-010   1.74985e-006   9.60543e-018   2.32525e-012   1.64107e-011   9.29802e-008   8.10836e-010   1.50258e-013   1.31009e-011   2.04977e-010   9.07615e-012   2.09020e-014   4.93339e-013   8.27666e-015   3.05688e-007   2.75386e-011   3.83050e-015   4.61408e-010   2.50561e-019   6.03051e-008   4.38851e-010   3.01695e-011   5.20857e-012   1.55473e-010   8.09754e-010   4.35509e-011   5.22529e-010   6.97030e-011   6.69530e-013   8.12769e-012   5.76383e-013       0.000000   8.15156e-013   1.49823e-012   1.44888e-010   6.00000e-010   4.21811e-012   2.52918e-012   5.36355e-013  -4.41366e-010   5.99619e-008   3.57127e-013   2.13707e-011   1.98574e-011   6.02453e-005      0.0112888  
      65400.0        85.0000        100050.00            10.00        11.5887        19.9342        261.330        5.01217        539.177        264.564        315.630        268.000        18.8599        5.86637        218.922       -98.6704        19.9344        539.178        8.11137       -2.54375        317.327       0.233822        5.24415        36.3444     0.00244659   3.74530e-019   7.10335e-015   2.66715e-013   1.87607e-010   3.10841e-010   1.74994e-006   9.56731e-018   2.31386e-012   1.63805e-011   9.32360e-008   8.07711e-010   1.50486e-013   1.30791e-011   2.07275e-010   9.50374e-012   2.15099e-014   4.87060e-013   9.72077e-015   3.05694e-007   2.93982e-011   4.00515e-015   4.68724e-010   2.63288e-019   6.03569e-008   4.39405e-010   3.06439e-011   5.18010e-012   1.56722e-010   8.16488e-010   4.41865e-011   5.22154e-010   6.92343e-011   6.99688e-013   8.40228e-012   6.00334e-013       0.000000   1.01346e-012   1.53178e-012   1.45130e-010   6.00000e-010   4.24883e-012   2.54708e-012   5.39275e-013  -3.86047e-010   6.00017e-008   3.57378e-013   2.12183e-011   2.09924e-011   6.01807e-005      0.0113042  
      65460.0        85.0000        100051.00            10.00        11.6005        19.9593        261.258        5.00498        539.695        264.481        315.445        268.000        18.8290        6.05129        219.038       -98.7430        19.9596        539.696        8.11260       -2.47494        317.272       0.226905        5.23832        32.4090     0.00253497   4.74257e-019   8.74679e-015   2.65592e-013   1.99133e-010   3.08982e-010   1.75045e-006   9.85436e-018   2.33963e-012   1.63682e-011   9.40315e-008   8.10316e-010   1.51399e-013   1.30352e-011   2.18235e-010   1.07767e-011   2.46570e-014   4.74453e-013   1.23206e-014   3.05736e-007   3.42293e-011   4.44661e-015   4.97454e-010   3.32810e-019   6.03657e-008   4.41644e-010   3.31468e-011   5.19440e-012   1.62215e-010   8.72392e-010   4.77991e-011   5.21887e-010   7.12562e-011   8.20811e-013   9.56175e-012   6.69799e-013       0.000000   1.52229e-012   1.67911e-012   1.48693e-010   6.00000e-010   4.55483e-012   2.72296e-012   5.78098e-013  -1.92434e-010   5.99747e-008   3.67843e-013   2.11535e-011   2.44111e-011   5.99993e-005      0.0113123  
      65520.0        85.0000        100052.00            10.00        11.6124        19.9869        261.186        5.00471        539.716        264.514        315.481        269.000        18.8019        5.06710        226.482       -98.8151        19.9872        539.717        8.13118       -2.41396        317.243       0.221036        5.23933        28.7829     0.00260299   5.31547e-019   1.00123e-014   2.64858e-013   2.09818e-010   3.06585e-010   1.75090e-006   1.01109e-017   2.36083e-012   1.63688e-011   9.47747e-008   8.11968e-010   1.52353e-013   1.30124e-011   2.28984e-010   1.20604e-011   2.64904e-014   4.62531e-013   1.50921e-014   3.05772e-007   3.90309e-011   4.88292e-015   5.25078e-010   3.72911e-019   6.03975e-008   4.43726e-010   3.54696e-011   5.19312e-012   1.67239e-010   9.22929e-010   5.09927e-011   5.21605e-010   7.27617e-011   9.35424e-013   1.06830e-011   7.39730e-013       0.000000   2.04212e-012   1.82023e-012   1.51842e-010   6.00000e-010   4.83958e-012   2.88793e-012   6.13821e-013   2.13556e-013   5.99709e-008   3.77412e-013   2.10560e-011   2.78117e-011   5.98268e-005      0.0113230  
      65580.0        85.0000        100053.00            10.00        11.6242        20.0143        261.113        5.00967        539.359        264.543        315.575        272.000        18.7762        5.05638        241.772       -98.8872        20.0145        539.358        8.15179       -2.37814        317.258       0.217135        5.24617        25.6748     0.00260625   5.11371e-019   1.01403e-014   2.64875e-013   2.13443e-010   3.04959e-010   1.75108e-006   1.01320e-017   2.35669e-012   1.63747e-011   9.51089e-008   8.12161e-010   1.53087e-013   1.30209e-011   2.33462e-010   1.26042e-011   2.59118e-014   4.56539e-013   1.70043e-014   3.05787e-007   4.13979e-011   5.11064e-015   5.36231e-010   3.59161e-019   6.04189e-008   4.44552e-010   3.63549e-011   5.17520e-012   1.68784e-010   9.41681e-010   5.20603e-011   5.21367e-010   7.28797e-011   9.81010e-013   1.11315e-011   7.77537e-013       0.000000   2.30581e-012   1.88119e-012   1.52982e-010   6.00000e-010   4.94146e-012   2.94872e-012   6.24219e-013   7.34196e-011   5.99765e-008   3.78484e-013   2.09057e-011   2.92781e-011   5.97378e-005      0.0113421  
      65640.0        85.0000        100054.00            10.00        11.6362        20.0212        261.043        5.00564        539.648        264.460        315.428        272.000        18.7320        5.72953        238.345       -98.9574        20.0209        539.646        8.12363       -2.30136        317.235       0.210960        5.24360        21.1695     0.00265649   5.37046e-019   1.09170e-014   2.64109e-013   2.21366e-010   3.03176e-010   1.75138e-006   1.02585e-017   2.36076e-012   1.63523e-011   9.56752e-008   8.12551e-010   1.53539e-013   1.29920e-011   2.40952e-010   1.35834e-011   2.74465e-014   4.47525e-013   1.95758e-014   3.05810e-007   4.53158e-011   5.46863e-015   5.56240e-010   3.77171e-019   6.04235e-008   4.45910e-010   3.80241e-011   5.16500e-012   1.71972e-010   9.79402e-010   5.44498e-011   5.21192e-010   7.36635e-011   1.06642e-012   1.19614e-011   8.40691e-013       0.000000   2.74981e-012   1.99082e-012   1.55069e-010   6.00000e-010   5.14635e-012   3.06943e-012   6.47805e-013   1.94423e-010   5.99520e-008   3.85568e-013   2.08156e-011   3.19337e-011   5.96674e-005      0.0113529  
      65700.0        85.0000        100055.00            10.00        11.6528        19.9679        261.041        5.01020        539.319        264.533        315.570        269.000        18.6134        4.64068        223.411       -98.9582        19.9675        539.309        8.06126       -2.27906        317.269       0.208752        5.24780        19.5077     0.00265416   5.63697e-019   1.10839e-014   2.62884e-013   2.20347e-010   3.02573e-010   1.75126e-006   1.01285e-017   2.34315e-012   1.62785e-011   9.56421e-008   8.06893e-010   1.52417e-013   1.29347e-011   2.38199e-010   1.35355e-011   2.90052e-014   4.47199e-013   2.02385e-014   3.05800e-007   4.56289e-011   5.53957e-015   5.53017e-010   3.95316e-019   6.04569e-008   4.45582e-010   3.76132e-011   5.14077e-012   1.71617e-010   9.67622e-010   5.41898e-011   5.21091e-010   7.26632e-011   1.05477e-012   1.18415e-011   8.52410e-013       0.000000   2.76115e-012   1.98973e-012   1.53958e-010   6.00000e-010   5.10859e-012   3.05125e-012   6.42906e-013   1.62720e-010   5.99859e-008   3.84784e-013   2.07790e-011   3.17501e-011   5.96106e-005      0.0113165  
      65760.0        85.0000        100056.00            10.00        11.6742        19.9590        261.113        5.02076        538.558        264.300        315.419        269.000        18.5213        4.39225        219.982       -98.8859        19.9592        538.569        8.10275       -2.36971        317.336       0.215565        5.25685        24.8865     0.00256633   4.91087e-019   9.70262e-015   2.63818e-013   2.08009e-010   3.04467e-010   1.75081e-006   9.80271e-018   2.32304e-012   1.62909e-011   9.48937e-008   8.04989e-010   1.51724e-013   1.29661e-011   2.26557e-010   1.20338e-011   2.60684e-014   4.59290e-013   1.82373e-014   3.05765e-007   4.08406e-011   5.21610e-015   5.23846e-010   3.44682e-019   6.04695e-008   4.43727e-010   3.51552e-011   5.13857e-012   1.66938e-010   9.11296e-010   5.06792e-011   5.21263e-010   7.10837e-011   9.27335e-013   1.06450e-011   7.87799e-013       0.000000   2.14490e-012   1.86442e-012   1.51048e-010   6.00000e-010   4.85365e-012   2.90765e-012   6.11401e-013  -2.49735e-011   6.00419e-008   3.69268e-013   2.07368e-011   2.76212e-011   5.93902e-005      0.0112545  
      65820.0        85.0000        100057.00            10.00        11.6941        20.0103        261.161        5.00984        539.345        264.436        315.449        272.000        18.4980        5.06038        248.519       -98.8389        20.0108        539.340        8.16832       -2.39895        317.274       0.219108        5.24538        29.2909     0.00260277   4.80322e-019   9.73945e-015   2.64812e-013   2.10220e-010   3.05700e-010   1.75110e-006   9.98208e-018   2.35779e-012   1.63668e-011   9.50322e-008   8.12873e-010   1.52680e-013   1.30048e-011   2.29957e-010   1.19922e-011   2.47367e-014   4.60901e-013   1.84590e-014   3.05784e-007   4.10983e-011   5.33501e-015   5.30207e-010   3.37664e-019   6.04264e-008   4.44651e-010   3.60048e-011   5.18844e-012   1.68701e-010   9.35107e-010   5.16972e-011   5.21543e-010   7.31647e-011   9.48448e-013   1.09179e-011   7.98428e-013       0.000000   2.09219e-012   1.92237e-012   1.53629e-010   6.00000e-010   5.03532e-012   3.01529e-012   6.35170e-013   2.06770e-011   6.00016e-008   3.68675e-013   2.07520e-011   2.74460e-011   5.90056e-005      0.0112059  
