sample_files/i/ict/RAQMS60_MODEL_20060326_R0_C130.ict
112 1001
Pierce, R. Bradley
NOAA/NESDIS
Merged data file for MILAGRO, Flight 10 (20060326), on the c130 platform. Data is merged to 60 seconds.
NCAR MILAGRO Mission 2006
1 1
2006 03 26 2007 07 12
60
UTC,s
74
1 1 1 1 1 1 1 1 1 1 1 1 1 1 1 1 1 1 1 1 1 1 1 1 1 1 1 1 1 1 1 1 1 1 1 1 1 1 1 1 1 1 1 1 1 1 1 1 1 1 1 1 1 1 1 1 1 1 1 1 1 1 1 1 1 1 1 1 1 1 1 1 1 1
-9999 -9999 -9999 -9999 -9999 -9999 -9999 -9999 -9999 -9999 -9999 -9999 -9999 -9999 -9999 -9999 -9999 -9999 -9999 -9999 -9999 -9999 -9999 -9999 -9999 -9999 -9999 -9999 -9999 -9999 -9999 -9999 -9999 -9999 -9999 -9999 -9999 -9999 -9999 -9999 -9999 -9999 -9999 -9999 -9999 -9999 -9999 -9999 -9999 -9999 -9999 -9999 -9999 -9999 -9999 -9999 -9999 -9999 -9999 -9999 -9999 -9999 -9999 -9999 -9999 -9999 -9999 -9999 -9999 -9999 -9999 -9999 -9999 -9999
JDAY, days
INDEX, none
FLIGHT, none
LOCAL_SUN_TIME, hour
LATITUDE, deg
LONGITUDE, deg
ALTP, km
PRESSURE, hPa
TEMPERATURE, K
THETA, K
O3COLUMN, DU
SZA, deg
WNS, m/s
WND, Degs
longitude_RAQMS, deg
latitude_RAQMS, deg
pressure_RAQMS, hPa
U_velocity_RAQMS, m/s
V_velocity_RAQMS, m/s
Theta_RAQMS, K
PV_RAQMS, PVU
Geopotential_RAQMS, km
QDF_RAQMS, 1/s
H2O_RAQMS, vmr
BrCl_RAQMS, vmr
BrNO3_RAQMS, vmr
Bry_RAQMS, vmr
CH2O_RAQMS, vmr
CH3OOH_RAQMS, vmr
CH4_RAQMS, vmr
Cl2_RAQMS, vmr
ClNO3_RAQMS, vmr
Cly_RAQMS, vmr
CO_RAQMS, vmr
H2O2_RAQMS, vmr
HBr_RAQMS, vmr
HCl_RAQMS, vmr
HNO3_RAQMS, vmr
HNO4_RAQMS, vmr
HOBr_RAQMS, vmr
HOCl_RAQMS, vmr
N2O5_RAQMS, vmr
N2O_RAQMS, vmr
NO2_RAQMS, vmr
NO3_RAQMS, vmr
NOy_RAQMS, vmr
OClO_RAQMS, vmr
Ox_RAQMS, vmr
C2H6_RAQMS, vmr
ald2_RAQMS, vmr
ethOOH_RAQMS, vmr
PAN_RAQMS, vmr
par_RAQMS, vmr
onit_RAQMS, vmr
aone_RAQMS, vmr
rOOH_RAQMS, vmr
mgly_RAQMS, vmr
ethene_RAQMS, vmr
olet_RAQMS, vmr
olei_RAQMS, vmr
isop_RAQMS, vmr
isoprd_RAQMS, vmr
propar_RAQMS, vmr
CH3OH_RAQMS, vmr
MVK_RAQMS, vmr
macr_RAQMS, vmr
MPAN_RAQMS, vmr
oxprod_RAQMS, vmr/day
O3_RAQMS, vmr
OH_RAQMS, vmr
HO2_RAQMS, vmr
NO_RAQMS, vmr
jO1d_RAQMS, 1/s
jNO_RAQMS, 1/s
0
24
PI_CONTACT_INFO: NOAA/NESDIS, 1225 W DAYTON STREET RM 203, MADISON, WI 53706-1612; email brad.pierce@noaa.gov or brad.pierce@ssec.wisc.edu; (608)890-1892
PLATFORM: RAQMS global model sampled along C130 flight track
LOCATION:  Latitude, Longitude, and Altitude included in data records
ASSOCIATED_DATA: N/A
INSTRUMENT_INFO: RAQMS global predictions at horizontal resolution of 2.0 degrees x 2.0 degrees
DATA_INFO: All constituent data are in volume mixing ratio (vmr); 1 PVU=10-6 K m2 kg-1 s-1; QDF is scaled by the radius of the earth
UNCERTAINTY: N/A
ULOD_FLAG: -7777
ULOD_VALUE: N/A
LLOD_FLAG: -8888
LLOD_VALUE: N/A
DM_CONTACT_INFO: Jay Al-Saadi, NASA Langley Research Center; j.a.al-saadi@nasa.gov; 757-864-5164
PROJECT_INFO: N/A
STIPULATIONS_ON_USE: Use of these data requires prior OK from the PI
OTHER_COMMENTS:This merge was created using data in the NASA LaRC INTEX-B archive
 as of 07/07/2007
 In most cases, variable names have been kept identical
 to those submitted in the raw data files.
 However, in some cases, names have been changed 
 (e.g., to eliminate duplication) 
 Units have been standardized throughout the merge.
REVISION: R0
R0: No Comment for this revision
 UTC JDAY INDEX FLIGHT LOCAL_SUN_TIME LATITUDE LONGITUDE ALTP PRESSURE TEMPERATURE THETA O3COLUMN SZA WNS WND longitude_RAQMS latitude_RAQMS pressure_RAQMS U_velocity_RAQMS V_velocity_RAQMS Theta_RAQMS PV_RAQMS Geopotential_RAQMS QDF_RAQMS H2O_RAQMS BrCl_RAQMS BrNO3_RAQMS Bry_RAQMS CH2O_RAQMS CH3OOH_RAQMS CH4_RAQMS Cl2_RAQMS ClNO3_RAQMS Cly_RAQMS CO_RAQMS H2O2_RAQMS HBr_RAQMS HCl_RAQMS HNO3_RAQMS HNO4_RAQMS HOBr_RAQMS HOCl_RAQMS N2O5_RAQMS N2O_RAQMS NO2_RAQMS NO3_RAQMS NOy_RAQMS OClO_RAQMS Ox_RAQMS C2H6_RAQMS ald2_RAQMS ethOOH_RAQMS PAN_RAQMS par_RAQMS onit_RAQMS aone_RAQMS rOOH_RAQMS mgly_RAQMS ethene_RAQMS olet_RAQMS olei_RAQMS isop_RAQMS isoprd_RAQMS propar_RAQMS CH3OH_RAQMS MVK_RAQMS macr_RAQMS MPAN_RAQMS oxprod_RAQMS O3_RAQMS OH_RAQMS HO2_RAQMS NO_RAQMS jO1d_RAQMS jNO_RAQMS
[from data line 58]
      65940.0        85.0000        100059.00            10.00        11.7206        20.0792        261.059        5.01311        539.109        264.328        315.360        272.000        18.4747        6.61885        237.442       -98.9416        20.0790        539.112        8.20148       -2.38679        317.312       0.216628        5.25232        26.6946     0.00252773   3.54118e-019   8.31544e-015   2.66370e-013   2.04541e-010   3.06070e-010   1.75102e-006   9.67260e-018   2.32207e-012   1.64111e-011   9.48943e-008   8.16217e-010   1.53984e-013   1.30756e-011   2.26973e-010   1.13879e-011   2.05098e-014   4.62560e-013   1.97651e-014   3.05781e-007   4.03123e-011   5.33729e-015   5.20409e-010   2.50967e-019   6.03835e-008   4.43988e-010   3.52079e-011   5.17224e-012   1.65735e-010   9.19128e-010   5.02438e-011   5.21301e-010   7.22398e-011   9.04853e-013   1.04954e-011   8.00416e-013       0.000000   1.97967e-012   1.89732e-012   1.53034e-010   6.00000e-010   4.94262e-012   2.96714e-012   6.15744e-013  -7.38387e-011   5.99726e-008   3.54898e-013   2.04695e-011   2.59565e-011   5.88569e-005      0.0112341  
      66000.0        85.0000        100060.00            10.00        11.7353        20.0260        261.029        5.01192        539.196        264.311        315.325        272.000        18.3764        5.85665        227.780       -98.9710        20.0255        539.187        8.14120       -2.27611        317.273       0.208518        5.25024        21.9240     0.00266792   5.04352e-019   1.08540e-014   2.63643e-013   2.22427e-010   3.02045e-010   1.75158e-006   1.01024e-017   2.35742e-012   1.63314e-011   9.59871e-008   8.12201e-010   1.53606e-013   1.29646e-011   2.42027e-010   1.35375e-011   2.65734e-014   4.45251e-013   2.41685e-014   3.05825e-007   4.81663e-011   6.07239e-015   5.63185e-010   3.54740e-019   6.04710e-008   4.46947e-010   3.86450e-011   5.15715e-012   1.74015e-010   9.92042e-010   5.54027e-011   5.21126e-010   7.40028e-011   1.08486e-012   1.22819e-011   9.21540e-013       0.000000   2.82993e-012   2.12164e-012   1.56851e-010   6.00000e-010   5.39004e-012   3.22864e-012   6.75474e-013   2.37755e-010   6.00003e-008   3.76520e-013   2.04877e-011   3.15522e-011   5.86834e-005      0.0111964  
      66060.0        85.0000        100061.00            10.00        11.7554        19.9783        261.080        5.01014        539.325        264.405        315.417        269.000        18.2697        4.63031        220.528       -98.9190        19.9780        539.331        8.10018       -2.27969        317.272       0.209076        5.24649        23.2796     0.00268791   5.49176e-019   1.12077e-014   2.62578e-013   2.21731e-010   3.02406e-010   1.75151e-006   1.00715e-017   2.35949e-012   1.62790e-011   9.59244e-008   8.09291e-010   1.52484e-013   1.29085e-011   2.39429e-010   1.33502e-011   2.83958e-014   4.47123e-013   2.40620e-014   3.05819e-007   4.78715e-011   6.11932e-015   5.59957e-010   3.85405e-019   6.04850e-008   4.46848e-010   3.84042e-011   5.16159e-012   1.74289e-010   9.86042e-010   5.54045e-011   5.21234e-010   7.39615e-011   1.07188e-012   1.21736e-011   9.25030e-013       0.000000   2.73896e-012   2.12874e-012   1.56582e-010   6.00000e-010   5.40853e-012   3.24274e-012   6.79735e-013   2.10539e-010   6.00200e-008   3.76412e-013   2.05299e-011   3.09619e-011   5.84917e-005      0.0111287  
      66120.0        85.0000        100062.00            10.00        11.7770        19.9808        261.156        5.01361        539.073        264.397        315.449        269.000        18.2126        4.31827        229.091       -98.8439        19.9812        539.074        8.14670       -2.35354        317.297       0.215196        5.24861        28.5964     0.00264087   5.01143e-019   1.03144e-014   2.63338e-013   2.13716e-010   3.04182e-010   1.75129e-006   9.90756e-018   2.35703e-012   1.63008e-011   9.54277e-008   8.09912e-010   1.52039e-013   1.29318e-011   2.31866e-010   1.22879e-011   2.61642e-014   4.56529e-013   2.22454e-014   3.05800e-007   4.43788e-011   5.89126e-015   5.40762e-010   3.51946e-019   6.04819e-008   4.45807e-010   3.69023e-011   5.17620e-012   1.71566e-010   9.53143e-010   5.32491e-011   5.21473e-010   7.34936e-011   9.86739e-013   1.13928e-011   8.75597e-013       0.000000   2.27328e-012   2.05290e-012   1.55299e-010   6.00000e-010   5.27720e-012   3.16959e-012   6.64391e-013   7.98492e-011   6.00486e-008   3.65962e-013   2.05229e-011   2.80036e-011   5.82128e-005      0.0110639  
      66180.0        85.0000        100063.00            10.00        11.7953        20.0428        261.179        5.01039        539.305        264.508        315.542        272.000        18.2275        5.49212        246.633       -98.8209        20.0434        539.303        8.21572       -2.41719        317.297       0.220377        5.24617        32.7830     0.00258047   3.88411e-019   8.78049e-015   2.65410e-013   2.05735e-010   3.06532e-010   1.75119e-006   9.73868e-018   2.35193e-012   1.63840e-011   9.49934e-008   8.16307e-010   1.52878e-013   1.30162e-011   2.26310e-010   1.11998e-011   2.13551e-014   4.65817e-013   2.08074e-014   3.05792e-007   4.09827e-011   5.64585e-015   5.23233e-010   2.74556e-019   6.04158e-008   4.44905e-010   3.56821e-011   5.20299e-012   1.68229e-010   9.31245e-010   5.12182e-011   5.21691e-010   7.36205e-011   9.09115e-013   1.06623e-011   8.30194e-013       0.000000   1.85090e-012   1.98622e-012   1.54984e-010   6.00000e-010   5.17087e-012   3.11099e-012   6.47902e-013  -6.38389e-011   6.00134e-008   3.52563e-013   2.04353e-011   2.51105e-011   5.79705e-005      0.0110435  
      66240.0        85.0000        100064.00            10.00        11.8084        20.0860        261.126        5.01078        539.277        264.385        315.400        272.000        18.2396        6.61422        238.778       -98.8750        20.0862        539.279        8.23157       -2.41981        317.317       0.219670        5.24873        31.7174     0.00252699   3.04855e-019   7.73510e-015   2.66596e-013   2.00843e-010   3.07324e-010   1.75110e-006   9.52175e-018   2.32764e-012   1.64183e-011   9.47968e-008   8.19122e-010   1.53680e-013   1.30689e-011   2.23155e-010   1.06407e-011   1.84825e-014   4.68687e-013   2.10265e-014   3.05784e-007   3.97066e-011   5.55292e-015   5.13320e-010   2.17442e-019   6.03734e-008   4.44164e-010   3.48819e-011   5.19786e-012   1.65646e-010   9.15099e-010   4.99001e-011   5.21558e-010   7.29854e-011   8.66587e-013   1.02339e-011   8.18098e-013       0.000000   1.70210e-012   1.94939e-012   1.54234e-010   6.00000e-010   5.07213e-012   3.05681e-012   6.30397e-013  -1.56588e-010   5.99849e-008   3.42798e-013   2.02830e-011   2.36995e-011   5.79133e-005      0.0110634  
      66300.0        85.0000        100065.00            10.00        11.8202        20.0800        261.053        5.01083        539.274        264.263        315.255        272.000        18.2078        6.80053        235.990       -98.9473        20.0797        539.273        8.20051       -2.33785        317.306       0.212969        5.24998        27.0624     0.00258348   3.62429e-019   8.87831e-015   2.65469e-013   2.09736e-010   3.04979e-010   1.75139e-006   9.65469e-018   2.33295e-012   1.63837e-011   9.54186e-008   8.17693e-010   1.54073e-013   1.30267e-011   2.31367e-010   1.17389e-011   2.11961e-014   4.57694e-013   2.44013e-014   3.05808e-007   4.43123e-011   6.00771e-015   5.35927e-010   2.57331e-019   6.04104e-008   4.45639e-010   3.66489e-011   5.18089e-012   1.69477e-010   9.51964e-010   5.24725e-011   5.21324e-010   7.35679e-011   9.61083e-013   1.11693e-011   8.94218e-013       0.000000   2.19545e-012   2.07197e-012   1.56052e-010   6.00000e-010   5.29149e-012   3.18629e-012   6.57125e-013   1.02413e-011   5.99895e-008   3.51156e-013   2.01973e-011   2.66292e-011   5.78379e-005      0.0110688  
      66360.0        85.0000        100066.00            10.00        11.8351        20.0221        261.027        5.00834        539.453        264.381        315.367        272.000        18.1201        5.87308        225.803       -98.9730        20.0216        539.449        8.13090       -2.22067        317.261       0.204590        5.24629        22.2601     0.00273527   5.21168e-019   1.15289e-014   2.62591e-013   2.28671e-010   3.00805e-010   1.75199e-006   1.01152e-017   2.37246e-012   1.63013e-011   9.65837e-008   8.13481e-010   1.53653e-013   1.29087e-011   2.47345e-010   1.39771e-011   2.75899e-014   4.39682e-013   2.94595e-014   3.05855e-007   5.27454e-011   6.83998e-015   5.81541e-010   3.66676e-019   6.05003e-008   4.48833e-010   4.03286e-011   5.16701e-012   1.78358e-010   1.03051e-009   5.80027e-011   5.21159e-010   7.55184e-011   1.15270e-012   1.30877e-011   1.03110e-012       0.000000   3.09710e-012   2.31624e-012   1.60253e-010   6.00000e-010   5.78394e-012   3.47490e-012   7.22988e-013   3.54538e-010   6.00166e-008   3.74052e-013   2.02275e-011   3.24864e-011   5.76562e-005      0.0110265  
      66420.0        85.0000        100067.00            10.00        11.8547        19.9670        261.070        5.01461        539.002        264.359        315.415        269.000        18.0294        5.10639        217.730       -98.9289        19.9668        539.004        8.09233       -2.24656        317.307       0.206044        5.25112        23.5813     0.00270416   5.27764e-019   1.12340e-014   2.61733e-013   2.22778e-010   3.01357e-010   1.75168e-006   9.90329e-018   2.35344e-012   1.62367e-011   9.62260e-008   8.07910e-010   1.52198e-013   1.28619e-011   2.39778e-010   1.33018e-011   2.81389e-014   4.44954e-013   2.84039e-014   3.05831e-007   5.06364e-011   6.70050e-015   5.65961e-010   3.70564e-019   6.05282e-008   4.47797e-010   3.89666e-011   5.15231e-012   1.76206e-010   9.97340e-010   5.63832e-011   5.21189e-010   7.41943e-011   1.08903e-012   1.24660e-011   1.00762e-012       0.000000   2.82125e-012   2.25860e-012   1.58151e-010   6.00000e-010   5.64670e-012   3.39900e-012   7.06513e-013   2.36821e-010   6.00638e-008   3.68017e-013   2.02201e-011   3.05881e-011   5.75336e-005      0.0109680  
      66480.0        85.0000        100068.00            10.00        11.8764        19.9650        261.146        5.00950        539.370        264.471        315.487        269.000        17.9927        4.39119        222.674       -98.8534        19.9652        539.373        8.11725       -2.29638        317.295       0.210588        5.24442        28.0193     0.00269161   5.11970e-019   1.08203e-014   2.62022e-013   2.17660e-010   3.03260e-010   1.75157e-006   9.82794e-018   2.35936e-012   1.62445e-011   9.58940e-008   8.09647e-010   1.51678e-013   1.28608e-011   2.34301e-010   1.24993e-011   2.73165e-014   4.52367e-013   2.66280e-014   3.05821e-007   4.79656e-011   6.53459e-015   5.52643e-010   3.59520e-019   6.05011e-008   4.47217e-010   3.80681e-011   5.17958e-012   1.74675e-010   9.79987e-010   5.52085e-011   5.21489e-010   7.44603e-011   1.03093e-012   1.19363e-011   9.69197e-013       0.000000   2.45610e-012   2.21430e-012   1.57870e-010   6.00000e-010   5.59207e-012   3.36943e-012   7.00971e-013   1.32669e-010   6.00606e-008   3.61384e-013   2.02551e-011   2.83774e-011   5.72528e-005      0.0109007  
      66540.0        85.0000        100069.00            10.00        11.8954        20.0237        261.181        4.98318        541.274        264.707        315.451        272.000        18.0252        5.59380        240.583       -98.8189        20.0243        541.328        8.15126       -2.28117        317.169       0.211202        5.21695        30.7171     0.00277864   5.41708e-019   1.14811e-014   2.62623e-013   2.24107e-010   3.04825e-010   1.75208e-006   1.01315e-017   2.40692e-012   1.63140e-011   9.62974e-008   8.20509e-010   1.52879e-013   1.28747e-011   2.41288e-010   1.27872e-011   2.77417e-014   4.50673e-013   2.73393e-014   3.05862e-007   4.95515e-011   6.78890e-015   5.68282e-010   3.81166e-019   6.04048e-008   4.48906e-010   3.98950e-011   5.25296e-012   1.78132e-010   1.03085e-009   5.77672e-011   5.21899e-010   7.78662e-011   1.09323e-012   1.25958e-011   9.97582e-013       0.000000   2.55467e-012   2.32172e-012   1.62319e-010   6.00000e-010   5.89695e-012   3.54714e-012   7.39870e-013   2.26923e-010   5.99558e-008   3.65404e-013   2.03153e-011   2.92308e-011   5.68756e-005      0.0108574  
      66600.0        85.0000        100070.00            10.00        11.9090        20.0632        261.135        4.81157        553.816        266.048        314.981        272.000        18.0487        6.97148        227.529       -98.8657        20.0633        553.950        7.78578       -1.78450        316.409       0.182448        5.04205        17.9706     0.00349012   1.09512e-018   2.01760e-014   2.57248e-013   2.88943e-010   3.06514e-010   1.75510e-006   1.21008e-017   2.62366e-012   1.62838e-011   1.00183e-007   8.56063e-010   1.56001e-013   1.25827e-011   2.97485e-010   1.82917e-011   5.01708e-014   4.04457e-013   3.87059e-014   3.06111e-007   7.19027e-011   9.12969e-015   7.14101e-010   7.67471e-019   5.99187e-008   4.60387e-010   5.42364e-011   5.54300e-012   2.05523e-010   1.39530e-009   7.96347e-011   5.23425e-010   9.51102e-011   1.73036e-012   1.88207e-011   1.40385e-012       0.000000   4.98828e-012   3.18243e-012   1.86468e-010   6.00000e-010   7.92606e-012   4.72515e-012   9.94021e-013   1.15022e-009   5.92959e-008   4.36854e-013   2.09535e-011   4.50930e-011   5.64248e-005      0.0108068  
      66660.0        85.0000        100071.00            10.00        11.9212        20.0508        261.068        4.55906        572.689        268.024        314.296        272.000        18.0241        7.01280        224.267       -98.9326        20.0505        572.866        7.13476      -0.900093        315.200       0.133473        4.77639       -5.62857     0.00474290   2.03724e-018   3.55271e-014   2.46457e-013   4.10407e-010   3.04058e-010   1.76034e-006   1.57350e-017   3.00319e-012   1.61747e-011   1.07421e-007   9.05236e-010   1.59805e-013   1.20446e-011   4.02847e-010   2.95714e-011   8.83643e-014   3.17660e-013   6.18316e-014   3.06539e-007   1.15948e-010   1.36366e-014   9.90900e-010   1.42361e-018   5.92903e-008   4.81378e-010   8.03686e-011   5.95051e-012   2.57074e-010   2.04093e-009   1.19082e-010   5.25530e-010   1.23016e-010   2.93128e-012   3.07047e-011   2.19835e-012       0.000000   9.91575e-012   4.78050e-012   2.27882e-010   6.00000e-010   1.15964e-011   6.86247e-012   1.45739e-012   2.98344e-009   5.83232e-008   5.77864e-013   2.20559e-011   7.68706e-011   5.57767e-005      0.0107103  
