sample_files/i/ict/RAQMS60_MODEL_20060326_R0_C130.ict
112 1001
Pierce, R. Bradley
NOAA/NESDIS
Merged data file for MILAGRO, Flight 10 (20060326), on the c130 platform. Data is merged to 60 seconds.
NCAR MILAGRO Mission 2006
1 1
2006 03 26 2007 07 12
60
UTC,s
74
1 1 1 1 1 1 1 1 1 1 1 1 1 1 1 1 1 1 1 1 1 1 1 1 1 1 1 1 1 1 1 1 1 1 1 1 1 1 1 1 1 1 1 1 1 1 1 1 1 1 1 1 1 1 1 1 1 1 1 1 1 1 1 1 1 1 1 1 1 1 1 1 1 1
-9999 -9999 -9999 -9999 -9999 -9999 -9999 -9999 -9999 -9999 -9999 -9999 -9999 -9999 -9999 -9999 -9999 -9999 -9999 -9999 -9999 -9999 -9999 -9999 -9999 -9999 -9999 -9999 -9999 -9999 -9999 -9999 -9999 -9999 -9999 -9999 -9999 -9999 -9999 -9999 -9999 -9999 -9999 -9999 -9999 -9999 -9999 -9999 -9999 -9999 -9999 -9999 -9999 -9999 -9999 -9999 -9999 -9999 -9999 -9999 -9999 -9999 -9999 -9999 -9999 -9999 -9999 -9999 -9999 -9999 -9999 -9999 -9999 -9999
JDAY, days
INDEX, none
FLIGHT, none
LOCAL_SUN_TIME, hour
LATITUDE, deg
LONGITUDE, deg
ALTP, km
PRESSURE, hPa
TEMPERATURE, K
THETA, K
O3COLUMN, DU
SZA, deg
WNS, m/s
WND, Degs
longitude_RAQMS, deg
latitude_RAQMS, deg
pressure_RAQMS, hPa
U_velocity_RAQMS, m/s
V_velocity_RAQMS, m/s
Theta_RAQMS, K
PV_RAQMS, PVU
Geopotential_RAQMS, km
QDF_RAQMS, 1/s
H2O_RAQMS, vmr
BrCl_RAQMS, vmr
BrNO3_RAQMS, vmr
Bry_RAQMS, vmr
CH2O_RAQMS, vmr
CH3OOH_RAQMS, vmr
CH4_RAQMS, vmr
Cl2_RAQMS, vmr
ClNO3_RAQMS, vmr
Cly_RAQMS, vmr
CO_RAQMS, vmr
H2O2_RAQMS, vmr
HBr_RAQMS, vmr
HCl_RAQMS, vmr
HNO3_RAQMS, vmr
HNO4_RAQMS, vmr
HOBr_RAQMS, vmr
HOCl_RAQMS, vmr
N2O5_RAQMS, vmr
N2O_RAQMS, vmr
NO2_RAQMS, vmr
NO3_RAQMS, vmr
NOy_RAQMS, vmr
OClO_RAQMS, vmr
Ox_RAQMS, vmr
C2H6_RAQMS, vmr
ald2_RAQMS, vmr
ethOOH_RAQMS, vmr
PAN_RAQMS, vmr
par_RAQMS, vmr
onit_RAQMS, vmr
aone_RAQMS, vmr
rOOH_RAQMS, vmr
mgly_RAQMS, vmr
ethene_RAQMS, vmr
olet_RAQMS, vmr
olei_RAQMS, vmr
isop_RAQMS, vmr
isoprd_RAQMS, vmr
propar_RAQMS, vmr
CH3OH_RAQMS, vmr
MVK_RAQMS, vmr
macr_RAQMS, vmr
MPAN_RAQMS, vmr
oxprod_RAQMS, vmr/day
O3_RAQMS, vmr
OH_RAQMS, vmr
HO2_RAQMS, vmr
NO_RAQMS, vmr
jO1d_RAQMS, 1/s
jNO_RAQMS, 1/s
0
24
PI_CONTACT_INFO: NOAA/NESDIS, 1225 W DAYTON STREET RM 203, MADISON, WI 53706-1612; email brad.pierce@noaa.gov or brad.pierce@ssec.wisc.edu; (608)890-1892
PLATFORM: RAQMS global model sampled along C130 flight track
LOCATION:  Latitude, Longitude, and Altitude included in data records
ASSOCIATED_DATA: N/A
INSTRUMENT_INFO: RAQMS global predictions at horizontal resolution of 2.0 degrees x 2.0 degrees
DATA_INFO: All constituent data are in volume mixing ratio (vmr); 1 PVU=10-6 K m2 kg-1 s-1; QDF is scaled by the radius of the earth
UNCERTAINTY: N/A
ULOD_FLAG: -7777
ULOD_VALUE: N/A
LLOD_FLAG: -8888
LLOD_VALUE: N/A
DM_CONTACT_INFO: Jay Al-Saadi, NASA Langley Research Center; j.a.al-saadi@nasa.gov; 757-864-5164
PROJECT_INFO: N/A
STIPULATIONS_ON_USE: Use of these data requires prior OK from the PI
OTHER_COMMENTS:This merge was created using data in the NASA LaRC INTEX-B archive
 as of 07/07/2007
 In most cases, variable names have been kept identical
 to those submitted in the raw data files.
 However, in some cases, names have been changed 
 (e.g., to eliminate duplication) 
 Units have been standardized throughout the merge.
REVISION: R0
R0: No Comment for this revision
 UTC JDAY INDEX FLIGHT LOCAL_SUN_TIME LATITUDE LONGITUDE ALTP PRESSURE TEMPERATURE THETA O3COLUMN SZA WNS WND longitude_RAQMS latitude_RAQMS pressure_RAQMS U_velocity_RAQMS V_velocity_RAQMS Theta_RAQMS PV_RAQMS Geopotential_RAQMS QDF_RAQMS H2O_RAQMS BrCl_RAQMS BrNO3_RAQMS Bry_RAQMS CH2O_RAQMS CH3OOH_RAQMS CH4_RAQMS Cl2_RAQMS ClNO3_RAQMS Cly_RAQMS CO_RAQMS H2O2_RAQMS HBr_RAQMS HCl_RAQMS HNO3_RAQMS HNO4_RAQMS HOBr_RAQMS HOCl_RAQMS N2O5_RAQMS N2O_RAQMS NO2_RAQMS NO3_RAQMS NOy_RAQMS OClO_RAQMS Ox_RAQMS C2H6_RAQMS ald2_RAQMS ethOOH_RAQMS PAN_RAQMS par_RAQMS onit_RAQMS aone_RAQMS rOOH_RAQMS mgly_RAQMS ethene_RAQMS olet_RAQMS olei_RAQMS isop_RAQMS isoprd_RAQMS propar_RAQMS CH3OH_RAQMS MVK_RAQMS macr_RAQMS MPAN_RAQMS oxprod_RAQMS O3_RAQMS OH_RAQMS HO2_RAQMS NO_RAQMS jO1d_RAQMS jNO_RAQMS
[from data line 29]
      64200.0        85.0000        100030.00            10.00        11.3515        20.1179        262.772        5.04278        536.974        264.528        315.957        294.000        20.4016        9.06180        255.464       -97.2283        20.1178        536.975        6.94953       -2.78061        317.182       0.282829        5.30169        71.7661     0.00279952   6.34029e-018   1.72661e-014   2.90060e-013   1.77213e-010   3.40807e-010   1.74834e-006   9.47316e-018   2.19439e-012   1.78588e-011   9.33884e-008   9.66965e-010   1.96634e-013   1.44894e-011   2.28958e-010   7.34586e-012   1.19064e-013   5.69860e-013   1.85118e-013   3.05426e-007   1.71031e-011   7.61302e-014   4.87498e-010   1.73546e-017   5.79286e-008   4.41215e-010   3.50717e-011   6.17057e-012   1.64262e-010   1.04582e-009   5.21518e-011   5.19467e-010   1.01610e-010   7.73748e-013   7.02710e-012   5.42693e-013       0.000000   1.18770e-013   1.69628e-012   1.69285e-010   6.00000e-010   4.67751e-012   2.84877e-012   4.61451e-013  -1.16686e-009   5.76595e-008   4.11705e-013   2.32432e-011   1.53668e-011   6.98440e-005      0.0135575  
      64260.0        85.0000        100031.00            10.00        11.3632        20.1073        262.698        5.04323        536.942        264.610        316.061        294.000        20.3129        9.10866        256.256       -97.3025        20.1073        536.943        7.07906       -2.73045        317.280       0.283597        5.30361        72.0112     0.00275976   5.48063e-018   1.51765e-014   2.88551e-013   1.76954e-010   3.37750e-010   1.74871e-006   9.61239e-018   2.22738e-012   1.77536e-011   9.33426e-008   9.53692e-010   1.92031e-013   1.43665e-011   2.27793e-010   7.35535e-012   1.03877e-013   5.67854e-013   1.71820e-013   3.05452e-007   1.72435e-011   6.93938e-014   4.85037e-010   1.55056e-017   5.81117e-008   4.41386e-010   3.48583e-011   6.11000e-012   1.63228e-010   1.03731e-009   5.16719e-011   5.19667e-010   1.00216e-010   7.62890e-013   7.07933e-012   5.47872e-013       0.000000   1.10764e-013   1.67694e-012   1.68453e-010   6.00000e-010   4.67084e-012   2.84047e-012   4.71713e-013  -1.10658e-009   5.78383e-008   4.04723e-013   2.31036e-011   1.53567e-011   6.91121e-005      0.0133531  
      64320.0        85.0000        100032.00            10.00        11.3749        20.0966        262.623        5.03988        537.182        265.222        316.750        294.000        20.2255        8.77138        254.669       -97.3773        20.0965        537.183        7.20225       -2.69048        317.352       0.284117        5.30086        72.2784     0.00272484   4.63053e-018   1.31060e-014   2.87046e-013   1.76949e-010   3.35058e-010   1.74908e-006   9.75312e-018   2.26104e-012   1.76498e-011   9.32847e-008   9.40851e-010   1.87324e-013   1.42455e-011   2.26574e-010   7.36078e-012   8.88589e-014   5.65690e-013   1.57749e-013   3.05481e-007   1.74094e-011   6.26017e-014   4.82508e-010   1.35800e-017   5.82955e-008   4.41500e-010   3.46307e-011   6.05034e-012   1.62182e-010   1.02803e-009   5.11702e-011   5.19958e-010   9.87424e-011   7.51891e-013   7.14125e-012   5.52513e-013       0.000000   1.02400e-013   1.65861e-012   1.67517e-010   6.00000e-010   4.66767e-012   2.83401e-012   4.82857e-013  -1.04635e-009   5.80181e-008   3.98185e-013   2.29788e-011   1.53509e-011   6.83431e-005      0.0131420  
      64380.0        85.0000        100033.00            10.00        11.3865        20.0857        262.548        5.01446        539.012        265.521        316.800        294.000        20.1390        8.10684        256.343       -97.4526        20.0856        539.036        7.28828       -2.67708        317.331       0.282765        5.27422        72.3076     0.00271951   3.71633e-018   1.08063e-014   2.85393e-013   1.78641e-010   3.33855e-010   1.74955e-006   9.93399e-018   2.30225e-012   1.75454e-011   9.32598e-008   9.31048e-010   1.81816e-013   1.41170e-011   2.26131e-010   7.32827e-012   7.20894e-014   5.62674e-013   1.42722e-013   3.05532e-007   1.77646e-011   5.61637e-014   4.81862e-010   1.14213e-017   5.84570e-008   4.41760e-010   3.46709e-011   6.01619e-012   1.61514e-010   1.02809e-009   5.11778e-011   5.20566e-010   9.80815e-011   7.50336e-013   7.27257e-012   5.57997e-013       0.000000   9.44220e-014   1.65358e-012   1.67264e-010   6.00000e-010   4.70582e-012   2.85001e-012   4.99366e-013  -9.81044e-010   5.81752e-008   3.93258e-013   2.29245e-011   1.54173e-011   6.75189e-005      0.0129197  
      64440.0        85.0000        100034.00            10.00        11.3981        20.0744        262.472        4.99040        540.749        265.271        316.210        286.000        20.0538        7.81091        267.364       -97.5288        20.0743        540.762        7.37629       -2.67409        317.295       0.281736        5.24800        72.5359     0.00271157   2.87654e-018   8.67428e-015   2.83820e-013   1.80128e-010   3.32786e-010   1.74994e-006   1.00985e-017   2.34130e-012   1.74448e-011   9.31937e-008   9.20928e-010   1.76476e-013   1.39970e-011   2.25228e-010   7.30420e-012   5.65934e-014   5.59655e-013   1.26741e-013   3.05578e-007   1.80868e-011   4.93740e-014   4.80238e-010   9.33113e-018   5.86293e-008   4.41831e-010   3.45587e-011   5.97298e-012   1.60663e-010   1.02232e-009   5.09118e-011   5.21235e-010   9.68995e-011   7.44200e-013   7.39326e-012   5.61799e-013       0.000000   8.54083e-014   1.64511e-012   1.66490e-010   6.00000e-010   4.73334e-012   2.86021e-012   5.15298e-013  -9.18104e-010   5.83440e-008   3.88676e-013   2.28736e-011   1.54625e-011   6.66457e-005      0.0126899  
      64500.0        85.0000        100035.00            10.00        11.4097        20.0632        262.395        4.95978        542.966        265.364        315.952        286.000        19.9700        7.55579        268.030       -97.6054        20.0631        542.982        7.45071       -2.69049        317.210       0.280298        5.21312        72.8606     0.00271293   2.09651e-018   6.63585e-015   2.82294e-013   1.82066e-010   3.32440e-010   1.75031e-006   1.02612e-017   2.38078e-012   1.73491e-011   9.31042e-008   9.11883e-010   1.71058e-013   1.38836e-011   2.24224e-010   7.27336e-012   4.17825e-014   5.56337e-013   1.09553e-013   3.05628e-007   1.84439e-011   4.23826e-014   4.78481e-010   7.27901e-018   5.87999e-008   4.41794e-010   3.44149e-011   5.93225e-012   1.59804e-010   1.01506e-009   5.06005e-011   5.22074e-010   9.55835e-011   7.37654e-013   7.52999e-012   5.64346e-013       0.000000   7.55371e-014   1.63913e-012   1.65528e-010   6.00000e-010   4.76789e-012   2.87443e-012   5.32648e-013  -8.56317e-010   5.85119e-008   3.85098e-013   2.28549e-011   1.55157e-011   6.57183e-005      0.0124520  
      64560.0        85.0000        100036.00            10.00        11.4212        20.0521        262.319        4.94229        544.235        265.684        316.123        286.000        19.8873        7.34475        272.536       -97.6821        20.0520        544.255        7.54417       -2.70843        317.148       0.280203        5.19029        73.5612     0.00269715   1.45890e-018   4.96177e-015   2.80975e-013   1.82903e-010   3.31607e-010   1.75049e-006   1.03796e-017   2.41308e-012   1.72602e-011   9.29442e-008   9.01151e-010   1.66319e-013   1.37874e-011   2.22236e-010   7.27249e-012   2.97341e-014   5.53456e-013   9.10939e-014   3.05662e-007   1.86558e-011   3.48750e-014   4.74515e-010   5.45689e-018   5.89932e-008   4.41436e-010   3.39397e-011   5.86816e-012   1.58528e-010   9.95644e-010   4.96809e-011   5.22838e-010   9.32004e-011   7.20525e-013   7.61784e-012   5.64057e-013       0.000000   6.39294e-014   1.62270e-012   1.63554e-010   6.00000e-010   4.76897e-012   2.87074e-012   5.46486e-013  -8.01255e-010   5.87035e-008   3.81296e-013   2.28093e-011   1.55045e-011   6.47622e-005      0.0122126  
      64620.0        85.0000        100037.00            10.00        11.4328        20.0408        262.242        4.89909        547.381        266.209        316.226        286.000        19.8056        7.12754        270.408       -97.7590        20.0407        547.395        7.59062       -2.76801        316.957       0.278132        5.13852        74.2022     0.00271624   8.59105e-019   3.22144e-015   2.79595e-013   1.85627e-010   3.32782e-010   1.75076e-006   1.05275e-017   2.45174e-012   1.71767e-011   9.27915e-008   8.94290e-010   1.60896e-013   1.36928e-011   2.20841e-010   7.23297e-012   1.70777e-014   5.49523e-013   7.09199e-014   3.05715e-007   1.90555e-011   2.74244e-014   4.72088e-010   3.64472e-018   5.91634e-008   4.41104e-010   3.36653e-011   5.82957e-012   1.57593e-010   9.83086e-010   4.91656e-011   5.24039e-010   9.14282e-011   7.11097e-013   7.77912e-012   5.63013e-013       0.000000   5.14945e-014   1.62037e-012   1.62017e-010   6.00000e-010   4.81238e-012   2.89036e-012   5.66032e-013  -7.43216e-010   5.88726e-008   3.80016e-013   2.28597e-011   1.55662e-011   6.37240e-005      0.0119598  
      64680.0        85.0000        100038.00            10.00        11.4444        20.0297        262.166        4.97577        541.811        265.222        315.975        286.000        19.7245        7.91859        268.666       -97.8343        20.0296        541.750        7.84160       -2.70439        317.242       0.286468        5.21450        76.1960     0.00257380   5.95021e-019   2.84919e-015   2.79069e-013   1.78984e-010   3.26250e-010   1.75029e-006   1.04365e-017   2.44716e-012   1.70988e-011   9.23933e-008   8.70170e-010   1.59751e-013   1.36487e-011   2.14442e-010   7.40955e-012   1.51116e-014   5.50226e-013   5.02980e-014   3.05659e-007   1.83948e-011   1.87789e-014   4.57804e-010   2.52486e-018   5.94754e-008   4.39691e-010   3.17096e-011   5.63917e-012   1.54281e-010   9.10765e-010   4.54604e-011   5.23655e-010   8.43971e-011   6.44200e-013   7.55398e-012   5.54730e-013       0.000000   3.55607e-014   1.54147e-012   1.55926e-010   6.00000e-010   4.61804e-012   2.78124e-012   5.56346e-013  -7.16353e-010   5.91869e-008   3.70274e-013   2.25291e-011   1.51954e-011   6.28542e-005      0.0117452  
      64740.0        85.0000        100039.00            10.00        11.4562        20.0194        262.093        4.98320        541.270        265.261        316.112        286.000        19.6445        6.74332        256.241       -97.9073        20.0194        541.283        7.96375       -2.72826        317.216       0.288865        5.21355        77.5695     0.00252910   2.66325e-019   1.96466e-015   2.78237e-013   1.77753e-010   3.24734e-010   1.75016e-006   1.04603e-017   2.46381e-012   1.70287e-011   9.21036e-008   8.57086e-010   1.56525e-013   1.35924e-011   2.10628e-010   7.46565e-012   9.02926e-015   5.48265e-013   2.73435e-014   3.05664e-007   1.83008e-011   1.08132e-014   4.49725e-010   1.20418e-018   5.97004e-008   4.38737e-010   3.06189e-011   5.53547e-012   1.52268e-010   8.69188e-010   4.34172e-011   5.24279e-010   8.00988e-011   6.07415e-013   7.54590e-012   5.48153e-013       0.000000   1.96249e-014   1.50672e-012   1.52116e-010   6.00000e-010   4.55789e-012   2.74545e-012   5.62967e-013  -6.77817e-010   5.94134e-008   3.66460e-013   2.24434e-011   1.50616e-011   6.18803e-005      0.0115132  
      64800.0        85.0000        100040.00            10.00        11.4681        20.0278        262.022        4.97975        541.518        265.072        315.846        286.000        19.5820        7.98263        252.522       -97.9790        20.0279        541.517        8.07365       -2.74721        317.148       0.290137        5.20321        78.6017     0.00250403   3.23837e-020   1.31590e-015   2.77749e-013   1.77446e-010   3.24026e-010   1.75010e-006   1.05209e-017   2.48479e-012   1.69810e-011   9.18815e-008   8.48085e-010   1.54159e-013   1.35505e-011   2.07849e-010   7.49392e-012   4.47152e-015   5.46460e-013   5.92167e-015   3.05668e-007   1.82865e-011   3.92479e-015   4.43745e-010   1.45766e-019   5.98565e-008   4.38072e-010   2.99317e-011   5.45254e-012   1.50670e-010   8.41536e-010   4.19704e-011   5.24913e-010   7.67436e-011   5.84289e-013   7.62305e-012   5.47649e-013       0.000000   6.09340e-015   1.49768e-012   1.49522e-010   6.00000e-010   4.57582e-012   2.75694e-012   5.77612e-013  -6.53609e-010   5.95705e-008   3.62616e-013   2.23594e-011   1.49311e-011   6.08684e-005      0.0112846  
      64860.0        85.0000        100041.00            10.00        11.4806        20.0620        261.959        4.98202        541.355        265.114        315.922        286.000        19.5413        6.43755        249.528       -98.0419        20.0622        541.361        8.13628       -2.71902        317.171       0.287397        5.20678        76.3973     0.00248853   3.22529e-022   1.40442e-015   2.77669e-013   1.76997e-010   3.23069e-010   1.75024e-006   1.05071e-017   2.48412e-012   1.69645e-011   9.19369e-008   8.46768e-010   1.54687e-013   1.35331e-011   2.07350e-010   7.44807e-012   4.59844e-015   5.44533e-013   3.18884e-015   3.05670e-007   1.84266e-011   2.97565e-015   4.43141e-010   3.56565e-021   5.98415e-008   4.38311e-010   3.01038e-011   5.42826e-012   1.50460e-010   8.46395e-010   4.20539e-011   5.24693e-010   7.63926e-011   5.89539e-013   7.67020e-012   5.53290e-013       0.000000   1.48642e-014   1.51518e-012   1.50134e-010   6.00000e-010   4.63544e-012   2.79401e-012   5.85929e-013  -6.71715e-010   5.95546e-008   3.57248e-013   2.21850e-011   1.48425e-011   6.04852e-005      0.0112249  
      64920.0        85.0000        100042.00            10.00        11.4927        20.0639        261.891        4.97879        541.588        264.986        315.732        286.000        19.4745        4.43869        247.551       -98.1099        20.0636        541.581        8.14267       -2.74059        317.163       0.282352        5.20403        72.8864     0.00247126   6.26119e-022   1.41885e-015   2.76952e-013   1.76334e-010   3.22693e-010   1.75022e-006   1.03662e-017   2.46415e-012   1.69200e-011   9.19567e-008   8.44364e-010   1.54030e-013   1.35051e-011   2.05833e-010   7.38581e-012   4.09947e-015   5.40343e-013   3.22911e-015   3.05677e-007   1.86841e-011   3.00921e-015   4.41316e-010   3.86037e-021   5.98833e-008   4.38212e-010   2.98579e-011   5.41033e-012   1.50253e-010   8.38358e-010   4.17735e-011   5.24560e-010   7.57058e-011   5.82608e-013   7.56074e-012   5.43813e-013       0.000000   2.67681e-014   1.49723e-012   1.49597e-010   6.00000e-010   4.56277e-012   2.74907e-012   5.76193e-013  -6.77076e-010   5.95967e-008   3.54558e-013   2.20770e-011   1.48498e-011   6.04201e-005      0.0112356  
